1000 1000
-656931 -158458
176786 401057
-188196 -78458
-306135 -237665
360112 625609
-679905 420196
455057 -419801
350423 -989607
-448791 -831481
739488 -214965
261540 -925109
-740914 -849645
4648 148257
703859 935406
83099 115599
-952523 -362801
-645063 690107
-543004 265770
72771 -858318
58090 -612693
801891 -434196
156597 110670
370368 -934132
-246173 -390299
-24166 -760106
-579882 -197792
160815 -146285
986163 -967917
-228598 -595367
257413 -207418
-34403 -781632
756217 -231780
-779520 575912
-148550 -468515
365622 850821
782272 133860
-177036 388473
611226 -83416
464826 474385
-366547 276563
579960 395016
898954 -191493
-956969 939110
-736341 -219005
385103 793034
-751717 31404
-715113 583896
-610615 651601
-325461 -328874
9300 481430
-407551 -779327
304111 -153121
-546061 166635
-869180 445578
-757510 483631
721365 474021
-535857 -317006
-391583 -591058
-636066 17484
944661 -891529
-911316 345558
-7983 16281
-658380 -591660
-23245 -829960
-569244 264211
406354 759774
451778 923072
-917779 340680
-310323 -372360
445179 498445
339668 -802856
-815527 75825
888471 -112840
484443 -169777
-306246 -838221
-383031 -737066
-647951 -167017
557015 -882397
635763 884957
-759431 -250615
-858836 776963
-146329 271320
18743 -536137
389347 255271
937722 492993
-505142 -596088
-422070 73504
118024 594108
561057 -20223
27856 929163
285199 -985252
-52219 -657553
-636832 -251659
-299367 249442
815727 298309
-481730 377835
-579330 265106
-278129 241912
984395 -841699
-666545 684626
939486 -719669
332910 -364536
-964002 764665
-438119 222526
714161 -198900
-947071 53882
-891997 415691
232508 225316
939768 232995
342549 -228823
629528 -674375
265370 -69918
67512 399026
591543 -891382
-869636 347901
997633 -402297
730006 6633
79338 249773
618302 245543
512955 -858052
-278686 -570993
-561916 -49334
572932 -334213
-185970 379740
893094 881691
352291 -874621
659639 814178
-802082 962410
-122440 647703
-719383 595210
667685 908748
316234 27359
-831148 322510
147751 -465352
-246617 -507091
963725 -262970
857348 478976
-586023 -506480
918310 631986
-832399 916869
-549860 227105
530609 -370407
-349201 142835
710305 -800717
-851382 634570
2127 881836
900882 265177
929633 -398895
281575 286573
-293669 -452314
-444270 571642
671701 -634413
294239 789302
755446 849768
-609873 -582337
321572 -538426
-956098 567538
498315 680239
354162 -113252
930042 -114566
193639 622922
-846645 -766690
-948919 852956
177433 -303529
140640 612795
873654 -697976
-576175 -781811
227594 490243
-515252 913042
21206 374421
988557 9986
-778573 761147
-65714 73376
464004 210485
-60749 -76429
96421 -454434
-951021 982034
900850 -611206
-372981 177605
998731 -378140
-927275 366651
-356902 -562473
235547 287219
-572759 -900333
-53586 -12177
-147356 777934
-158051 -325190
-27231 -653995
-832232 -785331
-274369 288629
800798 -238509
420411 -933910
-434078 -809707
426754 614773
-522722 -439660
81992 -780235
-529323 915906
559386 -886434
691801 675540
182375 804680
90846 402953
-95205 994179
-345824 280706
933445 -70548
-846438 67747
-759661 -700929
-657644 215854
470370 -322424
-5301 -535081
-404113 -799405
-913316 61218
-678673 -810188
-784242 -860501
-617469 909382
603551 823457
-704340 410874
-906377 100865
885971 335936
-955082 -234867
414762 724215
466828 -920581
256300 356069
398046 977810
-168603 241486
879614 974879
858750 -659455
-428369 229887
159798 -134728
675547 579408
-874448 -456779
602317 -142974
-94139 575340
282320 -729881
-987958 -790503
233777 -898065
-303142 -416308
-98985 -462087
689158 130812
361374 753434
443353 415032
-147249 699710
-797986 991758
143087 -784923
301814 765363
-222032 73302
661836 991582
-191078 -777075
-87039 -674514
590820 699187
-932825 -780354
-384405 -2961
390945 869963
334458 994881
970934 719586
533446 -508115
982405 -828227
-580544 -127840
558066 141154
115603 -30707
183860 -193357
4920 -220778
361975 425818
429719 -503550
-798016 310117
713634 -27846
-472856 -16653
-5105 -734047
204974 -821998
-919041 -818742
-978220 556031
20618 -106458
-339128 124354
270563 129070
52223 290391
984139 653497
-296586 342377
36894 -513621
910285 -928594
-399865 -85595
-486312 960993
866755 -546904
832068 -975819
-156908 -853569
-779717 559890
722072 422065
-617404 -757968
437861 -559716
67082 -876699
-627462 521790
992411 -78699
-411662 45022
-116432 -469350
-235250 -194528
-658891 -894647
534658 396621
468902 775657
789635 -559696
729504 597496
720434 933149
910022 480089
-332967 -309027
-663621 -771603
-66757 -647587
417379 -383789
149792 -312418
-608089 -509328
262773 586733
294392 596893
695709 737890
739296 589708
-190951 276637
826181 -408567
664620 23769
-52319 -7806
986762 -748891
-859547 11447
555445 -744199
71105 805081
-42677 52903
325474 -412496
-205962 -895478
769846 -386184
817364 617446
-761583 837917
929584 -513471
-457050 -218034
-161929 721831
421099 -534511
-935476 -176967
-192079 -615199
-386737 -484974
-5193 604311
438679 249384
-361079 228840
-668281 -619135
-117802 -884042
219731 -721084
-66397 -304613
-323052 153920
-262893 493699
217509 -491295
-874589 848904
-889927 -963117
440862 297225
647448 420357
103592 -952358
-845607 -21542
617417 60470
-902916 527442
-346371 -521236
207210 791516
570353 -869598
553084 -270647
-379221 68464
59166 75178
-138011 396396
470371 331875
685813 770033
759082 -521614
-366393 -797479
-792865 -270260
776518 89957
845530 826111
163558 595328
-676711 -171519
-359641 154420
-998840 643611
720206 248938
-954424 -293639
-251265 -771892
59733 38119
-102401 -133884
-833505 -932611
263669 -325916
-365211 -923558
684838 428822
452386 231527
305690 -417586
116185 -205791
594570 -335322
378728 -599438
252215 -408994
-622251 -975412
-888139 -480795
535337 -213394
157595 616442
-226352 885085
-537174 331835
196211 324545
-757391 791000
-644969 -279079
7764 202911
-792182 305809
-953246 -707746
-419579 312161
-979271 -255427
928520 -173566
566157 -722411
-837547 -378098
-75332 -584332
308575 -15885
142462 -200123
6789 -693577
165750 586719
600951 129925
913563 -764509
-545503 58610
-246702 -972645
232191 286393
714463 698625
230218 -197845
326249 136727
583598 -759723
-855926 -42210
-802596 -113025
-520141 -734647
-340757 -106207
926280 -131114
203856 -275136
25389 36090
964992 505556
658120 -332512
-451842 -473072
-368513 402001
646287 311214
-646236 310038
-61741 355569
-232701 917102
-961334 845246
679486 680789
-754109 -457507
292213 -8632
659944 -228831
-926692 369509
-262414 30002
897697 856347
447307 211445
-929056 953954
-888033 691556
31331 -835058
383056 780400
-341717 -800997
-248077 19869
712898 446400
-793993 -798852
826241 407933
-406336 236276
-343105 397232
597374 713441
-94832 626591
-462522 198295
248556 -677628
967914 202108
352382 -732507
72247 -813196
783891 697638
516728 323955
-935173 654077
-182428 -207907
-987717 379483
-679817 902800
-466611 227116
880240 248182
37858 848993
97030 6859
-560999 -839645
980215 901271
141548 -195432
526794 -934536
-825264 556546
-886350 494483
346136 861231
803165 734410
-419741 362343
-710312 -464555
-832442 -606547
921109 -364809
908656 559184
-99736 -769436
967009 93947
-494430 655887
948869 52631
-563641 -761955
9123 -170634
-645085 -901684
-929922 20336
581042 -451678
807691 -203274
221623 -890618
123800 986750
343876 -233729
-208963 -784665
480187 -95626
-147821 319577
-364069 542171
248752 542050
642643 -776819
139002 -97574
607294 276844
908725 93400
2564 453346
418304 655979
-930073 -89833
430034 606557
65134 656947
-34254 253956
624030 -199944
872852 -214518
-700730 -646645
976995 958157
-713172 -671027
-477687 737566
552358 368321
-656274 -925266
101045 -227100
184400 -509187
-633909 843364
-519853 -624162
-258552 32790
-644901 547672
964654 134301
963718 -66262
-179661 -345610
678095 -877485
-511948 -807665
876982 592460
393356 -743097
242128 -909288
-807055 352897
-859494 -397241
-111763 -861549
-894604 -862542
-355934 957282
-412591 984516
-963161 413505
917622 28748
-663344 654546
288948 342255
424681 -855409
777820 912702
43815 -838045
-461098 -507391
-255158 671281
950522 744422
916452 -49124
-831087 -883324
-52640 986172
-579002 -162742
-340815 -749003
-103606 -726044
-922841 911172
578346 409955
-378271 913121
805615 -412577
686239 -621486
-228997 426788
-349377 96630
924751 -168683
-449094 -131272
-312510 745635
674501 755921
-722270 -636096
8623 676449
-519108 -70368
997277 805273
-895681 317152
998639 -114028
587246 308783
-495463 6312
-55686 752926
905308 -704755
-803384 569288
19403 199535
579742 -417733
-214805 -901347
384688 -154354
-180207 563263
683217 -991356
701979 337323
-727014 590886
538549 -47517
543928 -376847
-766201 -72009
-916877 307077
-644957 739216
654503 33581
-503793 -782692
406596 -627873
-796764 -93790
171481 274797
512708 -497744
-389882 -917231
-562784 106886
521842 -752074
-23377 -852414
-218486 740703
840191 8151
-882487 -193944
-727592 -236935
-756032 734411
260121 236714
717239 269824
-541692 108498
533413 90370
-15317 -319644
727825 305006
-998646 -874322
410377 -759858
-222429 38633
-289153 446318
781773 -957457
973376 978672
-873138 -509182
393293 383509
-742842 -604680
974014 -884478
-158279 -541335
-283372 -898921
395962 -3494
-320877 658278
-897022 845185
626586 -856412
-452670 -52483
-176600 912311
-559681 -151396
925603 -7845
-959804 -133338
-545421 -215119
-154037 631809
-876389 -361708
59512 -450016
-792136 491230
648756 -934823
732229 308705
799747 948433
620963 2842
774068 -67228
925321 -516066
-75871 -221963
844513 882268
-841878 919779
698150 712756
533774 674630
-293598 616155
810228 -696809
748777 942053
163999 633279
281083 940006
605897 989567
280251 352697
388729 868641
842864 -619758
580724 -189816
-303869 870506
74280 -974147
-548830 932111
-280911 -169049
-605057 -477289
-8886 -261261
661454 -717631
-229071 53596
-283105 -250097
427295 941199
444981 -884590
303901 976715
104643 -175607
855488 864926
-273752 -813378
938853 -974423
142868 910963
-621216 -413067
-785752 -632900
-750822 -395769
-72869 44631
-577298 377209
870356 -316764
-776213 831479
-287890 638902
-532839 -191466
463751 -716971
-2030 -629465
-321347 -837028
-875089 971493
-524807 40189
-497572 989200
-648285 457897
401055 -707612
-677130 -480126
-218358 -502626
701420 60428
387014 427869
999026 -726171
128224 632787
477781 211820
64388 605057
-108090 -866066
-639750 510274
-139018 767378
-515535 -18205
900493 -584269
-141270 145376
-437365 619467
811454 527524
-460785 228790
-804904 952463
-920674 -760511
-155285 959875
-761216 -998312
-156499 286941
-840602 461476
-125510 -703718
-801204 563885
-138385 870421
-649313 209926
538974 -46547
705323 161463
-20980 856352
-317754 -16753
765038 -151932
-686873 -834155
794975 -666078
-469483 -949165
820487 568728
263788 667927
-730203 -633321
-842454 -260475
-675312 -852652
-631960 -48372
754479 -544531
31471 -866888
-66848 -266384
491923 12286
366448 -161563
-689764 878751
-356091 632770
-166462 205350
-438799 -934591
-815279 -687823
776844 654225
-247066 476729
813024 676734
-639626 524395
-721077 148467
679438 391089
939769 603453
-16773 -815207
185571 5159
-209042 -300253
959887 527390
-400285 -366235
-485008 884677
-598664 609784
728627 -640094
705363 -711156
779878 34150
-270319 402291
-1354 -693465
-683226 685724
666859 875382
-305990 115000
960523 366969
-299031 -775761
957675 699182
134454 198345
-854832 -439497
-653178 618870
730796 510927
-452201 -594284
827965 -861017
700567 -657137
-598067 806413
-342178 -871737
-832148 284644
974246 235083
521812 -671111
601064 29204
92957 -179549
-797128 990951
839314 153536
-114183 441118
-108738 -348288
-850003 352585
-711082 198065
-481471 -60081
460121 607718
795836 627436
-452648 847328
97380 473893
541290 -285801
-963234 348856
593849 274344
-3863 86936
601804 286484
-573570 301751
452718 152320
-416049 529110
-350667 48218
356918 786695
-731558 560299
-890054 184676
285470 791843
554324 159830
-595513 -15860
-339105 -887881
125105 9693
-624624 18986
-435771 295499
206000 -995570
-154553 -298510
372561 -931116
294671 -419925
-973362 255692
904124 815188
628163 -823743
-722057 -246063
-91256 -567947
-332562 72832
66866 834119
891246 -596827
-29750 -979475
-73425 -886438
-778008 -494983
-38789 -950583
675807 -873317
-460437 194976
139328 740284
116278 -954391
231838 -818956
903302 -455938
984954 330824
-419345 612007
-163300 -63797
-13271 -933930
-899723 -9607
733743 237261
451783 -915201
429590 -286862
-964588 908215
725073 526878
-347579 -507627
-759970 904847
-501528 944459
-508565 463844
767591 51152
-65807 814471
-775317 112966
402902 676016
-279044 54654
-75654 -161359
898920 788717
-327477 191009
902120 -584210
-972 -747349
182426 -829517
-544600 -212898
-273696 -374556
472856 267752
-691648 854168
-776238 43996
-443887 336826
-169224 838960
867033 176687
78357 245249
-454119 -602041
-996153 -916744
677034 18994
91693 -243546
-685433 579580
-927483 706493
354028 781969
224761 -822193
699552 350340
685972 -228674
-283362 328294
435598 906772
716764 544742
-18268 812776
-162021 -962593
-752156 -218437
309434 -640686
267118 -21314
190110 -346613
-545528 -874864
-667192 714966
-244528 -519522
-799724 721085
454155 -711511
-289778 -659395
-377494 -557669
-932255 -597663
239627 190615
117170 273824
-924475 -933789
571389 -485975
424539 782511
239588 179180
238327 407648
681956 283289
899473 -228535
26533 296589
870713 -321295
-726264 -740008
956875 -653787
788919 838254
-650871 92507
-60847 -839625
761545 259775
-268599 888408
986635 642527
-682213 -260974
832035 880367
-150446 -894497
254100 -800786
501787 -736223
-199443 868945
-267216 711874
388068 -21821
-882340 -847960
-689568 -319724
-324932 565891
273776 -510014
-159013 596564
932435 294479
-480030 -62684
-80450 -273367
-710177 -263478
-176953 549536
-904275 -295460
-519954 712438
4223 -69691
19394 -1838
122341 -309391
853244 -840613
77778 -764648
454718 662389
291367 8026
-252516 -410169
77720 -539821
43477 381185
739748 621782
764851 77047
351343 -803581
972022 233842
-218023 -744043
-161132 141226
341442 -161731
-505783 -170305
698791 -75537
168074 -862102
-319984 945742
-555352 117070
557361 92129
-145394 -799761
-211696 -246073
-673143 -116679
-819955 -374212
-457832 731161
-52496 -148957
262877 625817
-644365 -124952
-493714 675995
-512107 695065
-152758 -752297
-309455 -87838
620562 385310
-115109 -31096
134066 488092
887928 83116
155262 -255576
265035 69543
125575 737906
-3317 396378
-590498 487727
-978029 719877
70601 361520
896495 414748
149835 -793347
-43663 581636
-709066 724649
-799603 242940
-384442 871621
860109 322205
-735280 935141
-647019 803701
290405 631964
-49684 -247142
-378087 -827405
-802026 317638
218147 -201003
-724781 -302537
304677 -725720
-790592 958921
702028 -471452
-110484 366442
-182063 621920
213666 609498
-911717 -958862
807978 -909068
644236 -750865
445145 -462963
418954 673117
229210 942553
973606 650129
-519806 -209316
699429 231594
639610 454604
647330 602010
-813653 293939
-209711 351311
-613167 -344115
-667178 -626551
399979 -348460
-509358 167195
215827 -488880
61922 608518
181447 751769
-214096 -10864
-559902 -609057
-403145 -258682
-614415 101242
-228876 254353
-238397 -500282
691089 -106299
-259983 -536251
-190454 859097
-743079 561768
-88754 -77837
897092 -268692
-390608 442226
-157679 577469
855796 -841456
991290 509102
393591 391110
256359 -719243
-1735 -483014
158505 624609
-628088 -937726
-506739 -427245
-965841 944346
-827513 -20253
-38002 -472710
-394685 520303
479003 -79944
141312 -59358
-400602 -257933
343390 961763
441284 515904
454182 -930105
960862 -744962
-197686 31339
556123 973439
-866280 581761
791587 282032
969549 622583
231226 -151168
-537348 57318
-431969 884263
-904176 -975737
-99116 -511354
39148 -945243
685458 -464203
335165 627946
-519649 -999995
-515675 -178608
958575 -979662
255066 387008
-502602 624068
-542104 -377847
-624248 806776
548965 465129
-191379 511581
-962480 -592956
-816270 361514
-884750 348943
91828 -522351
842071 79215
-664149 719690
313792 -664023
-416431 -710846
-539355 -492045
-869040 -409350
-272982 192333
-973457 54928
391762 496263
760436 577913
575550 -313829
-700589 -254156
-83789 -631609
-56446 431231
886796 545922
-676956 -563983
379535 491761
-698019 56800
492176 458149
227759 176008
368377 310539
888091 -882547
873687 28151
-992235 -346853
690027 623618
828672 171544
-449682 -721073
-190985 -29888
564777 471289
72162 -527886
47303 -632797
-987108 -435194
370074 -311994
511230 -395131
868347 137434
-345507 -978575
-83379 997429
-324822 859566
661429 8060
141539 441769
-75344 925171
711947 798645
-739472 -468578
-71211 637558
295263 384153
-856219 -366180
-65489 -127162
567213 -234889
-260939 -766699
851962 316252
704350 240483
-890821 -547643
-654770 19628
-271975 -47944
-966004 999439
367060 -355316
844088 -316999
535433 958704
-961928 -442733
851666 530984
421753 582572
742527 510641
-385754 417384
-405681 548453
553305 900935
-958422 934564
-565675 -434592
-70654 413058
757729 -417634
261451 -509837
576993 582069
-142503 909273
585605 -660413
-946518 496164
-18363 427754
214839 -890402
-80995 422088
961860 -208532
508045 -538979
556142 -703245
-574228 -575215
27569 -233651
718576 264694
406347 860258
244036 517537
-864390 992425
499408 730873
-653552 -908357
-781645 -339552
-36065 280672
385888 -73860
278609 -187055
944817 75628
-52835 -639568
624610 -713850
228304 374663
-920541 428807
-366536 837687
-313340 268946
334252 441186
-425798 542746
-452880 -886171
-416931 -484882
-244713 488438
93077 -18504
-30544 751464
-222202 -146282
-587574 -796831
549469 -495342
-101727 -975735
-766175 371324
633020 -396210
-113948 436596
395973 -747910
99758 16787
-653531 -961543
-321163 -905831
495099 206490
-604908 129950
774813 488441
848049 570609
11339 29329
-399580 840316
-390227 330992
516027 229976
-589161 -727338
-579110 -292270
123740 -263581
661922 -822240
298418 759045
-997932 960195
-349184 -824250
-236530 375518
244399 728942
680227 256707
-425083 954199
728483 -152794
151567 444463
205543 -109988
-157542 857035
-757457 673059
-911680 580489
789216 267944
3061 -492446
512394 414263
206153 122626
72737 -253964
-682177 816654
679066 -364619
-2946 594694
-296272 202095
244153 -400223
-116089 259950
829793 -555073
-226824 101288
-840247 406175
824424 -36002
772256 384672
-795133 676084
73082 -181667
275194 62088
-229876 712111
-570191 -803888
-873458 -248
885178 449946
767323 149996
-112337 546543
-962466 -271640
-498 458440
848027 -99680
-511480 566303
661480 942311
-272207 -310208
385847 552246
-557369 712027
536589 232688
-270419 -658590
777391 73815
375619 1586
746932 -867734
852617 -285909
765800 -257874
529771 811212
709210 27990
663920 -746608
-683062 -518160
-489542 249444
420688 531859
-870322 521264
-795046 948625
-959508 808406
113737 -77321
-50958 -253657
-826844 486201
993591 556589
-180130 -876257
-915676 -339184
-35294 239641
589766 315079
-488482 286639
-635204 336111
-312857 -774254
515202 -105961
-592775 -354787
61406 420960
-578258 86538
-763996 927605
455447 -299949
719178 998831
958306 -361706
-36747 969650
-380355 -428837
836065 -551824
5660 57396
-321149 -632761
638566 868226
881990 -907154
-631553 -10977
749139 -965790
200161 -548419
-490214 -250364
-958064 -288059
187438 90930
320794 833911
-555983 -479724
-516378 874084
-344772 -54029
824174 -204723
225967 -383130
224512 -79911
348237 -994637
5284 947727
-355795 -376197
-717608 18524
8951 -344831
-386450 -166210
676794 -968194
943615 473729
-162511 145413
-217299 -468640
-332382 980789
450972 981294
-146489 423654
-944169 -27401
784950 -431302
977946 944947
-767400 450029
737077 209751
-769689 -567157
443220 466976
-665701 219720
-890724 277514
-853175 -184694
386854 -579677
-510302 -970195
-941930 188100
-191389 -531387
45742 38792
644535 863918
998871 814009
480860 717661
-105238 -239623
851516 -845811
-56588 170903
-883175 408884
433821 377967
859788 429213
-233200 -616951
55240 653967
519987 -636164
-299542 -509353
-846085 -588400
-613168 970118
-81146 18983
-638943 -260710
908476 123298
444318 -722288
-681350 514743
842970 987673
-302129 -522559
909995 240668
223925 829629
345454 -263733
-112562 -422581
835336 -621253
-919009 608263
867279 -880464
-232796 -924922
-137204 -559841
-840240 283005
-720941 -787239
-807466 -503627
-261958 713794
-633130 -663327
-529801 467802
-56749 716079
432266 -404444
-95182 -651227
164579 -802594
194252 780363
-235937 -652009
462367 272188
-841980 -105611
254929 260537
891310 914185
3330 -47522
884719 -649777
519667 943001
643447 -910164
403710 -15016
-342434 -237859
330474 -132109
835845 -543719
844718 317621
-465030 275867
910983 14260
-772119 554863
134291 -491380
-21062 -139382
-239913 497583
623414 659380
-572501 -137288
464874 -377305
-596864 227437
-747766 -925270
-542784 -193811
3654 804500
-599165 -917143
-393482 689636
-146085 -225277
999661 752355
610675 -239552
-933865 -615060
-37421 -352969
-111360 459359
722823 -891805
-35977 758733
175504 -379148
-984300 -494673
845120 -625252
512945 -132338
896285 -21273
-453004 421091
-454606 -433289
257091 -263825
-188059 -869166
-245818 -920562
518611 452240
280545 918416
92235 584242
-16425 -122904
521691 -212988
568420 737408
-674314 32125
-757548 -116769
510579 -471374
-362123 -695138
-907002 -62615
-393222 363650
852440 -577136
901474 -893151
678433 -183232
-148437 -897248
-225106 955108
-377833 -227595
981826 -23661
-143442 890883
-355835 -468120
811525 -160142
-362195 -901560
448887 188589
-825283 -954926
923038 -280116
-288706 677914
624764 -318294
-246105 105088
-699235 -474396
116981 553791
-648549 -122658
302632 -270022
455938 343916
-86707 751966
845281 -392497
960985 -428208
795375 394738
490573 -38258
870564 -725750
-883632 -777180
776838 -664736
-671624 979747
-580598 -276912
-270010 593086
-253065 -290531
15697 -63996
-549371 -793376
49689 -366143
244525 -503621
549899 -106661
-98200 -786909
290075 -785510
-488545 -417304
551166 381573
131204 -158894
-509307 -233821
47085 -379028
-649255 -567780
-410615 420865
-853091 177963
-3404 -403371
-234340 -79706
818949 -621764
881995 -717784
-791126 -720861
890418 654791
562814 762177
-553123 963200
-342140 -884561
863202 817882
499288 -354470
210668 367336
-510193 259027
-275782 101786
858072 -141130
-473586 515848
-586046 710096
-240670 -960540
-982910 725433
-422592 -986357
-157937 727097
-999177 925178
260229 341052
-155051 606335
729876 36305
894787 60171
89253 826634
51208 -740551
961199 764546
529629 333401
290370 -18846
504688 455284
387928 176113
-648751 -181363
809941 -720020
627022 -632573
-292471 266276
-872823 -968570
460473 -12981
-515701 866697
-724852 -88960
997523 25646
-636627 -155209
-567676 -40877
987583 -221979
769971 648897
535788 543103
-396797 195225
944627 530443
153228 826376
-311691 220681
-770052 -544802
-986504 536932
-406148 885845
752359 -657783
704476 999402
295546 -256734
-429912 26345
58343 -128899
284081 110643
467873 -948687
-56554 -364189
-108773 -455404
-498418 126608
669676 938142
99506 634602
302697 374874
115708 -109648
863415 967051
635702 514174
610991 685014
-593279 -617160
-833556 -100913
532854 -691527
-765890 -905328
-668601 -412122
5481 218835
-281074 -730017
-164688 473790
920819 -969963
-122164 -744259
124642 544277
-510863 -89348
34250 -486732
834755 -396668
502642 -273361
385931 -693998
186200 421127
-773735 -766426
-453144 151131
-282023 -320152
-376287 -427131
59210 53873
-251255 -700824
-49985 815886
-866742 -768632
17044 159372
-213550 488519
103037 -85359
556653 257430
386753 -935991
933868 -85411
618213 -326544
809218 -182505
-131975 141320
-125927 -3189
274198 960066
959612 941374
-969957 -205926
-521569 322939
-850196 -160781
652296 928787
-76568 -461043
-664428 -981528
81931 436749
265996 191278
-817262 -48891
-624918 -834815
799141 -810594
327845 -242302
-386086 980153
814569 759168
-853028 77242
-608937 -339420
11612 -92482
-303377 -596136
359698 -64302
46262 -706529
-46698 584076
-975454 -938655
-827485 467870
912760 426077
-383561 -676346
613034 967356
-982690 766293
-904575 64424
-612518 877599
184145 -369538
137936 208317
826340 228564
22241 -768267
-175904 -963128
-968078 237709
-164727 620046
794702 506810
378784 530687
-618518 73359
263145 -548381
-327745 513613
467888 -575241
566094 573786
817743 525704
421702 959687
-924183 397251
-278810 580732
309760 -877392
139754 -983222
-820163 95189
-216480 855168
-545093 968505
357128 -731691
-723093 -671549
-123679 -306995
-501125 829011
990005 -228961
-490279 -291996
605776 412215
-945040 274672
-5742 -488269
386968 -73340
-799879 768922
-487808 -224804
572086 30629
47754 144198
272434 490241
527320 32945
-914977 -159070
-249739 -206481
257581 911673
-575318 -618215
-48691 732836
63373 -697531
-855571 963089
843580 680207
686159 -890767
58252 412153
-232453 824299
-716973 -796137
809085 443341
-923329 -836715
-202422 -649344
-771596 11065
-733117 -828189
-411151 906586
-367381 -48079
-172597 -489573
-190223 -982297
-43501 778251
-104330 -477124
919515 82538
220245 471595
-61039 -672930
-33783 -670931
-152302 -215666
392980 -889377
-500559 -603086
411554 -179256
898954 -874820
147357 850675
-345025 -467981
-549058 488588
-832333 -349371
147747 -712033
-650408 -358272
-392268 -296257
505808 305067
656327 29120
564702 -560309
841675 -635022
-194908 -591645
139701 -938387
-743302 836975
419338 867783
975063 951539
-408373 -245249
-162629 -920659
-319791 929443
-846819 -253866
-949530 152346
987410 -886235
-245274 727233
709086 -223365
608282 -132890
981282 293952
629636 442447
-331361 871322
-86017 -275347
389242 -597683
-47801 -738951
687006 -241533
-879425 -934423
-428725 806919
-861441 423523
-434729 492671
51284 -311056
-914869 712467
418706 -113816
-564242 233867
-364366 492038
-35755 671206
-426241 590960
-393720 -483050
192823 824563
-687445 547417
566380 711981
-959384 175646
-158123 -234216
117184 -462931
44779 662976
-603680 -707790
-789061 -393189
503986 579481
-965407 741876
-185184 -108913
-730897 -218099
-506767 384476
867753 -908666
-660467 -351785
202801 -76801
443713 -302017
-262433 901011
-415820 -654122
261802 -589056
737166 -906301
134613 389306
-5610 -10843
401212 839096
183867 -716904
699058 267613
-748226 546534
-898605 -936972
-696114 -316575
-787859 578631
-514018 -857172
-147487 435296
684140 854822
48370 -264403
-322453 -829539
756388 75369
-798809 50140
350166 -968956
597589 193039
-582213 -218177
942857 -71233
-463700 494877
-607168 -154203
531867 120723
-526214 420962
958282 -266765
674754 509521
-457072 -441372
-996782 -311065
-345285 305078
603873 81637
198468 875257
-597764 278658
814590 749264
-559002 42093
-365603 195503
-140822 525386
221693 470164
-382635 -689696
762186 -411586
-655955 56748
-232344 -986401
152844 322399
-300727 593442
-281415 -115064
819437 771069
867057 349671
-757560 458153
263407 -725017
-732099 173897
776336 377522
-411322 -56995
279941 -286298
326367 -314282
850854 -492700
125063 643405
-375688 690104
-889009 -287632
110902 535055
-225557 63213
-491407 361641
725624 -933230
-350650 -22144
-282171 -175853
9695 829801
346575 124268
390358 -170431
64661 -44668
-879880 -252312
-572365 714561
439707 -705226
-595047 225027
-34664 -764296
11833 836826
434226 -929736
354855 557436
350262 -451713
800579 285418
529989 -169726
197103 599773
238508 -654960
337966 960291
-397256 -162349
841019 931113
230630 200895
943931 -486122
702242 -938617
330809 93508
720999 -955461
812034 -568542
558869 527898
772167 -151187
949267 -343412
-548259 620196
447305 -964293
646856 221272
-295440 -789437
-44038 923649
-545353 230226
-419465 299746
616258 -675597
-582900 25941
517334 828598
731977 -882775
987153 -2944
192185 454470
643025 312621
388994 303275
-87396 -154796
-271899 -802174
-211870 -226630
348011 470336
-469426 904497
771124 -748036
399383 -358981
286311 788365
-286213 806168
167524 -706361
-20277 -586967
-358078 -758098
-442893 -468654
896152 -851417
-133269 250732
-683405 851265
925966 993693
-907807 287647
661091 -440201
-122906 105996
-977428 570416
270563 862682
-168451 -154437
767488 -617972
-519084 -678204
-177796 -819998
-829529 566004
617771 71229
-639301 350402
-132867 -709069
668185 -517727
-653704 487396
-951691 899932
932648 111500
888776 200455
-341239 -331881
256239 55161
-411477 -369357
-57865 404532
-496195 -604492
-448541 -639666
236785 842116
308701 429579
-896821 -319594
598876 -351361
-369152 273478
856007 24239
-894787 932873
-365183 -732622
-258500 -758234
-926518 651716
-252444 752425
862177 164018
849975 320290
-205165 -209478
228046 669900
-658677 870968
904817 999848
418030 -724102
774318 470901
-49587 392062
-318668 438621
-785032 858438
236094 -527851
231825 -538956
-911464 407273
-522547 305611
-594295 865385
376647 530967
-230405 -107809
288618 134868
153566 -298063
926539 -782268
833372 748194
588627 195905
-888551 691115
885513 174996
-620275 465891
-745710 -41525
115387 -759538
346566 -130106
351664 810537
508311 615126
-74372 -727001
-160701 164071
-168915 101960
819142 -277583
-467926 969957
309911 -29937
630231 140451
427827 58561
-737612 576862
-944196 355365
277074 -646158
149199 688194
-835710 -228117
-433970 222782
-994029 -741645
986270 16445
571758 -498306
861363 -151462
-458375 586485
-969193 -306029
309123 -913190
-856370 -493373
976331 -893971
601556 -238770
-640719 -395269
227086 -717822
766084 778859
-33638 -868726
168650 -549884
796718 543265
82672 569276
-77126 -808328
-55727 -764820
-125163 -142156
-211318 837501
221551 -873352
-154346 -226111
-541826 -338333
571602 843181
352657 -689276
932560 40203
564718 -25864
-333565 544002
492223 159544
-310358 884504
-920717 -993670
-930374 499483
-548672 -443370
-129000 79801
-151432 -205636
47145 252815
741221 106102
711619 50892
