1710
10 1
10 1.1
10 1.2000000000000002
10 1.3000000000000003
10 1.4000000000000004
10 1.5000000000000004
10 1.6000000000000005
10 1.7000000000000006
10 1.8000000000000007
10 1.9000000000000008
10 2.000000000000001
10 2.100000000000001
10 2.200000000000001
10 2.300000000000001
10 2.4000000000000012
10 2.5000000000000013
10 2.6000000000000014
10 2.7000000000000015
10 2.8000000000000016
10 2.9000000000000017
10 3.0000000000000018
10 3.100000000000002
10 3.200000000000002
10 3.300000000000002
10 3.400000000000002
10 3.500000000000002
10 3.6000000000000023
10 3.7000000000000024
10 3.8000000000000025
10 3.9000000000000026
10 4.000000000000003
10 4.100000000000002
10 4.200000000000002
10 4.300000000000002
10 4.400000000000001
10 4.500000000000001
10 4.6000000000000005
10 4.7
10 4.8
10 4.8999999999999995
10 4.999999999999999
10 5.099999999999999
10 5.199999999999998
10 5.299999999999998
10 5.399999999999998
10 5.499999999999997
10 5.599999999999997
10 5.699999999999997
10 5.799999999999996
10 5.899999999999996
10 5.999999999999996
10 6.099999999999995
10 6.199999999999995
10 6.2999999999999945
10 6.399999999999994
10 6.499999999999994
10 6.599999999999993
10 6.699999999999993
10 6.799999999999993
10 6.899999999999992
10 6.999999999999992
10 7.099999999999992
10 7.199999999999991
10 7.299999999999991
10 7.399999999999991
10 7.49999999999999
10 7.59999999999999
10 7.6999999999999895
10 7.799999999999989
10 7.899999999999989
10 7.9999999999999885
10 8.099999999999989
10 8.199999999999989
10 8.299999999999988
10 8.399999999999988
10 8.499999999999988
10 8.599999999999987
10 8.699999999999987
10 8.799999999999986
10 8.899999999999986
10 8.999999999999986
10 9.099999999999985
10 9.199999999999985
10 9.299999999999985
10 9.399999999999984
10 9.499999999999984
10 9.599999999999984
10 9.699999999999983
10 9.799999999999983
10 9.899999999999983
10 9.999999999999982
10 10.099999999999982
10 10.199999999999982
10 10.299999999999981
10 10.39999999999998
10 10.49999999999998
10 10.59999999999998
10 10.69999999999998
10 10.79999999999998
10 10.899999999999979
10 10.999999999999979
10 11.099999999999978
10 11.199999999999978
10 11.299999999999978
10 11.399999999999977
10 11.499999999999977
10 11.599999999999977
10 11.699999999999976
10 11.799999999999976
10 11.899999999999975
10 11.999999999999975
10 12.099999999999975
10 12.199999999999974
10 12.299999999999974
10 12.399999999999974
10 12.499999999999973
10 12.599999999999973
10 12.699999999999973
10 12.799999999999972
10 12.899999999999972
10 12.999999999999972
10 13.099999999999971
10 13.19999999999997
10 13.29999999999997
10 13.39999999999997
10 13.49999999999997
10 13.59999999999997
10 13.699999999999969
10 13.799999999999969
10 13.899999999999968
10 13.999999999999968
10 14.099999999999968
10 14.199999999999967
10 14.299999999999967
10 14.399999999999967
10 14.499999999999966
10 14.599999999999966
10 14.699999999999966
10 14.799999999999965
10 14.899999999999965
10 14.999999999999964
10 15.099999999999964
10 15.199999999999964
10 15.299999999999963
10 15.399999999999963
10 15.499999999999963
10 15.599999999999962
10 15.699999999999962
10 15.799999999999962
10 15.899999999999961
10 15.999999999999961
10 16.099999999999962
10 16.199999999999964
10 16.299999999999965
10 16.399999999999967
10 16.499999999999968
10 16.59999999999997
10 16.69999999999997
10 16.799999999999972
10 16.899999999999974
10 16.999999999999975
10 17.099999999999977
10 17.199999999999978
10 17.29999999999998
10 17.39999999999998
10 17.499999999999982
10 17.599999999999984
10 17.699999999999985
10 17.799999999999986
10 17.899999999999988
10 17.99999999999999
10 18.09999999999999
10 18.199999999999992
10 18.299999999999994
10 18.399999999999995
10 18.499999999999996
10 18.599999999999998
10 18.7
10 18.8
10 18.900000000000002
10 19.000000000000004
10 19.100000000000005
10 19.200000000000006
10 19.300000000000008
10 19.40000000000001
10 19.50000000000001
10 19.600000000000012
10 19.700000000000014
10 19.800000000000015
10 19.900000000000016
20 1
20 1.1
20 1.2000000000000002
20 1.3000000000000003
20 1.4000000000000004
20 1.5000000000000004
20 1.6000000000000005
20 1.7000000000000006
20 1.8000000000000007
20 1.9000000000000008
20 2.000000000000001
20 2.100000000000001
20 2.200000000000001
20 2.300000000000001
20 2.4000000000000012
20 2.5000000000000013
20 2.6000000000000014
20 2.7000000000000015
20 2.8000000000000016
20 2.9000000000000017
20 3.0000000000000018
20 3.100000000000002
20 3.200000000000002
20 3.300000000000002
20 3.400000000000002
20 3.500000000000002
20 3.6000000000000023
20 3.7000000000000024
20 3.8000000000000025
20 3.9000000000000026
20 4.000000000000003
20 4.100000000000002
20 4.200000000000002
20 4.300000000000002
20 4.400000000000001
20 4.500000000000001
20 4.6000000000000005
20 4.7
20 4.8
20 4.8999999999999995
20 4.999999999999999
20 5.099999999999999
20 5.199999999999998
20 5.299999999999998
20 5.399999999999998
20 5.499999999999997
20 5.599999999999997
20 5.699999999999997
20 5.799999999999996
20 5.899999999999996
20 5.999999999999996
20 6.099999999999995
20 6.199999999999995
20 6.2999999999999945
20 6.399999999999994
20 6.499999999999994
20 6.599999999999993
20 6.699999999999993
20 6.799999999999993
20 6.899999999999992
20 6.999999999999992
20 7.099999999999992
20 7.199999999999991
20 7.299999999999991
20 7.399999999999991
20 7.49999999999999
20 7.59999999999999
20 7.6999999999999895
20 7.799999999999989
20 7.899999999999989
20 7.9999999999999885
20 8.099999999999989
20 8.199999999999989
20 8.299999999999988
20 8.399999999999988
20 8.499999999999988
20 8.599999999999987
20 8.699999999999987
20 8.799999999999986
20 8.899999999999986
20 8.999999999999986
20 9.099999999999985
20 9.199999999999985
20 9.299999999999985
20 9.399999999999984
20 9.499999999999984
20 9.599999999999984
20 9.699999999999983
20 9.799999999999983
20 9.899999999999983
20 9.999999999999982
20 10.099999999999982
20 10.199999999999982
20 10.299999999999981
20 10.39999999999998
20 10.49999999999998
20 10.59999999999998
20 10.69999999999998
20 10.79999999999998
20 10.899999999999979
20 10.999999999999979
20 11.099999999999978
20 11.199999999999978
20 11.299999999999978
20 11.399999999999977
20 11.499999999999977
20 11.599999999999977
20 11.699999999999976
20 11.799999999999976
20 11.899999999999975
20 11.999999999999975
20 12.099999999999975
20 12.199999999999974
20 12.299999999999974
20 12.399999999999974
20 12.499999999999973
20 12.599999999999973
20 12.699999999999973
20 12.799999999999972
20 12.899999999999972
20 12.999999999999972
20 13.099999999999971
20 13.19999999999997
20 13.29999999999997
20 13.39999999999997
20 13.49999999999997
20 13.59999999999997
20 13.699999999999969
20 13.799999999999969
20 13.899999999999968
20 13.999999999999968
20 14.099999999999968
20 14.199999999999967
20 14.299999999999967
20 14.399999999999967
20 14.499999999999966
20 14.599999999999966
20 14.699999999999966
20 14.799999999999965
20 14.899999999999965
20 14.999999999999964
20 15.099999999999964
20 15.199999999999964
20 15.299999999999963
20 15.399999999999963
20 15.499999999999963
20 15.599999999999962
20 15.699999999999962
20 15.799999999999962
20 15.899999999999961
20 15.999999999999961
20 16.099999999999962
20 16.199999999999964
20 16.299999999999965
20 16.399999999999967
20 16.499999999999968
20 16.59999999999997
20 16.69999999999997
20 16.799999999999972
20 16.899999999999974
20 16.999999999999975
20 17.099999999999977
20 17.199999999999978
20 17.29999999999998
20 17.39999999999998
20 17.499999999999982
20 17.599999999999984
20 17.699999999999985
20 17.799999999999986
20 17.899999999999988
20 17.99999999999999
20 18.09999999999999
20 18.199999999999992
20 18.299999999999994
20 18.399999999999995
20 18.499999999999996
20 18.599999999999998
20 18.7
20 18.8
20 18.900000000000002
20 19.000000000000004
20 19.100000000000005
20 19.200000000000006
20 19.300000000000008
20 19.40000000000001
20 19.50000000000001
20 19.600000000000012
20 19.700000000000014
20 19.800000000000015
20 19.900000000000016
30 1
30 1.1
30 1.2000000000000002
30 1.3000000000000003
30 1.4000000000000004
30 1.5000000000000004
30 1.6000000000000005
30 1.7000000000000006
30 1.8000000000000007
30 1.9000000000000008
30 2.000000000000001
30 2.100000000000001
30 2.200000000000001
30 2.300000000000001
30 2.4000000000000012
30 2.5000000000000013
30 2.6000000000000014
30 2.7000000000000015
30 2.8000000000000016
30 2.9000000000000017
30 3.0000000000000018
30 3.100000000000002
30 3.200000000000002
30 3.300000000000002
30 3.400000000000002
30 3.500000000000002
30 3.6000000000000023
30 3.7000000000000024
30 3.8000000000000025
30 3.9000000000000026
30 4.000000000000003
30 4.100000000000002
30 4.200000000000002
30 4.300000000000002
30 4.400000000000001
30 4.500000000000001
30 4.6000000000000005
30 4.7
30 4.8
30 4.8999999999999995
30 4.999999999999999
30 5.099999999999999
30 5.199999999999998
30 5.299999999999998
30 5.399999999999998
30 5.499999999999997
30 5.599999999999997
30 5.699999999999997
30 5.799999999999996
30 5.899999999999996
30 5.999999999999996
30 6.099999999999995
30 6.199999999999995
30 6.2999999999999945
30 6.399999999999994
30 6.499999999999994
30 6.599999999999993
30 6.699999999999993
30 6.799999999999993
30 6.899999999999992
30 6.999999999999992
30 7.099999999999992
30 7.199999999999991
30 7.299999999999991
30 7.399999999999991
30 7.49999999999999
30 7.59999999999999
30 7.6999999999999895
30 7.799999999999989
30 7.899999999999989
30 7.9999999999999885
30 8.099999999999989
30 8.199999999999989
30 8.299999999999988
30 8.399999999999988
30 8.499999999999988
30 8.599999999999987
30 8.699999999999987
30 8.799999999999986
30 8.899999999999986
30 8.999999999999986
30 9.099999999999985
30 9.199999999999985
30 9.299999999999985
30 9.399999999999984
30 9.499999999999984
30 9.599999999999984
30 9.699999999999983
30 9.799999999999983
30 9.899999999999983
30 9.999999999999982
30 10.099999999999982
30 10.199999999999982
30 10.299999999999981
30 10.39999999999998
30 10.49999999999998
30 10.59999999999998
30 10.69999999999998
30 10.79999999999998
30 10.899999999999979
30 10.999999999999979
30 11.099999999999978
30 11.199999999999978
30 11.299999999999978
30 11.399999999999977
30 11.499999999999977
30 11.599999999999977
30 11.699999999999976
30 11.799999999999976
30 11.899999999999975
30 11.999999999999975
30 12.099999999999975
30 12.199999999999974
30 12.299999999999974
30 12.399999999999974
30 12.499999999999973
30 12.599999999999973
30 12.699999999999973
30 12.799999999999972
30 12.899999999999972
30 12.999999999999972
30 13.099999999999971
30 13.19999999999997
30 13.29999999999997
30 13.39999999999997
30 13.49999999999997
30 13.59999999999997
30 13.699999999999969
30 13.799999999999969
30 13.899999999999968
30 13.999999999999968
30 14.099999999999968
30 14.199999999999967
30 14.299999999999967
30 14.399999999999967
30 14.499999999999966
30 14.599999999999966
30 14.699999999999966
30 14.799999999999965
30 14.899999999999965
30 14.999999999999964
30 15.099999999999964
30 15.199999999999964
30 15.299999999999963
30 15.399999999999963
30 15.499999999999963
30 15.599999999999962
30 15.699999999999962
30 15.799999999999962
30 15.899999999999961
30 15.999999999999961
30 16.099999999999962
30 16.199999999999964
30 16.299999999999965
30 16.399999999999967
30 16.499999999999968
30 16.59999999999997
30 16.69999999999997
30 16.799999999999972
30 16.899999999999974
30 16.999999999999975
30 17.099999999999977
30 17.199999999999978
30 17.29999999999998
30 17.39999999999998
30 17.499999999999982
30 17.599999999999984
30 17.699999999999985
30 17.799999999999986
30 17.899999999999988
30 17.99999999999999
30 18.09999999999999
30 18.199999999999992
30 18.299999999999994
30 18.399999999999995
30 18.499999999999996
30 18.599999999999998
30 18.7
30 18.8
30 18.900000000000002
30 19.000000000000004
30 19.100000000000005
30 19.200000000000006
30 19.300000000000008
30 19.40000000000001
30 19.50000000000001
30 19.600000000000012
30 19.700000000000014
30 19.800000000000015
30 19.900000000000016
40 1
40 1.1
40 1.2000000000000002
40 1.3000000000000003
40 1.4000000000000004
40 1.5000000000000004
40 1.6000000000000005
40 1.7000000000000006
40 1.8000000000000007
40 1.9000000000000008
40 2.000000000000001
40 2.100000000000001
40 2.200000000000001
40 2.300000000000001
40 2.4000000000000012
40 2.5000000000000013
40 2.6000000000000014
40 2.7000000000000015
40 2.8000000000000016
40 2.9000000000000017
40 3.0000000000000018
40 3.100000000000002
40 3.200000000000002
40 3.300000000000002
40 3.400000000000002
40 3.500000000000002
40 3.6000000000000023
40 3.7000000000000024
40 3.8000000000000025
40 3.9000000000000026
40 4.000000000000003
40 4.100000000000002
40 4.200000000000002
40 4.300000000000002
40 4.400000000000001
40 4.500000000000001
40 4.6000000000000005
40 4.7
40 4.8
40 4.8999999999999995
40 4.999999999999999
40 5.099999999999999
40 5.199999999999998
40 5.299999999999998
40 5.399999999999998
40 5.499999999999997
40 5.599999999999997
40 5.699999999999997
40 5.799999999999996
40 5.899999999999996
40 5.999999999999996
40 6.099999999999995
40 6.199999999999995
40 6.2999999999999945
40 6.399999999999994
40 6.499999999999994
40 6.599999999999993
40 6.699999999999993
40 6.799999999999993
40 6.899999999999992
40 6.999999999999992
40 7.099999999999992
40 7.199999999999991
40 7.299999999999991
40 7.399999999999991
40 7.49999999999999
40 7.59999999999999
40 7.6999999999999895
40 7.799999999999989
40 7.899999999999989
40 7.9999999999999885
40 8.099999999999989
40 8.199999999999989
40 8.299999999999988
40 8.399999999999988
40 8.499999999999988
40 8.599999999999987
40 8.699999999999987
40 8.799999999999986
40 8.899999999999986
40 8.999999999999986
40 9.099999999999985
40 9.199999999999985
40 9.299999999999985
40 9.399999999999984
40 9.499999999999984
40 9.599999999999984
40 9.699999999999983
40 9.799999999999983
40 9.899999999999983
40 9.999999999999982
40 10.099999999999982
40 10.199999999999982
40 10.299999999999981
40 10.39999999999998
40 10.49999999999998
40 10.59999999999998
40 10.69999999999998
40 10.79999999999998
40 10.899999999999979
40 10.999999999999979
40 11.099999999999978
40 11.199999999999978
40 11.299999999999978
40 11.399999999999977
40 11.499999999999977
40 11.599999999999977
40 11.699999999999976
40 11.799999999999976
40 11.899999999999975
40 11.999999999999975
40 12.099999999999975
40 12.199999999999974
40 12.299999999999974
40 12.399999999999974
40 12.499999999999973
40 12.599999999999973
40 12.699999999999973
40 12.799999999999972
40 12.899999999999972
40 12.999999999999972
40 13.099999999999971
40 13.19999999999997
40 13.29999999999997
40 13.39999999999997
40 13.49999999999997
40 13.59999999999997
40 13.699999999999969
40 13.799999999999969
40 13.899999999999968
40 13.999999999999968
40 14.099999999999968
40 14.199999999999967
40 14.299999999999967
40 14.399999999999967
40 14.499999999999966
40 14.599999999999966
40 14.699999999999966
40 14.799999999999965
40 14.899999999999965
40 14.999999999999964
40 15.099999999999964
40 15.199999999999964
40 15.299999999999963
40 15.399999999999963
40 15.499999999999963
40 15.599999999999962
40 15.699999999999962
40 15.799999999999962
40 15.899999999999961
40 15.999999999999961
40 16.099999999999962
40 16.199999999999964
40 16.299999999999965
40 16.399999999999967
40 16.499999999999968
40 16.59999999999997
40 16.69999999999997
40 16.799999999999972
40 16.899999999999974
40 16.999999999999975
40 17.099999999999977
40 17.199999999999978
40 17.29999999999998
40 17.39999999999998
40 17.499999999999982
40 17.599999999999984
40 17.699999999999985
40 17.799999999999986
40 17.899999999999988
40 17.99999999999999
40 18.09999999999999
40 18.199999999999992
40 18.299999999999994
40 18.399999999999995
40 18.499999999999996
40 18.599999999999998
40 18.7
40 18.8
40 18.900000000000002
40 19.000000000000004
40 19.100000000000005
40 19.200000000000006
40 19.300000000000008
40 19.40000000000001
40 19.50000000000001
40 19.600000000000012
40 19.700000000000014
40 19.800000000000015
40 19.900000000000016
50 1
50 1.1
50 1.2000000000000002
50 1.3000000000000003
50 1.4000000000000004
50 1.5000000000000004
50 1.6000000000000005
50 1.7000000000000006
50 1.8000000000000007
50 1.9000000000000008
50 2.000000000000001
50 2.100000000000001
50 2.200000000000001
50 2.300000000000001
50 2.4000000000000012
50 2.5000000000000013
50 2.6000000000000014
50 2.7000000000000015
50 2.8000000000000016
50 2.9000000000000017
50 3.0000000000000018
50 3.100000000000002
50 3.200000000000002
50 3.300000000000002
50 3.400000000000002
50 3.500000000000002
50 3.6000000000000023
50 3.7000000000000024
50 3.8000000000000025
50 3.9000000000000026
50 4.000000000000003
50 4.100000000000002
50 4.200000000000002
50 4.300000000000002
50 4.400000000000001
50 4.500000000000001
50 4.6000000000000005
50 4.7
50 4.8
50 4.8999999999999995
50 4.999999999999999
50 5.099999999999999
50 5.199999999999998
50 5.299999999999998
50 5.399999999999998
50 5.499999999999997
50 5.599999999999997
50 5.699999999999997
50 5.799999999999996
50 5.899999999999996
50 5.999999999999996
50 6.099999999999995
50 6.199999999999995
50 6.2999999999999945
50 6.399999999999994
50 6.499999999999994
50 6.599999999999993
50 6.699999999999993
50 6.799999999999993
50 6.899999999999992
50 6.999999999999992
50 7.099999999999992
50 7.199999999999991
50 7.299999999999991
50 7.399999999999991
50 7.49999999999999
50 7.59999999999999
50 7.6999999999999895
50 7.799999999999989
50 7.899999999999989
50 7.9999999999999885
50 8.099999999999989
50 8.199999999999989
50 8.299999999999988
50 8.399999999999988
50 8.499999999999988
50 8.599999999999987
50 8.699999999999987
50 8.799999999999986
50 8.899999999999986
50 8.999999999999986
50 9.099999999999985
50 9.199999999999985
50 9.299999999999985
50 9.399999999999984
50 9.499999999999984
50 9.599999999999984
50 9.699999999999983
50 9.799999999999983
50 9.899999999999983
50 9.999999999999982
50 10.099999999999982
50 10.199999999999982
50 10.299999999999981
50 10.39999999999998
50 10.49999999999998
50 10.59999999999998
50 10.69999999999998
50 10.79999999999998
50 10.899999999999979
50 10.999999999999979
50 11.099999999999978
50 11.199999999999978
50 11.299999999999978
50 11.399999999999977
50 11.499999999999977
50 11.599999999999977
50 11.699999999999976
50 11.799999999999976
50 11.899999999999975
50 11.999999999999975
50 12.099999999999975
50 12.199999999999974
50 12.299999999999974
50 12.399999999999974
50 12.499999999999973
50 12.599999999999973
50 12.699999999999973
50 12.799999999999972
50 12.899999999999972
50 12.999999999999972
50 13.099999999999971
50 13.19999999999997
50 13.29999999999997
50 13.39999999999997
50 13.49999999999997
50 13.59999999999997
50 13.699999999999969
50 13.799999999999969
50 13.899999999999968
50 13.999999999999968
50 14.099999999999968
50 14.199999999999967
50 14.299999999999967
50 14.399999999999967
50 14.499999999999966
50 14.599999999999966
50 14.699999999999966
50 14.799999999999965
50 14.899999999999965
50 14.999999999999964
50 15.099999999999964
50 15.199999999999964
50 15.299999999999963
50 15.399999999999963
50 15.499999999999963
50 15.599999999999962
50 15.699999999999962
50 15.799999999999962
50 15.899999999999961
50 15.999999999999961
50 16.099999999999962
50 16.199999999999964
50 16.299999999999965
50 16.399999999999967
50 16.499999999999968
50 16.59999999999997
50 16.69999999999997
50 16.799999999999972
50 16.899999999999974
50 16.999999999999975
50 17.099999999999977
50 17.199999999999978
50 17.29999999999998
50 17.39999999999998
50 17.499999999999982
50 17.599999999999984
50 17.699999999999985
50 17.799999999999986
50 17.899999999999988
50 17.99999999999999
50 18.09999999999999
50 18.199999999999992
50 18.299999999999994
50 18.399999999999995
50 18.499999999999996
50 18.599999999999998
50 18.7
50 18.8
50 18.900000000000002
50 19.000000000000004
50 19.100000000000005
50 19.200000000000006
50 19.300000000000008
50 19.40000000000001
50 19.50000000000001
50 19.600000000000012
50 19.700000000000014
50 19.800000000000015
50 19.900000000000016
60 1
60 1.1
60 1.2000000000000002
60 1.3000000000000003
60 1.4000000000000004
60 1.5000000000000004
60 1.6000000000000005
60 1.7000000000000006
60 1.8000000000000007
60 1.9000000000000008
60 2.000000000000001
60 2.100000000000001
60 2.200000000000001
60 2.300000000000001
60 2.4000000000000012
60 2.5000000000000013
60 2.6000000000000014
60 2.7000000000000015
60 2.8000000000000016
60 2.9000000000000017
60 3.0000000000000018
60 3.100000000000002
60 3.200000000000002
60 3.300000000000002
60 3.400000000000002
60 3.500000000000002
60 3.6000000000000023
60 3.7000000000000024
60 3.8000000000000025
60 3.9000000000000026
60 4.000000000000003
60 4.100000000000002
60 4.200000000000002
60 4.300000000000002
60 4.400000000000001
60 4.500000000000001
60 4.6000000000000005
60 4.7
60 4.8
60 4.8999999999999995
60 4.999999999999999
60 5.099999999999999
60 5.199999999999998
60 5.299999999999998
60 5.399999999999998
60 5.499999999999997
60 5.599999999999997
60 5.699999999999997
60 5.799999999999996
60 5.899999999999996
60 5.999999999999996
60 6.099999999999995
60 6.199999999999995
60 6.2999999999999945
60 6.399999999999994
60 6.499999999999994
60 6.599999999999993
60 6.699999999999993
60 6.799999999999993
60 6.899999999999992
60 6.999999999999992
60 7.099999999999992
60 7.199999999999991
60 7.299999999999991
60 7.399999999999991
60 7.49999999999999
60 7.59999999999999
60 7.6999999999999895
60 7.799999999999989
60 7.899999999999989
60 7.9999999999999885
60 8.099999999999989
60 8.199999999999989
60 8.299999999999988
60 8.399999999999988
60 8.499999999999988
60 8.599999999999987
60 8.699999999999987
60 8.799999999999986
60 8.899999999999986
60 8.999999999999986
60 9.099999999999985
60 9.199999999999985
60 9.299999999999985
60 9.399999999999984
60 9.499999999999984
60 9.599999999999984
60 9.699999999999983
60 9.799999999999983
60 9.899999999999983
60 9.999999999999982
60 10.099999999999982
60 10.199999999999982
60 10.299999999999981
60 10.39999999999998
60 10.49999999999998
60 10.59999999999998
60 10.69999999999998
60 10.79999999999998
60 10.899999999999979
60 10.999999999999979
60 11.099999999999978
60 11.199999999999978
60 11.299999999999978
60 11.399999999999977
60 11.499999999999977
60 11.599999999999977
60 11.699999999999976
60 11.799999999999976
60 11.899999999999975
60 11.999999999999975
60 12.099999999999975
60 12.199999999999974
60 12.299999999999974
60 12.399999999999974
60 12.499999999999973
60 12.599999999999973
60 12.699999999999973
60 12.799999999999972
60 12.899999999999972
60 12.999999999999972
60 13.099999999999971
60 13.19999999999997
60 13.29999999999997
60 13.39999999999997
60 13.49999999999997
60 13.59999999999997
60 13.699999999999969
60 13.799999999999969
60 13.899999999999968
60 13.999999999999968
60 14.099999999999968
60 14.199999999999967
60 14.299999999999967
60 14.399999999999967
60 14.499999999999966
60 14.599999999999966
60 14.699999999999966
60 14.799999999999965
60 14.899999999999965
60 14.999999999999964
60 15.099999999999964
60 15.199999999999964
60 15.299999999999963
60 15.399999999999963
60 15.499999999999963
60 15.599999999999962
60 15.699999999999962
60 15.799999999999962
60 15.899999999999961
60 15.999999999999961
60 16.099999999999962
60 16.199999999999964
60 16.299999999999965
60 16.399999999999967
60 16.499999999999968
60 16.59999999999997
60 16.69999999999997
60 16.799999999999972
60 16.899999999999974
60 16.999999999999975
60 17.099999999999977
60 17.199999999999978
60 17.29999999999998
60 17.39999999999998
60 17.499999999999982
60 17.599999999999984
60 17.699999999999985
60 17.799999999999986
60 17.899999999999988
60 17.99999999999999
60 18.09999999999999
60 18.199999999999992
60 18.299999999999994
60 18.399999999999995
60 18.499999999999996
60 18.599999999999998
60 18.7
60 18.8
60 18.900000000000002
60 19.000000000000004
60 19.100000000000005
60 19.200000000000006
60 19.300000000000008
60 19.40000000000001
60 19.50000000000001
60 19.600000000000012
60 19.700000000000014
60 19.800000000000015
60 19.900000000000016
70 1
70 1.1
70 1.2000000000000002
70 1.3000000000000003
70 1.4000000000000004
70 1.5000000000000004
70 1.6000000000000005
70 1.7000000000000006
70 1.8000000000000007
70 1.9000000000000008
70 2.000000000000001
70 2.100000000000001
70 2.200000000000001
70 2.300000000000001
70 2.4000000000000012
70 2.5000000000000013
70 2.6000000000000014
70 2.7000000000000015
70 2.8000000000000016
70 2.9000000000000017
70 3.0000000000000018
70 3.100000000000002
70 3.200000000000002
70 3.300000000000002
70 3.400000000000002
70 3.500000000000002
70 3.6000000000000023
70 3.7000000000000024
70 3.8000000000000025
70 3.9000000000000026
70 4.000000000000003
70 4.100000000000002
70 4.200000000000002
70 4.300000000000002
70 4.400000000000001
70 4.500000000000001
70 4.6000000000000005
70 4.7
70 4.8
70 4.8999999999999995
70 4.999999999999999
70 5.099999999999999
70 5.199999999999998
70 5.299999999999998
70 5.399999999999998
70 5.499999999999997
70 5.599999999999997
70 5.699999999999997
70 5.799999999999996
70 5.899999999999996
70 5.999999999999996
70 6.099999999999995
70 6.199999999999995
70 6.2999999999999945
70 6.399999999999994
70 6.499999999999994
70 6.599999999999993
70 6.699999999999993
70 6.799999999999993
70 6.899999999999992
70 6.999999999999992
70 7.099999999999992
70 7.199999999999991
70 7.299999999999991
70 7.399999999999991
70 7.49999999999999
70 7.59999999999999
70 7.6999999999999895
70 7.799999999999989
70 7.899999999999989
70 7.9999999999999885
70 8.099999999999989
70 8.199999999999989
70 8.299999999999988
70 8.399999999999988
70 8.499999999999988
70 8.599999999999987
70 8.699999999999987
70 8.799999999999986
70 8.899999999999986
70 8.999999999999986
70 9.099999999999985
70 9.199999999999985
70 9.299999999999985
70 9.399999999999984
70 9.499999999999984
70 9.599999999999984
70 9.699999999999983
70 9.799999999999983
70 9.899999999999983
70 9.999999999999982
70 10.099999999999982
70 10.199999999999982
70 10.299999999999981
70 10.39999999999998
70 10.49999999999998
70 10.59999999999998
70 10.69999999999998
70 10.79999999999998
70 10.899999999999979
70 10.999999999999979
70 11.099999999999978
70 11.199999999999978
70 11.299999999999978
70 11.399999999999977
70 11.499999999999977
70 11.599999999999977
70 11.699999999999976
70 11.799999999999976
70 11.899999999999975
70 11.999999999999975
70 12.099999999999975
70 12.199999999999974
70 12.299999999999974
70 12.399999999999974
70 12.499999999999973
70 12.599999999999973
70 12.699999999999973
70 12.799999999999972
70 12.899999999999972
70 12.999999999999972
70 13.099999999999971
70 13.19999999999997
70 13.29999999999997
70 13.39999999999997
70 13.49999999999997
70 13.59999999999997
70 13.699999999999969
70 13.799999999999969
70 13.899999999999968
70 13.999999999999968
70 14.099999999999968
70 14.199999999999967
70 14.299999999999967
70 14.399999999999967
70 14.499999999999966
70 14.599999999999966
70 14.699999999999966
70 14.799999999999965
70 14.899999999999965
70 14.999999999999964
70 15.099999999999964
70 15.199999999999964
70 15.299999999999963
70 15.399999999999963
70 15.499999999999963
70 15.599999999999962
70 15.699999999999962
70 15.799999999999962
70 15.899999999999961
70 15.999999999999961
70 16.099999999999962
70 16.199999999999964
70 16.299999999999965
70 16.399999999999967
70 16.499999999999968
70 16.59999999999997
70 16.69999999999997
70 16.799999999999972
70 16.899999999999974
70 16.999999999999975
70 17.099999999999977
70 17.199999999999978
70 17.29999999999998
70 17.39999999999998
70 17.499999999999982
70 17.599999999999984
70 17.699999999999985
70 17.799999999999986
70 17.899999999999988
70 17.99999999999999
70 18.09999999999999
70 18.199999999999992
70 18.299999999999994
70 18.399999999999995
70 18.499999999999996
70 18.599999999999998
70 18.7
70 18.8
70 18.900000000000002
70 19.000000000000004
70 19.100000000000005
70 19.200000000000006
70 19.300000000000008
70 19.40000000000001
70 19.50000000000001
70 19.600000000000012
70 19.700000000000014
70 19.800000000000015
70 19.900000000000016
80 1
80 1.1
80 1.2000000000000002
80 1.3000000000000003
80 1.4000000000000004
80 1.5000000000000004
80 1.6000000000000005
80 1.7000000000000006
80 1.8000000000000007
80 1.9000000000000008
80 2.000000000000001
80 2.100000000000001
80 2.200000000000001
80 2.300000000000001
80 2.4000000000000012
80 2.5000000000000013
80 2.6000000000000014
80 2.7000000000000015
80 2.8000000000000016
80 2.9000000000000017
80 3.0000000000000018
80 3.100000000000002
80 3.200000000000002
80 3.300000000000002
80 3.400000000000002
80 3.500000000000002
80 3.6000000000000023
80 3.7000000000000024
80 3.8000000000000025
80 3.9000000000000026
80 4.000000000000003
80 4.100000000000002
80 4.200000000000002
80 4.300000000000002
80 4.400000000000001
80 4.500000000000001
80 4.6000000000000005
80 4.7
80 4.8
80 4.8999999999999995
80 4.999999999999999
80 5.099999999999999
80 5.199999999999998
80 5.299999999999998
80 5.399999999999998
80 5.499999999999997
80 5.599999999999997
80 5.699999999999997
80 5.799999999999996
80 5.899999999999996
80 5.999999999999996
80 6.099999999999995
80 6.199999999999995
80 6.2999999999999945
80 6.399999999999994
80 6.499999999999994
80 6.599999999999993
80 6.699999999999993
80 6.799999999999993
80 6.899999999999992
80 6.999999999999992
80 7.099999999999992
80 7.199999999999991
80 7.299999999999991
80 7.399999999999991
80 7.49999999999999
80 7.59999999999999
80 7.6999999999999895
80 7.799999999999989
80 7.899999999999989
80 7.9999999999999885
80 8.099999999999989
80 8.199999999999989
80 8.299999999999988
80 8.399999999999988
80 8.499999999999988
80 8.599999999999987
80 8.699999999999987
80 8.799999999999986
80 8.899999999999986
80 8.999999999999986
80 9.099999999999985
80 9.199999999999985
80 9.299999999999985
80 9.399999999999984
80 9.499999999999984
80 9.599999999999984
80 9.699999999999983
80 9.799999999999983
80 9.899999999999983
80 9.999999999999982
80 10.099999999999982
80 10.199999999999982
80 10.299999999999981
80 10.39999999999998
80 10.49999999999998
80 10.59999999999998
80 10.69999999999998
80 10.79999999999998
80 10.899999999999979
80 10.999999999999979
80 11.099999999999978
80 11.199999999999978
80 11.299999999999978
80 11.399999999999977
80 11.499999999999977
80 11.599999999999977
80 11.699999999999976
80 11.799999999999976
80 11.899999999999975
80 11.999999999999975
80 12.099999999999975
80 12.199999999999974
80 12.299999999999974
80 12.399999999999974
80 12.499999999999973
80 12.599999999999973
80 12.699999999999973
80 12.799999999999972
80 12.899999999999972
80 12.999999999999972
80 13.099999999999971
80 13.19999999999997
80 13.29999999999997
80 13.39999999999997
80 13.49999999999997
80 13.59999999999997
80 13.699999999999969
80 13.799999999999969
80 13.899999999999968
80 13.999999999999968
80 14.099999999999968
80 14.199999999999967
80 14.299999999999967
80 14.399999999999967
80 14.499999999999966
80 14.599999999999966
80 14.699999999999966
80 14.799999999999965
80 14.899999999999965
80 14.999999999999964
80 15.099999999999964
80 15.199999999999964
80 15.299999999999963
80 15.399999999999963
80 15.499999999999963
80 15.599999999999962
80 15.699999999999962
80 15.799999999999962
80 15.899999999999961
80 15.999999999999961
80 16.099999999999962
80 16.199999999999964
80 16.299999999999965
80 16.399999999999967
80 16.499999999999968
80 16.59999999999997
80 16.69999999999997
80 16.799999999999972
80 16.899999999999974
80 16.999999999999975
80 17.099999999999977
80 17.199999999999978
80 17.29999999999998
80 17.39999999999998
80 17.499999999999982
80 17.599999999999984
80 17.699999999999985
80 17.799999999999986
80 17.899999999999988
80 17.99999999999999
80 18.09999999999999
80 18.199999999999992
80 18.299999999999994
80 18.399999999999995
80 18.499999999999996
80 18.599999999999998
80 18.7
80 18.8
80 18.900000000000002
80 19.000000000000004
80 19.100000000000005
80 19.200000000000006
80 19.300000000000008
80 19.40000000000001
80 19.50000000000001
80 19.600000000000012
80 19.700000000000014
80 19.800000000000015
80 19.900000000000016
90 1
90 1.1
90 1.2000000000000002
90 1.3000000000000003
90 1.4000000000000004
90 1.5000000000000004
90 1.6000000000000005
90 1.7000000000000006
90 1.8000000000000007
90 1.9000000000000008
90 2.000000000000001
90 2.100000000000001
90 2.200000000000001
90 2.300000000000001
90 2.4000000000000012
90 2.5000000000000013
90 2.6000000000000014
90 2.7000000000000015
90 2.8000000000000016
90 2.9000000000000017
90 3.0000000000000018
90 3.100000000000002
90 3.200000000000002
90 3.300000000000002
90 3.400000000000002
90 3.500000000000002
90 3.6000000000000023
90 3.7000000000000024
90 3.8000000000000025
90 3.9000000000000026
90 4.000000000000003
90 4.100000000000002
90 4.200000000000002
90 4.300000000000002
90 4.400000000000001
90 4.500000000000001
90 4.6000000000000005
90 4.7
90 4.8
90 4.8999999999999995
90 4.999999999999999
90 5.099999999999999
90 5.199999999999998
90 5.299999999999998
90 5.399999999999998
90 5.499999999999997
90 5.599999999999997
90 5.699999999999997
90 5.799999999999996
90 5.899999999999996
90 5.999999999999996
90 6.099999999999995
90 6.199999999999995
90 6.2999999999999945
90 6.399999999999994
90 6.499999999999994
90 6.599999999999993
90 6.699999999999993
90 6.799999999999993
90 6.899999999999992
90 6.999999999999992
90 7.099999999999992
90 7.199999999999991
90 7.299999999999991
90 7.399999999999991
90 7.49999999999999
90 7.59999999999999
90 7.6999999999999895
90 7.799999999999989
90 7.899999999999989
90 7.9999999999999885
90 8.099999999999989
90 8.199999999999989
90 8.299999999999988
90 8.399999999999988
90 8.499999999999988
90 8.599999999999987
90 8.699999999999987
90 8.799999999999986
90 8.899999999999986
90 8.999999999999986
90 9.099999999999985
90 9.199999999999985
90 9.299999999999985
90 9.399999999999984
90 9.499999999999984
90 9.599999999999984
90 9.699999999999983
90 9.799999999999983
90 9.899999999999983
90 9.999999999999982
90 10.099999999999982
90 10.199999999999982
90 10.299999999999981
90 10.39999999999998
90 10.49999999999998
90 10.59999999999998
90 10.69999999999998
90 10.79999999999998
90 10.899999999999979
90 10.999999999999979
90 11.099999999999978
90 11.199999999999978
90 11.299999999999978
90 11.399999999999977
90 11.499999999999977
90 11.599999999999977
90 11.699999999999976
90 11.799999999999976
90 11.899999999999975
90 11.999999999999975
90 12.099999999999975
90 12.199999999999974
90 12.299999999999974
90 12.399999999999974
90 12.499999999999973
90 12.599999999999973
90 12.699999999999973
90 12.799999999999972
90 12.899999999999972
90 12.999999999999972
90 13.099999999999971
90 13.19999999999997
90 13.29999999999997
90 13.39999999999997
90 13.49999999999997
90 13.59999999999997
90 13.699999999999969
90 13.799999999999969
90 13.899999999999968
90 13.999999999999968
90 14.099999999999968
90 14.199999999999967
90 14.299999999999967
90 14.399999999999967
90 14.499999999999966
90 14.599999999999966
90 14.699999999999966
90 14.799999999999965
90 14.899999999999965
90 14.999999999999964
90 15.099999999999964
90 15.199999999999964
90 15.299999999999963
90 15.399999999999963
90 15.499999999999963
90 15.599999999999962
90 15.699999999999962
90 15.799999999999962
90 15.899999999999961
90 15.999999999999961
90 16.099999999999962
90 16.199999999999964
90 16.299999999999965
90 16.399999999999967
90 16.499999999999968
90 16.59999999999997
90 16.69999999999997
90 16.799999999999972
90 16.899999999999974
90 16.999999999999975
90 17.099999999999977
90 17.199999999999978
90 17.29999999999998
90 17.39999999999998
90 17.499999999999982
90 17.599999999999984
90 17.699999999999985
90 17.799999999999986
90 17.899999999999988
90 17.99999999999999
90 18.09999999999999
90 18.199999999999992
90 18.299999999999994
90 18.399999999999995
90 18.499999999999996
90 18.599999999999998
90 18.7
90 18.8
90 18.900000000000002
90 19.000000000000004
90 19.100000000000005
90 19.200000000000006
90 19.300000000000008
90 19.40000000000001
90 19.50000000000001
90 19.600000000000012
90 19.700000000000014
90 19.800000000000015
90 19.900000000000016
