1000 1000
615 343
459 50
807 910
499 254
877 822
821 777
52 154
638 549
966 93
324 574
394 604
262 466
969 592
25 487
438 288
751 102
742 690
576 139
155 874
766 104
866 297
767 964
661 588
877 606
898 851
37 215
435 87
908 709
54 365
26 37
57 97
551 791
235 160
109 942
719 518
627 327
5 753
498 180
187 502
921 665
876 978
213 542
596 485
58 916
981 21
696 581
420 395
614 806
658 952
816 281
255 336
295 767
862 766
930 439
205 463
372 249
700 914
396 700
973 355
764 316
385 423
202 437
413 927
112 52
615 565
639 828
242 341
316 111
751 29
872 63
548 996
939 709
492 506
16 738
65 503
453 95
88 395
772 707
686 753
763 825
749 156
439 262
986 658
784 880
59 294
140 164
645 392
81 899
856 297
427 276
25 553
869 679
649 772
381 91
851 741
712 774
243 805
93 319
251 629
22 357
449 937
767 163
748 562
796 729
574 651
851 261
782 237
900 176
424 726
842 46
45 214
111 822
179 899
142 147
287 726
677 548
957 530
416 554
126 244
950 934
999 708
766 839
698 717
946 249
722 403
296 300
35 136
846 126
675 758
853 899
641 699
63 191
669 919
155 624
240 650
532 702
70 829
71 246
821 760
907 201
613 313
56 897
104 378
23 855
19 29
184 263
994 901
746 418
939 307
75 527
692 52
929 357
364 35
658 805
869 734
580 155
585 509
142 836
885 97
103 70
834 731
952 326
775 306
985 645
935 227
667 923
964 674
173 179
327 217
979 969
80 120
750 337
691 239
106 684
883 78
508 5
941 814
242 686
73 88
344 985
466 630
88 119
78 969
932 899
208 805
510 9
774 347
294 165
32 640
51 33
727 729
987 544
578 123
22 613
465 926
767 826
829 862
461 487
612 325
321 272
160 463
300 750
47 296
245 796
66 430
29 193
610 476
794 306
918 908
322 218
586 366
113 140
57 943
724 667
821 741
201 340
757 36
623 389
470 276
619 463
464 703
4 464
47 451
953 66
517 800
58 121
646 573
220 180
215 39
491 984
480 798
464 619
204 133
87 563
522 476
185 903
15 784
528 352
976 454
786 434
506 728
762 803
200 814
170 486
207 295
345 981
34 534
985 286
546 561
543 605
639 604
444 767
595 384
187 34
741 547
695 983
399 321
282 195
781 916
751 384
465 975
28 80
145 810
719 110
92 670
403 976
739 971
417 325
938 393
718 974
874 716
349 259
28 291
29 853
860 184
895 466
990 502
105 119
736 345
432 227
529 664
261 492
818 635
901 712
436 372
391 756
787 913
237 915
374 266
38 459
670 510
670 236
672 179
801 202
809 506
195 217
13 906
717 143
695 437
352 540
518 564
132 142
821 152
618 63
329 919
331 375
192 406
793 805
142 867
540 451
966 630
690 621
659 7
614 31
967 348
619 845
927 512
494 80
973 449
864 623
918 528
248 576
232 284
706 554
542 647
971 197
898 83
194 835
868 120
694 640
785 718
978 137
40 793
213 192
578 887
753 431
321 285
413 642
846 701
166 356
323 989
857 884
933 219
969 855
142 302
62 299
374 209
835 687
433 465
799 666
132 189
546 628
181 254
112 389
791 206
642 556
807 65
848 815
628 558
285 339
818 651
624 667
581 278
470 238
93 359
271 157
415 309
136 107
183 895
277 218
674 557
808 657
335 78
427 910
961 482
273 528
656 795
998 43
987 829
167 467
275 754
720 485
585 254
864 88
217 931
374 365
347 928
141 28
642 59
218 55
283 139
568 370
811 532
512 319
792 145
104 292
137 120
372 395
202 336
997 622
243 526
457 386
89 883
886 487
2 909
500 803
315 4
80 893
946 849
500 423
468 570
253 683
607 402
373 270
339 942
912 978
491 737
59 594
463 356
459 209
628 874
813 96
430 511
111 437
314 365
107 841
120 60
769 811
652 45
601 628
416 147
161 900
236 789
461 688
599 102
28 706
906 622
128 86
386 84
829 500
727 421
692 246
92 359
499 814
812 147
682 497
478 335
802 849
361 264
616 285
561 842
185 996
552 414
854 21
729 340
428 607
401 785
548 203
431 700
401 851
246 130
878 668
280 376
379 199
555 34
771 449
277 815
252 574
873 850
404 130
4 94
965 935
290 565
442 795
330 339
753 868
926 76
713 715
188 801
410 839
406 68
585 580
709 285
605 788
812 873
83 704
944 590
253 65
1000 520
233 272
792 657
876 405
323 916
582 378
602 61
634 287
736 992
143 924
523 498
969 29
432 638
730 793
462 182
752 673
442 696
166 685
679 269
339 641
942 800
773 535
443 273
593 385
383 632
937 715
979 501
518 792
898 904
660 606
634 240
893 810
478 598
462 804
773 221
387 523
151 417
879 152
140 681
255 547
635 920
174 774
970 11
330 879
213 699
797 236
185 503
421 944
742 94
529 635
875 334
897 94
209 904
418 715
604 350
351 23
340 951
758 382
245 246
628 265
666 616
856 697
322 963
523 932
565 505
242 898
527 642
16 766
87 945
191 345
95 663
756 959
251 121
276 768
695 900
328 38
766 835
326 483
261 221
443 55
569 735
968 590
853 556
705 298
37 665
327 503
290 307
437 664
311 329
843 420
423 579
806 540
24 220
364 175
683 329
322 827
405 630
17 957
502 213
426 854
969 814
33 929
413 538
24 84
999 154
1 636
589 738
614 254
437 857
462 425
41 621
341 972
417 73
715 552
35 866
414 174
594 335
590 478
199 103
282 133
438 524
392 467
364 849
396 106
362 354
141 454
875 428
405 334
468 6
396 285
286 549
634 149
573 353
814 65
137 394
221 860
288 786
58 680
683 502
121 29
168 884
666 923
680 286
745 602
954 178
696 56
324 171
223 152
819 849
998 694
326 56
602 806
507 44
319 59
672 638
666 57
302 671
746 145
117 845
560 753
872 211
671 143
496 770
512 883
506 56
157 730
638 5
222 741
552 58
755 874
459 890
484 502
340 719
532 247
92 845
782 885
311 570
621 794
861 768
469 812
602 248
978 316
519 100
224 353
405 79
604 823
34 751
859 550
556 537
65 81
490 602
644 967
874 776
621 884
892 396
436 154
741 538
555 937
813 237
490 742
488 94
594 465
625 714
339 825
107 433
771 410
611 52
794 718
788 556
802 640
414 725
236 311
462 467
56 293
2 20
376 484
26 783
369 957
719 478
5 1000
546 177
62 987
812 336
223 589
632 315
200 725
725 887
764 674
72 854
557 970
86 793
67 794
694 105
616 586
495 549
839 511
606 352
443 768
569 73
660 812
676 21
520 352
23 751
122 9
103 368
385 311
950 67
952 496
569 397
363 117
352 20
901 903
163 788
883 514
720 216
937 536
707 608
625 467
588 912
288 971
803 771
95 757
343 188
457 799
136 711
368 440
126 387
644 413
355 836
412 726
874 513
340 734
955 474
324 685
38 413
667 72
247 243
274 652
584 421
247 638
6 931
93 793
459 290
731 625
507 875
834 334
703 579
852 93
862 424
877 28
953 699
157 140
964 160
18 918
190 908
488 135
23 782
308 473
141 888
45 903
56 44
257 328
937 261
235 251
193 394
856 705
588 462
169 877
665 537
896 607
803 198
966 772
960 898
582 980
208 503
284 375
74 572
477 209
987 329
573 124
521 514
636 213
412 994
868 346
981 854
813 510
185 765
658 527
386 517
308 863
458 894
462 280
874 137
913 188
963 94
318 501
900 963
689 406
161 711
720 303
66 588
324 538
741 386
785 944
846 370
212 991
552 8
154 638
524 901
239 389
844 684
603 792
308 827
175 905
447 237
702 299
634 256
412 35
586 828
119 945
483 495
757 623
959 282
267 588
18 716
656 164
242 443
609 337
637 987
413 369
467 806
708 577
181 410
281 556
563 657
398 965
303 497
335 326
529 772
229 216
344 723
196 921
585 408
585 327
563 771
95 176
467 43
774 582
193 516
820 161
267 161
404 612
254 877
29 985
772 909
59 436
961 188
105 495
378 95
622 761
102 772
703 344
22 498
375 345
602 961
341 485
829 979
299 875
96 545
106 286
309 151
194 327
335 909
390 874
211 683
606 148
443 738
524 843
284 289
333 976
310 751
980 227
715 402
706 964
720 865
427 552
716 891
159 883
159 701
960 103
541 641
67 563
840 42
150 991
137 376
932 296
299 243
332 410
624 357
430 954
120 15
531 62
70 31
639 866
506 208
692 482
611 948
995 548
838 255
580 808
768 425
108 820
342 689
52 292
711 476
618 467
134 301
347 378
427 532
35 850
856 887
187 823
120 545
336 135
507 198
785 741
79 912
31 727
244 977
31 337
606 602
382 416
736 97
649 467
992 27
862 275
179 171
174 335
884 759
523 492
148 987
466 525
653 358
299 126
951 925
747 605
139 303
776 932
620 959
540 485
47 481
248 526
607 40
187 152
487 464
334 495
17 277
949 988
138 284
778 133
737 681
761 262
372 42
64 897
243 877
173 595
571 246
165 435
28 303
498 569
769 53
865 983
