50 50
151 108
-53 59
10 -77
-3 -145
-165 42
-135 111
-64 100
87 146
83 64
-68 -159
-186 185
177 -117
65 32
52 -150
69 -152
-128 -195
-137 -159
42 79
4 155
-108 60
-153 197
134 -140
170 110
78 -62
134 30
-195 173
-90 -192
-171 -67
59 -50
137 -191
-139 -49
33 -50
-50 151
-77 -60
-138 -50
-96 16
-6 84
8 -78
-3 -40
-148 -190
111 176
190 -137
-170 148
124 -179
83 92
166 -192
186 -89
74 -102
94 -70
-82 -76
4 -109
-152 -94
89 -25
-149 -32
-111 4
-13 -60
79 181
-85 -2
182 -129
-78 -105
165 -142
-22 -196
23 -39
148 60
-10 -80
-33 57
-183 -124
-2 118
-6 -97
-36 -181
-198 192
193 -14
-79 -5
9 156
-165 -2
112 -24
-32 -83
55 -175
-92 45
66 59
46 -4
-34 114
-129 45
-25 128
52 191
126 -200
-52 -137
-58 -32
-180 -137
-15 184
-176 37
149 -112
-173 -107
-100 -41
106 -70
-17 -28
127 -104
-177 -174
67 72
-90 96
