2 
1.0 0.0 -0.2 
0.0 
3 
1 0 -1 0 
0.707 
10
1.0 1.0 -1.0 0.5 0.0 0.0 -0.707 0.712 0.122 -0.961 0.0
0.0
10
1.0 1.0 -1.0 0.5 0.0 0.0 -0.707 0.712 0.122 -0.961 0.0
0.999
10
1.0 1.0 -1.0 0.5 0.0 0.0 -0.707 0.712 0.122 -0.961 1.0
0.999
10
1.0 1.0 -1.0 0.5 0.0 0.0 -0.707 0.712 0.122 -0.961 -1.0
0.999
2
0.0 0.0 1.0
0.0
1
0.0 1.0
0.0
1
0.0 0.0
0.0
1
0.0 -0.5
0.0
5
1.0 -1.0 1.0 -1.0 1.0 -1.0
0.525
10
1.0 1.0 1.0 1.0 1.0 1.0 1.0 1.0 1.0 1.0 1.0
0.0
1
0.2975664564575178 -0.8020749977917332
0.3708016618763683
1
0.7163255986096446 -0.5203889766615422
0.2636690088724245
1
0.16066371739493224 -0.5556019400970207
0.5336905160614414
1
0.9179817845648418 0.10253241623889497
0.7299636843960757
1
0.1810465023012251 0.23265428143777567
-0.1417762851839448
1
0.9661111934959209 0.8317836688489357
-0.931368093548216
1
0.6220774147866436 -0.8636526365792421
-0.3897472988538333
1
0.07551529952135894 -0.49322584467437314
-0.8897371208024456
1
0.6730129755342713 0.9149252311633402
-0.008901230700339102
1
0.5813872358803681 -0.0397843197371226
0.7809359145898371
1
0.26593773991860925 0.9626992368201033
-0.9957496702117992
1
0.440300888755075 -0.05023018096664855
0.2580229003264167
1
0.29387564665183075 0.2223389256450039
0.7044024340680262
1
0.7961557993833526 0.9918511549847973
0.560250757587371
1
0.8243145303091383 -0.16368817712974537
0.7570780390734726
1
0.4900057705314729 -0.21646013650498697
0.6358724355525083
1
0.8856282164247323 0.5304979117666195
-0.06876910889333487
1
0.3615140636059544 0.6817055934929066
-0.8932043866469659
1
0.6612396207316402 -0.5547145521476833
0.8173422393922536
1
0.11483083367762903 -0.760968702032548
0.838855960744421
2
0.3650624251682173 -0.631523741446568 0.05529185133177328
-0.8952156618734979
2
0.22580107885091816 0.019171143196536677 -0.708220768127517
0.44262242538266094
2
0.8045798696482781 0.8755736159951639 -0.3772086299611186
-0.14549683199571062
2
0.3289419870076916 0.12206040441600985 0.17330336623237774
0.7531713618799158
2
0.3288961352463815 0.12736657671830853 -0.10480186891608456
0.9907318096975113
2
0.6312532505265532 -0.3661504357270393 -0.6694930724653216
0.27057806495876924
2
0.442136905857774 -0.08653983099089624 -0.3505824688150456
0.8131681594245312
2
0.1807842105229529 -0.6988734438230328 -0.5066169206287698
0.6170172417111834
2
0.4396674335441064 -0.9817904811274414 -0.1412545304433428
0.6894798015535701
2
0.6891311351151753 -0.7368586797822472 -0.9761367985192915
0.21759689080115097
2
0.11915320407009855 0.17331259544999877 -0.6471872076697902
0.8074881772531222
2
0.316502899983071 -0.5482745326907614 -0.2986891701846941
0.6414703106167046
2
0.3124821926123741 -0.7961154749143078 -0.8944184732491223
-0.31471305201910305
2
0.9046015679478546 0.844849269604065 -0.5475266543622472
-0.07646083277560956
2
0.05495521278558435 0.813326026778689 0.9092055780299069
0.009607473488523643
2
0.5987241416127369 -0.7308706169937909 0.03370461179135864
-0.31294015482584503
2
0.45815077644926183 0.9522977543462194 0.6915678837247021
-0.12725587714642428
2
0.05049179663176506 -0.053401430707322284 0.17327009280628292
-0.6125347479514707
2
0.6028703192400073 0.21711427522652382 -0.7646929289469437
0.9783513100360279
2
0.6426128770972165 -0.5189486845897775 -0.8184521791025026
-0.50228437399259
3
0.01857024654535644 -0.7771311098978342 -0.44385416446722625 -0.11357465500026276
-0.1458287791287305
3
0.7396382714761266 0.5369373852675801 -0.04451057056245156 0.13137439751262248
-0.6033971704433887
3
0.8491666482954618 0.8677831856111522 0.43649455557653916 0.5024910520621491
-0.5447109300265789
3
0.8462640656388956 0.5745249826519683 -0.8641694763165586 0.20501469592347332
-0.5616490421615727
3
0.5320756557049756 -0.45671482410978514 0.9506666439733302 -0.43355348752785017
-0.9074556685515145
3
0.3888671286717822 0.021339517057805235 0.14357440396894905 -0.37370162108829663
0.7233939471237687
3
0.19762746511791207 -0.48467870125606427 -0.9698621754207888 0.324339892088638
-0.9118776097233317
3
0.8316319216231952 0.28134430674786337 -0.5923940469278139 -0.9137740891536752
-0.7446291570721884
3
0.33334193598983053 0.3689865353123838 0.3838671908038134 0.8071863261859422
0.7099418763164786
3
0.7145610614219714 -0.1726249238616686 0.34203775208216247 0.0020024843185633134
-0.8305968659509642
3
0.8364843993589944 -0.5282825969439378 0.5917356348161391 -0.3783224679316881
0.033340895616790656
3
0.457393881381959 -0.35521497983587147 -0.6872966310366748 -0.2820965499638073
-0.8721351847436349
3
0.09433838547187123 0.3537381557743773 0.36421975945015506 0.9459365361708187
-0.06350269698119226
3
0.45880615884477727 0.21322135767131067 -0.08902321660027024 0.41771784404809154
0.260085431362594
3
0.19919447768723564 0.3138176318297712 0.9435690549081253 0.819237350848939
0.19915317245496844
3
0.4412237419751567 0.29570009363278227 -0.13389891617779393 -0.6486499553128502
-0.4793965045509443
3
0.725341017207818 -0.3183054009632835 0.21264347119240923 0.5337319858941938
-0.8607545920986652
3
0.1500322469922315 0.3484054554934952 -0.6249076231136723 -0.41203093410963043
0.4839055551719258
3
0.4668116668392719 -0.8970166861998632 -0.5975343366631305 -0.21122459530835092
0.2589803141569458
3
0.7303869018058585 0.22493707787571338 0.32387406271659347 -0.41566505767775763
-0.22537598694465966
4
0.7676510624784417 -0.8681858884385747 -0.3995974433664853 -0.2905155919691198 -0.23607433306615988
-0.013242267383413386
4
0.4197600213953 0.33216477932551913 0.745307187101758 0.8497520971392629 -0.48104667425977743
-0.09903253579579707
4
0.23295754733808804 0.22204596172066426 0.5052854824423059 -0.6654170994467847 0.04568080167084698
-0.7983747299803694
4
0.178000310766105 -0.5913518441555696 0.9414947126333764 0.17515655407090036 0.7244579778862335
-0.6134275672062341
4
0.23618731681199645 0.7669823057927225 0.8070280171232189 0.011936962553444896 -0.06019464975373223
0.9187637883732671
4
0.4831201650282917 0.5729790221155866 -0.14692435008760762 -0.21217919725965184 0.18137195846709941
-0.9046258750463798
4
0.034133904000322346 -0.4708291281852939 -0.44201764427221724 0.6277320538234239 0.010882554185688065
0.9657235554226766
4
0.8852396184588068 -0.9450726478429432 -0.42408997758810507 -0.34696173247019346 -0.9831216782731993
0.907586072655753
4
0.8927433941701836 -0.09049235582170145 -0.16750263667735332 -0.7682446701032251 0.8331051789927948
-0.9902186127736172
4
0.46970175500807554 -0.25901559146527875 -0.2453288294703624 -0.07130149043115797 -0.7989892115242319
0.19374941628058795
4
0.8202668711209014 0.7749494193951325 0.7063029068993005 -0.777642765358127 0.0389379652056705
0.368141873703383
4
0.012867394855208936 0.6851663666137939 1.811870468693133E-4 0.28989844188596225 -0.23905626444908346
0.022167037101537
4
0.03604000307866995 0.17906596059594948 0.6529801621747602 0.06466439974560267 0.4811849518850584
-0.9569292766133901
4
0.35942255412287016 -0.7169867090885576 -0.27949400243790445 0.9219060877298122 -0.8462993015147524
-0.4479451337598479
4
0.9066709979408232 0.36819290065015453 -0.9338032589940637 -0.8278906636963963 0.6341338077301986
-0.10379518886123562
4
0.7534681411862781 0.10408226296070056 -0.15890971360610373 -0.19529397620818778 0.7051794258954125
0.16044386112264797
4
0.10583158184100805 0.5928994428593424 0.9464640419539325 -0.7604545644868599 -0.5292237898692169
-0.4342610504924509
4
0.05194990731428861 -0.401060627542982 -0.9369589305017172 0.1643100783607021 0.47846971769335567
-0.36592840444967245
4
0.37201050547822545 -0.9410611953081909 0.308751925599964 0.6619203760346095 0.3519319675316388
0.10713996770726886
4
0.03902625512371194 0.8048563967147262 0.6699977556503578 -0.09453016360588329 -0.4229819676896869
-0.7717964576898528
5
0.450502617631226 0.8538015319736478 0.5723750119154036 -0.29431751401759576 -0.05056748808282552 0.40249405766746427
-0.11247893782651563
5
0.8850611473168963 0.44285255842787485 -0.5326204542574746 -0.2817286174167768 0.552528477784854 0.2231411952159108
0.8744458248121119
5
0.043570753203247325 -0.1792012012171289 0.8993479669222393 0.13554507032711194 0.4821259848274557 0.7000817362471592
-0.02208442501376018
5
0.42920625938566426 -0.06898913432107334 -0.9100247918990816 0.07226231413852036 -0.3412685351662361 0.02983493871450027
-0.110533459610058
5
0.8712848515631988 -0.43106520761394873 -0.22580541247947994 -0.20128275216593727 0.6279454481849684 0.6278862832237504
-0.5653367271029996
5
0.8437503821569386 -0.2930392529610497 -0.4124624719151344 -0.8273234351333285 -0.696697962387568 0.7588881983733475
-0.5128898092252938
5
0.8054050886230966 0.4377934667780745 -0.6032046142093268 0.22230539984996112 -0.848541952567468 0.5786032803700789
-0.5950232451393724
5
0.08824833169862767 -0.519505547523057 -0.45600432717507955 0.5370350513482622 -0.5171856520517615 -0.6024169498034162
0.6312859997731803
5
0.20862584947550766 0.5504839161317312 -0.11762663764127201 -0.594483183631505 0.7367123804301781 0.11573248773918832
0.1359034534110961
5
0.20656156744306853 -0.4530150973098912 -0.7329676674578427 -0.7708934481643421 -0.17397999443233836 0.12797107115157447
-0.35359801543385827
5
0.9726976784398493 -0.6952530956977732 0.6428857952988329 -0.6570605179176536 -0.5781214206245 0.2150075815231436
-0.40785790885210127
5
0.9358576409660291 0.27384016604153527 -0.2598528856420088 -0.060749531601314466 -0.9293947628079382 -0.9703087350652053
-0.5971897337698602
5
0.3528342529299606 0.7495974682861923 -0.09131795289195566 0.042229249152196946 -0.18213489732521015 -0.5084401926450053
-0.7587604938318346
5
0.19464599063669963 -0.9613088564911143 0.13040785669841903 -0.8381251735395288 0.039744204064170896 -0.07352249914733555
0.12206673994050954
5
0.7985912174105797 0.8465832606672794 0.9391084830316239 -0.7244272733396662 0.02653076131570775 0.5359032008469258
0.03664786690850508
5
0.06305691958567783 0.010622776173178528 0.6961551754149329 0.43492186391723675 0.608762317191067 -0.9368167713115587
0.19898913504226368
5
0.26189612192992673 -0.3688960214665058 0.08360629837099776 0.580546678287988 -0.6123197762209454 0.6449238863764779
0.2734766090233911
5
0.4726389841495423 -0.14776910255413656 0.38155898148765943 -0.7725452937422459 -0.4499420132445582 0.5298351198767683
-0.4575158201605889
5
0.3595474896959733 0.3845820272896927 0.9480539404569484 -0.5738516181139754 -0.40525614836326107 0.784721765173721
-0.48117992349033
5
0.11201647967845074 -0.8562570924718564 0.39872773402056194 0.842616857552051 0.033356045238498 0.3307399738249428
0.6718658417537189
6
0.8203328276229152 -0.4891993191977231 0.3559903043249979 -0.5767194021921698 0.46947853824770314 0.5310969539703434 0.15210627456936643
-0.9404215087401366
6
0.647981630864012 0.2162424047617162 0.630794193932463 0.5028298596035352 -0.002406013821201869 0.26559670568196836 -0.23930705648760542
0.006390212672121809
6
0.9504951167053229 -0.35595886668866195 -0.1124904472068764 -0.3098552304233295 -0.41642534495804817 0.37484601265141726 -0.899777821679973
0.8474833456903821
6
0.6684040670918311 0.4358418069381942 0.9022021214603737 -0.1404840235801572 -0.07417158459140016 0.5719433625380244 0.9636816285836491
-0.10225730464710692
6
0.7895738844066561 0.21403012366671814 0.3120752362270671 -0.49540630363877414 0.5033921177198692 -0.3663626910361095 0.9592379715219077
-0.3880403737647029
6
0.320946250214452 0.9648671014496186 0.6698236589151934 -0.4089647090135986 -0.1177311102391776 -0.21061825435325865 0.34248388468060265
0.5225015289032331
6
0.23348626730961408 -0.3927069756558761 0.30572649655804573 0.03427542686706331 0.9720829998156619 -0.29378336886137024 0.722830287569934
-0.22523979213019052
6
0.9467415993902832 0.6927125727010826 0.25529184659873483 -0.12726967148591162 0.6158642300863977 -0.73521428519647 0.15185650648940285
0.5806904827833215
6
0.16941961976494724 0.6810740775332456 0.01026595969108568 -0.2932507768538588 -0.6042248570804709 -0.17819476389442657 0.6014312030551874
-0.5892473435953651
6
0.1623887630376587 -0.2614449281807325 0.3508188553721958 -0.5263744830285599 0.03759290130118087 0.15429471570729736 -0.6605837710580285
0.2445704540239968
6
0.7405106052687317 -0.49783311480534387 0.016719346605466257 -0.8710201074969819 -0.7032416741893306 0.7808833187113338 -0.7892342443842753
-0.2993827316871669
6
0.5797086951935838 -0.24340923228940925 -0.5246880997982961 0.3048279709132353 0.7088054141148641 -0.1444962122865745 -0.6681661600527842
-0.6347564787456521
6
0.6456803416216185 -0.5314423516380868 -0.45589256024908353 -0.4853548687207707 0.08698258958300786 0.3287863680177465 0.20570210393050314
0.1413569787706832
6
0.8106580128971657 0.12408465481513509 -0.8741986325614135 -0.024259122594684213 0.14987915842409727 0.5724658998741514 -0.23365947451658964
-0.0629307083735482
6
0.9746258755415413 -0.18611945525874396 0.8135303898384076 -0.38074490924570803 -0.8381306702887406 -0.8378863492778568 -0.6405859830679699
0.5146203449066651
6
0.2573985973448225 -0.9877677337865998 -0.3758184716366071 -0.6419107096694516 0.969185564061686 -0.9864929525999793 -0.8324534784424356
-0.18010599742675226
6
0.07796786007001 -0.5053140848388467 0.6175649441708255 0.1830844184830771 0.3144349613422279 0.5679496412632159 -0.9121439054309122
0.612836695287714
6
0.18752338666321045 0.3398338454056158 -0.3407361759074905 0.1577586758026368 -0.18763006837142493 0.22185358700177527 -0.43042734582294484
0.7190921250798128
6
0.9725545167283781 -0.5394792030643014 0.08497362793804464 0.8819170581916103 -0.5302732147176874 0.6958975492462796 -0.580448652409497
0.7231640267880328
6
0.5944384720585738 -0.39021856130039057 0.5241425579345931 -0.505554312852859 0.13194376949584408 0.5390721538393812 0.08349406697895123
-0.5765798444563499
7
0.7819218749735035 0.3068219680546358 -0.3592730337388266 0.7856031972836943 0.7395716954311542 0.4629255551355498 0.4106911810534444 -0.13075096210714587
-0.3141971692277292
7
0.31417898471704053 0.04887301009798639 0.4891216015833766 -0.22281049713373569 0.7013221153747136 0.41009662825534887 -0.6993167928283992 0.42382038419050816
0.31062151710116637
7
0.5806689488098901 -0.675570848280105 -0.20236294289083312 0.09102562010297666 -0.9944518757170413 0.8108000583963746 -0.8005682896105006 -0.8926507373872461
-0.7715375633148918
7
0.42965402303908484 0.40437786781980134 0.0684206664360274 -0.7020541763403765 -0.9487858822086834 -0.8771265799638983 0.8490649537987065 -0.6744913978204803
0.7632990706818032
7
0.2874021389097975 -0.7223156515070006 -0.6577990652462891 0.8009722347439274 0.09916460877854427 -0.8510318592191028 0.5461729843983467 -0.4778343766809299
-0.2927024715929314
7
0.9928600219767854 0.9467679408785004 -0.2808352090447712 0.5368489764722577 0.20074178568078493 0.16009020695615717 -0.8162699147518606 -0.7251450636653516
-8.329199050471914E-4
7
0.25178597089174104 -0.8984347160572208 -0.20778946765896844 0.6135914405104059 0.9921375789398936 -0.7946054115591605 -0.5319025020639856 0.27879759152324124
0.35614412741523105
7
0.9808051757411518 0.9817755049335375 0.729828456575953 0.7813544886474757 0.9736590086352324 -0.2895307832140279 0.9466138562174564 -0.28622237158377883
0.2560337713380698
7
0.6479565117906 -0.6296907508611371 0.7772881165532723 -0.9340516933378915 0.4284419323181736 0.8809582118622878 0.6195165615246585 -0.4245344955100294
-0.5536534207301513
7
0.7265220246195307 0.33157866191784047 -0.17493781757388072 -0.04046297971151702 0.5949481685356222 0.9797906484541496 0.12030983774808468 0.38038947238106346
0.4302866448846443
7
0.8712980911119864 -0.683440910499143 0.9809773103756378 0.5935492220582166 -0.8364925633452607 -0.7177863209384852 -0.10528378948783823 -0.010581709807096162
0.11094201633903578
7
0.11969376500755546 0.3417813219638961 -0.095401971224919 -0.8215845308903886 -0.3485614899306857 0.28148263169706866 -0.037061925551479025 -0.5363736607573213
-0.13992330730922675
7
0.8405561570165685 0.9790879245352913 -0.06744982175075442 0.7704483157989981 0.6396069695567537 -0.10712786009770814 0.9047356685860777 -0.4592006909938595
0.7156945631254872
7
0.32801495528789637 -0.4114244617870575 -0.5459746281661184 -0.015975170583427012 0.19491432339826997 -0.949598322793296 0.9316190734671437 -0.42089002373844875
-0.6127986278020199
7
0.7594166923249788 0.9962271774302216 -0.21426987199356673 -0.6323891062252449 -0.49411559829211904 0.3972350112219363 -0.9042132773815805 -0.5829052560282242
0.8689136300052509
7
0.542248408618377 0.07541471246136378 0.19190155779565843 0.6425821996049195 -0.25146425005101913 0.37249273752278866 -0.8866209420917466 -0.7624428506283538
0.7412386244872862
7
0.3717594524767597 -0.6336704295295512 -0.5672189167889021 -0.15072477011212237 -0.4098532190508255 -0.8568133967633156 -0.5192955990593704 -0.8868270666637736
0.16950621021383827
7
0.2616166283148299 0.5999554996432133 0.16818374771622624 0.37875944214054846 0.6905375001166048 -0.8524980713373862 -0.571219294577066 -0.18682647669645736
-0.9287687121241572
7
0.921216898033791 0.8468255850197071 0.6583160423844827 0.41021404339175294 -0.4439205613801336 -0.055847421706002764 -0.09918958237958164 -0.19068533747312277
0.3882400372348618
7
0.6767580593404343 0.328415213370127 -0.6866018895452097 0.01690982024034615 0.1975526290310028 -0.16098065776162396 0.7578574793517838 0.6389252505117997
0.29361149677663767
8
0.8447370374894877 0.2803836234401098 -0.78843518124319 -0.6069886737929049 -0.5109903917893426 -0.8481406813945016 -0.8397993851755328 -0.5535175488933097 0.9783138048359132
-0.6043232213316421
8
0.11733926816216722 0.2332587830837607 -0.06582272394275024 0.04173127645927366 -0.22281541906367996 -0.4005146849584611 -0.09906253775334761 0.8007962868797127 0.3069313936948117
-0.9776884814275706
8
0.9368919641875012 0.44693874945522416 0.0320769610162861 0.2492426075740206 0.545312443237735 -0.7399134691053606 0.666867549425429 -0.6419748647266481 -0.7244534857031879
0.5078128809712319
8
0.8810360992188173 -0.2594542096729613 -0.4430292146691195 -0.8651441902666357 0.6493571419209887 -0.7650748474591291 0.4199506089884404 0.5808438408305383 -0.9446757253824549
0.9131923944884743
8
0.48011943960199643 0.9611522927107206 0.4585171708509448 -0.12237143219968405 0.9691001540778439 -0.27723237347518404 0.34277628340199584 -0.17292956264949466 -0.49208997061198256
-0.6735098047356833
8
0.3214512288734095 -0.8748308559751405 0.19291556026957601 -0.49124042791378986 -0.11633371956029914 0.6358020721045046 0.9421713764484823 0.24083860631758558 0.7807797721639731
0.6865379684174457
8
0.4927465072608652 -0.36995328498685853 0.4025227211717777 0.17925988230707857 -0.9504013026932772 0.6971853746275358 0.38329759139352415 -0.9122470790439434 0.8044375435902367
0.21625156653542543
8
0.06773067410030764 0.36526709411616376 -0.10696912072832032 -0.38301084552898157 0.5233636115328999 0.6307684637369775 -0.8340179942342811 0.32778004657111204 0.04359676715882044
0.9107953114278355
8
0.5515682483262543 -0.12416886104918246 -0.8019570601631814 -0.815461042359346 0.8287048457298007 0.5635655177129915 -0.5486196814780306 -0.4870283718419637 0.6124859097494593
-0.39542031441649006
8
0.4661446250349832 0.12854782622563232 0.29865903767579915 0.22948202232387316 -0.13232241120582788 -0.9797921563686369 -0.2850599515054393 -0.538619817985734 -0.368178511943555
0.26911516242756783
8
0.39436223523770353 0.012738940200653248 -0.7526025483677621 -0.32623569412662046 0.8331697326732437 -0.9302174630433315 0.19295842404842456 0.04879569563744224 -0.7350034274346606
-0.39243058907294737
8
0.2257426856949214 0.9900607362395615 0.8771167357019243 0.31831901673175755 -0.12277604796653585 0.8691805342998355 -0.2869762865424015 0.23752549833425962 0.16309361960670676
0.3540466942877891
8
0.28810513998995235 -0.2831556196292999 0.9585352090855106 0.8474146761112062 0.2567053897857996 0.5196920388580133 -0.9822594144187833 -0.10605588916669695 0.6681505433196411
0.5049518234168326
8
0.8253931701866174 0.8267426131742526 0.2626644033434584 0.6161320171009066 -0.7947280641403662 -0.29232579463366903 0.3270722535261328 -0.29222407656773863 0.8236401170411705
0.9613948139498545
8
0.5314524971615994 0.11787587232444041 0.30143608690237955 0.011281886323553536 0.7139006509840555 -0.16550347052156122 0.514340187873823 0.6961277818916989 0.4285695262651803
-0.3932325847331595
8
0.7934430972087904 -0.7203306605539919 -0.9682878636358314 -0.5851454349415182 -0.25664372373365096 -0.5392703171564581 -0.5723933753031503 0.34047841628445696 -0.38857841444164043
-0.050048320802818624
8
0.9844562620287779 -0.9310062983081844 -0.3583250605008004 -0.10019577381694478 -0.20083754299851164 -0.9939951726651803 0.26128121000308213 -0.24225239472973037 -0.08695482625425588
0.3059391855332909
8
0.6987741679753868 -0.041854299236963044 0.4775086366429473 0.9869569521189132 0.08730062050473708 -0.7232833572426698 -0.18195863062770679 0.7460274016783282 -0.969486695678905
0.6420169118607815
8
0.6991592270925996 0.0899558563484899 0.15174647453896917 0.7316560719220808 0.10772559045293484 -0.03740237752098663 -0.49950618855183193 0.776643382122387 -0.7798956927135077
-0.8245509075847974
8
0.5758199518620853 -0.34452975626384386 -0.5016117612950544 0.6382592115883092 0.15979858105170308 0.5802354882069869 0.09362894107756903 0.6382573598751269 -0.9236184047462606
-0.5396760284897342
9
0.5616191803123536 0.2310466390281405 0.05582688548006143 0.37485161299562253 0.11210240252825554 0.18316572736841463 -0.8425085033641657 -0.5067065750630353 -0.15845153294186076 0.8457742825974977
0.09229492374272197
9
0.12720726820635364 0.5749781993803948 -0.15912927553673661 -0.6317253382226107 -0.35317367881539874 -0.8846955774733667 -0.49409563070588947 -0.44320514106671505 -0.969806138397264 -0.30184004369617745
0.6695967055265304
9
0.11561355914159721 -0.9056758013907686 -0.6638271817224406 -0.4787600722422862 -0.9775000632968855 -0.7259336432165155 0.9034323717777419 0.08769370308100277 0.19099278226848693 -0.778840433898141
-0.014402226358151582
9
0.5733776280211322 -0.8681730616732284 -0.22013258815029801 0.3199277534530358 -0.7174710938470461 0.3106851962477306 -0.6785603443446553 0.510840905871073 0.22787698271919088 -0.7301302374516341
-0.7368539586084917
9
0.31522070697861504 0.6409848900408304 0.549385578334026 0.1308302119182796 -0.7002247343528865 0.02752743585749129 0.6354155536627555 -0.3803651698390058 0.8954082628800935 -0.3531233414971062
-0.6213695930311369
9
0.8828754412036949 0.637247380768186 -0.06975652761143558 0.7173565888754314 -0.43725055687807135 0.4873528785237855 0.19060022246330832 0.9957006701665891 -0.8607444621623606 -0.9741811838480734
-0.7813172046740198
9
0.8421550809794431 -0.03957223008727029 -0.2313741131061433 0.7363249699495948 0.8915254223480231 0.4239096673868863 0.753700275072223 0.6178306878306488 -0.3047412029192087 -0.30837668904356086
0.6452388570092096
9
0.14602131293337417 -0.9689879987349994 0.6319770309648454 -0.9073095604679728 0.8022192660974075 0.6390237599786774 -0.6572362457836314 0.629610167478293 -0.3722149585802226 -0.59638434760159
0.8832286222740464
9
0.5044661457833882 -0.4385280136616141 0.31038370861813136 0.5644881428370994 0.5450349921927928 -0.3126764031111975 -0.7980393697905539 0.43068622904067055 -0.2307007525088871 0.8194858505658749
-0.4693483259733875
9
0.20448749913990938 0.5046908617082928 -0.3613377063443006 -0.6136740144373667 -0.9853871455585923 0.3262239809939751 -0.7974361174627094 -0.7794775928449957 0.46817335377903935 0.2979922312852308
-0.4913623678891943
9
0.946403868085658 -0.38493692413423797 0.8637814773332082 0.3518101546521821 0.9330027907206828 -0.8667500282994842 0.8171060933049117 0.8469369788096512 -0.7570295345286016 -0.8266950357099803
0.38784016311024705
9
0.33754997603251813 0.8542375754016316 -0.20443507685517726 -0.34355899294854453 -0.6351510185557725 0.8128005981169912 -0.6475730168709894 0.7430925197655653 0.7339380849607282 0.780043511864422
0.30948747717306513
9
0.7589613207784437 -0.005942726937246734 0.5187740845793656 -0.09255813762909382 -0.06022179428841956 0.9605166984599902 0.0759634078386846 -0.46263407658818156 0.5548677127619313 0.31079109860826626
-0.8211493612652581
9
0.36759999384634034 0.1729119446098959 0.9002865000725813 -0.8713459689129204 -0.70303706731294 0.2872689487537132 0.7706447161576027 -0.6937926049672363 -0.8255752973071748 -0.5831708995985594
-0.3246474395495653
9
0.1482092094539582 0.5316690810663953 -0.7786959776846185 0.6993782373556157 0.5935242334393152 -0.3738173549157726 -0.02213932494425297 -0.13599182477521055 0.8666973345832922 0.023807587371970973
0.8058803543919535
9
0.2425062149892252 0.845633415228112 -0.9348993045800518 -0.11204891821839791 -0.5082811175472592 -0.9716697027005468 0.47134204017719084 0.8590285935969448 0.9165299832079532 0.6183458821228554
0.511642614491316
9
0.26101535639368645 -0.6711309941298764 0.3664003448069595 -0.7516999697608202 0.09695728631169631 -0.8855044053617405 0.32126705557947055 -0.9642420238488054 0.32195565595544506 0.19058366784235536
0.8874736855042555
9
0.33461259726850245 -0.10141891943403869 0.9989078713349568 -0.9575860030280965 -0.6377846756875611 -0.9901723624984817 -0.5660618495281708 -0.9169520925260923 -0.9220299634753608 0.938335320978376
0.7395945844040019
9
0.9262235988023353 0.6479326824150287 -0.8264940063597681 0.34786786167786876 0.03902021407949796 0.581141894658223 0.8200888862070548 0.13446493994304287 0.8463290232284073 -0.4983825217776512
0.6071250612522523
9
0.8155452507928895 -0.9010108996673076 -0.25348484603649 -0.6550315608866841 -0.6390696090688373 -0.31977885679154117 0.8160285503041105 -0.710571850175638 0.6533539691630594 0.08920113335357094
0.08672116373221805
10
0.7729531419077458 -0.9541927195993334 -0.13856573457622368 0.48317282060702094 -0.6172677553830952 0.6953214703288659 -0.3870439425813592 -0.35147031372993 -0.8782757899257165 -0.9009870850472641 -0.4507584615293103
0.5627489865463122
10
0.0676672346098367 0.8624071737596954 -0.5777177107490301 -0.47196697313913827 -0.5964338996680993 0.2563686122803088 0.12436907635927041 -0.025849346893535463 -0.9298262727063027 -0.13212557303966022 -0.6253046465053851
-0.3679536728573669
10
0.2432458473738034 0.7768213366611736 0.2849757868407188 0.28234175012255225 -0.6574403605552139 -0.6194908513338153 -0.017148094826938687 -0.49396379975959737 -0.3409561127794418 -0.7606031150606511 -0.07306545705682321
0.6479165509224201
10
0.3248907771381754 -0.8678191279181007 0.06491178476572301 0.5488899828574836 0.7636020818530111 0.8851972055332131 -0.43377179494225304 0.5116562285302866 -0.42459062296167005 0.48060421893536587 -0.4965794708151974
0.43483845322209813
10
0.8101672819950344 -0.550246244993988 -0.4387282268071002 -0.9161040803591283 -0.24889988749316405 0.6226126679042812 -0.37947517100995776 -0.9371556354028896 -0.8524386426934021 0.9310501452894613 -0.10702562954585759
-0.7909871830456634
10
0.8593605825783832 0.1532580083418944 0.17733372765269584 -0.14623081868639876 -0.6886584805447127 0.2385262096134919 -0.239647468917773 -0.3246502779828764 0.8756035929074246 -0.8339529998673978 0.5052374422586441
0.715630918379067
10
0.26854788330059587 0.16837577165737616 0.749508091775422 0.5408851006996314 -0.6142618990607485 -0.41037135449497386 0.7769971230026256 -0.5027351691289648 -0.28392157593978307 0.6504511251437923 -0.16621746784184754
0.5449629558687237
10
0.7198627185210552 -0.043756123244641065 -0.07458267344462532 -0.7492995348855114 -0.5604901533133693 0.7120863444782943 0.9629009290110813 0.17639467697308975 -0.2537052948498735 -0.7027494856343617 -0.7825859710826772
-0.8774334652681748
10
0.2965916009594616 0.10415194191742305 0.4989171764098437 0.4682455105472094 0.6382009157968127 -0.6389639107687222 0.9912908916138072 -0.8051629111397334 0.9453566846233004 0.034653751827147916 0.25677409832350295
0.08961809447399971
10
0.33765780153493563 0.8486303851047157 0.5650355488630003 0.0952305101312465 -0.13925513707096293 0.9551879465672664 0.4072897332909098 -0.19525449370320125 0.1277217522935954 -0.13766849803643444 -0.17655049125998623
0.6975747053985584
10
0.3867104622747731 -0.15443477152377705 -0.9996168951983511 -0.1302934782594929 0.2216264656869087 -0.7373438807816037 -0.5080769365606421 -0.2675494218472334 -0.44855744579208157 -0.05808379319989787 -0.6336480360061882
0.4370752208081574
10
0.26545171489441577 0.12892822140452398 -0.3953315410674907 -0.37157394217611195 0.38601409082929417 0.35359119775535475 -0.846985567512714 -0.4611821388698527 -0.6029223566760638 -0.9811822449655179 0.17522350888430482
-0.5958062863169964
10
0.1689986016902536 -0.48583418418091995 -0.7434723868899102 -0.28225062055017336 -0.239434889950491 -0.7778581151686903 0.5770382027703391 -0.06807587576331908 0.1745826595135529 0.9118660861747419 -0.5963046503438167
0.8778615021495186
10
0.14299001488139418 0.7042415250133778 0.6419568953904411 -0.6078524917157788 0.6289357984223489 0.04472466992455937 -0.35642210949210584 -0.5761638480959868 0.16432170027167925 -0.06575437986420063 0.9844083147960145
-0.759523749532385
10
0.35781411868293234 0.04578114223490726 -0.49378437763976657 0.260055252197098 -0.5251461725799178 -0.706464372358276 0.5591163483553545 -0.4935193364285584 -0.765332038668918 -0.07636117600320103 -0.9137202668116329
0.719420542282363
10
0.24474439934897418 0.25972251271579094 -0.039856349740375885 0.7450306055014364 0.0969407574225416 -0.13630974219839898 0.8094620452013221 -0.007704825123902026 -0.19751066559486485 -0.938550770866317 -0.5309192529284565
0.46041551671638214
10
0.8019375791765507 0.5353244397616583 -0.8605833763965451 0.1258800982159065 0.6682999079864 -6.694354336209685E-4 -0.6398066150259483 0.3235551831176584 0.31414354369827113 -0.14957217652982702 -0.016934404378144308
-0.8356625134888211
10
0.21516033121549571 0.128343517748144 0.4703399459548028 -0.9973863737416642 -0.36978785556596017 -0.8815081648990091 0.052081770720055376 -0.5000265097378545 0.4234362292553382 -0.5030199289343047 -0.45852771246863067
-0.07267072475766367
10
0.36877577071905787 -0.9563606221213703 0.938360630566659 -0.9942065503578317 -0.7668882253690572 -0.3615246379351922 0.3435320567704301 -0.1926269079813523 0.02932155086390309 0.5088825731808859 -0.8387062418613696
-0.9802587685276221
10
0.8469345407536649 -0.4905764206322072 0.08555462621175836 0.22504758092369403 0.6493415357241759 -0.4070753215596479 -0.055343025117569944 -0.24906379448765414 0.509954917786354 0.5710937073296083 -0.8772060607533327
-0.8773607964569601
0

