1
-0.999 0.956
-0.317
3
0 1 1 0
0.091
10
0.547 0.990 -0.335 0.186 -0.088 -0.489 0.732 -0.490 0.416 -0.620 0.206
-0.150
3
-0.510 -0.610 0.117 0.117
0.676
2
0.961 -0.951 -0.221
0.067
4
0.174 -0.685 -0.101 0.874 -0.209
0.515
6
-0.417 0.106 0.567 -0.301 -0.632 -0.102 -0.431
0.785
9
0.145 0.249 0.138 -0.865 -0.726 -0.513 0.532 0.524 -0.692 -0.475
-0.841
5
-0.969 -0.517 0.562 -0.778 0.711 -0.712
0.258
7
-0.922 0.532 0.673 0.668 -0.914 -0.131 0.216 0.669
-0.896
8
-0.126 0.190 0.696 -0.101 0.956 -0.419 0.592 -0.693 0.039
0.471
10
1 0 1 0 1 -1 0 -1 1 1 0
0.076
0
