1000 5000
563 998 69
131 158 26
141 255 56
575 979 81
692 713 28
747 838 66
389 1000 32
325 773 16
332 596 39
183 989 74
244 769 56
596 800 30
992 1000 39
771 905 100
792 901 6
988 1000 58
397 700 39
468 615 14
280 973 20
328 733 34
542 577 87
158 595 23
38 406 24
870 926 27
4 925 1
969 996 75
532 761 73
25 75 44
197 659 83
808 823 17
469 711 100
366 975 14
103 937 5
828 905 1
158 670 95
998 999 79
21 343 32
34 874 94
960 981 33
610 711 47
106 590 65
631 750 96
892 919 61
548 941 92
949 967 76
575 849 53
96 918 62
241 385 88
159 379 96
414 740 70
539 613 79
960 988 70
932 955 8
710 872 23
90 684 2
346 416 5
494 641 85
954 989 33
863 944 54
762 853 98
608 635 2
221 782 53
975 995 2
928 960 95
381 725 73
733 941 42
855 996 73
973 995 96
246 555 93
685 853 29
997 1000 16
146 939 69
861 895 85
589 703 21
938 1000 81
102 474 61
82 311 58
9 658 94
238 355 50
236 437 92
414 642 22
905 970 13
281 350 28
315 332 72
691 901 39
190 731 74
529 993 8
503 624 8
401 796 6
364 757 38
200 419 25
327 668 42
451 720 76
317 916 10
264 320 93
753 843 44
480 616 37
149 695 3
648 962 16
238 909 2
643 668 47
700 777 66
647 982 90
504 647 6
8 362 80
790 871 68
618 681 72
384 445 90
174 345 96
400 956 12
437 886 72
793 869 15
803 816 93
154 647 90
91 313 18
423 640 9
766 969 96
860 941 66
551 825 64
897 982 24
215 617 16
280 717 19
68 789 28
977 991 100
44 235 80
382 718 23
362 538 42
332 652 96
30 457 100
290 368 60
25 771 83
606 858 69
478 992 86
579 728 86
518 552 35
536 987 65
411 677 31
232 615 97
39 228 47
204 567 48
928 996 13
188 440 33
992 998 19
799 848 100
305 872 20
239 328 7
521 661 36
982 987 51
538 654 80
393 421 29
518 858 56
251 808 18
783 935 54
814 931 14
943 980 53
651 957 28
876 896 100
535 751 86
44 561 93
844 931 93
284 969 25
1 101 79
557 932 45
350 551 64
893 925 21
719 984 89
500 629 16
654 984 53
234 541 87
524 829 11
320 985 86
121 550 8
512 737 27
841 954 13
185 856 98
52 569 73
114 753 35
331 980 92
149 387 92
497 847 55
559 731 41
897 938 17
179 410 34
936 941 55
372 904 48
414 693 98
810 895 20
887 955 75
837 999 11
361 810 51
852 921 40
614 909 91
963 979 39
502 886 48
453 767 63
175 496 18
959 979 100
576 652 86
551 621 41
141 824 84
25 578 34
74 614 51
204 662 53
104 730 89
727 933 86
285 297 60
593 734 73
985 990 74
867 924 20
352 638 23
922 963 30
629 758 24
158 465 65
674 888 2
331 733 92
662 694 11
965 970 76
973 986 9
767 899 43
419 926 85
77 472 60
958 1000 93
620 663 86
310 991 41
964 971 76
469 599 100
6 684 25
124 675 43
886 966 62
375 895 57
938 962 34
560 573 61
990 1000 38
650 994 88
942 974 86
716 795 45
112 987 59
394 725 51
693 967 6
257 958 39
655 827 44
650 744 33
799 940 54
130 248 89
877 970 93
685 714 46
60 186 8
442 748 55
310 455 40
751 946 87
125 456 96
979 987 85
508 751 80
832 871 87
231 624 54
171 594 71
130 909 34
847 888 8
301 397 99
78 606 27
133 731 25
619 791 49
574 691 78
729 983 46
597 939 19
676 896 12
823 934 69
849 945 81
958 979 87
818 872 51
554 837 54
9 582 44
385 850 9
543 628 39
375 765 71
48 865 19
473 948 40
930 971 21
325 370 70
485 776 46
883 936 16
322 685 97
532 657 88
116 662 25
250 957 81
588 869 19
396 975 82
219 961 4
569 868 56
767 923 52
522 558 75
62 896 48
987 988 100
211 973 59
888 978 91
990 996 90
145 997 54
340 371 20
553 668 91
309 766 71
684 690 62
207 270 70
28 782 19
103 257 91
518 593 19
529 535 9
720 753 67
159 838 14
67 740 24
481 618 21
656 797 77
812 917 41
748 816 2
310 401 14
799 940 52
996 998 94
403 913 97
950 968 2
48 937 29
641 983 75
939 953 72
246 800 24
624 913 24
416 647 89
208 362 77
857 980 97
228 786 75
128 543 41
300 492 63
482 725 64
867 945 42
301 883 31
921 931 44
44 968 89
934 946 96
420 649 10
623 858 51
240 623 21
6 950 52
841 912 25
115 753 2
210 432 40
593 960 13
799 961 82
5 831 32
802 826 7
418 437 15
657 675 68
333 818 22
767 913 51
448 888 38
528 645 93
437 684 54
119 203 14
521 989 78
142 347 45
30 164 46
461 548 24
75 216 42
535 628 40
861 919 25
930 979 37
901 984 4
36 856 86
126 558 30
828 912 49
325 954 4
691 740 86
403 442 95
770 848 17
477 673 55
893 937 11
995 999 45
823 931 29
358 547 43
664 962 38
370 813 12
415 640 60
502 750 73
270 829 7
69 351 3
91 279 21
284 467 11
942 944 78
991 998 67
161 822 57
599 811 34
410 551 64
520 757 82
511 683 82
230 265 67
760 908 44
404 571 36
320 539 71
644 736 16
138 588 36
483 687 91
683 964 53
69 303 93
117 399 43
227 702 31
774 949 91
49 751 88
874 980 19
243 622 10
628 666 83
351 942 6
954 998 22
273 407 45
41 962 68
344 551 71
799 835 80
785 991 19
947 952 15
951 975 94
808 931 8
182 870 26
419 998 77
88 594 76
613 790 21
88 647 53
770 817 93
755 972 1
833 889 55
474 559 27
806 853 52
712 776 93
358 780 9
331 464 78
684 826 79
318 357 60
935 960 97
290 805 75
149 205 3
575 613 25
985 991 98
611 674 76
651 953 90
175 868 41
677 768 23
669 911 59
657 978 76
994 995 79
8 199 9
658 918 97
549 645 43
879 948 21
252 605 8
413 547 1
890 980 70
855 889 48
846 853 56
690 978 49
255 909 51
488 973 95
898 953 54
356 900 88
970 991 56
534 640 33
370 742 51
705 730 29
927 954 42
832 896 15
931 998 19
102 424 71
221 766 46
882 989 67
651 918 22
702 898 53
515 920 64
781 825 90
914 987 14
196 797 93
226 560 35
452 746 79
425 530 99
910 970 32
519 796 45
719 955 81
898 963 90
590 606 46
290 367 91
35 257 69
172 611 23
491 669 22
157 987 71
679 923 22
943 971 24
795 800 30
635 879 5
668 996 45
778 878 41
862 910 52
708 962 34
189 854 36
369 822 82
309 435 57
398 634 91
965 984 88
811 981 59
874 977 49
606 899 100
243 246 16
17 849 33
741 856 7
205 283 90
541 707 65
105 705 57
354 582 35
304 497 10
270 625 38
444 651 32
685 743 70
687 751 26
663 775 80
443 511 65
674 758 9
606 852 34
915 932 4
547 629 20
692 718 55
422 957 66
64 493 86
282 981 21
484 812 6
335 708 39
406 639 79
101 311 8
57 153 68
527 639 82
796 899 59
771 929 44
496 545 64
717 914 68
576 831 61
531 824 51
617 993 54
197 381 41
628 689 15
420 496 98
382 433 89
124 473 24
956 975 94
587 769 48
607 813 66
364 884 65
700 984 70
650 786 24
687 844 54
62 936 54
459 521 1
205 385 6
189 774 23
979 995 71
568 753 23
749 823 81
144 292 38
671 814 66
608 892 74
2 201 21
463 691 25
115 825 80
648 818 5
704 985 7
945 971 1
247 367 51
973 982 54
748 764 17
879 926 45
984 993 86
981 997 13
694 899 7
694 888 6
903 954 80
74 736 57
870 922 14
350 778 14
426 828 25
741 761 33
499 806 8
963 993 73
507 840 1
815 928 64
239 422 99
313 891 85
476 597 70
712 726 49
307 643 40
432 985 52
478 950 24
3 589 28
475 805 14
998 999 65
586 681 28
20 359 80
327 954 23
995 1000 18
473 949 69
82 733 6
395 623 42
225 984 28
506 886 3
355 439 83
631 719 80
663 996 97
983 988 95
287 459 81
769 932 39
573 725 70
339 610 29
450 887 80
273 422 1
397 448 45
259 858 7
699 944 29
317 535 28
316 362 64
328 924 9
479 865 29
535 705 94
967 973 54
70 253 24
278 551 81
183 214 87
215 439 51
744 789 17
311 597 68
698 841 24
60 279 95
537 578 49
791 809 55
180 300 12
6 910 33
910 997 78
162 659 74
92 235 64
325 681 75
594 925 95
971 999 93
993 996 67
397 733 28
699 866 2
259 839 87
230 532 41
358 464 59
489 564 48
267 607 25
545 615 100
555 721 100
36 849 48
315 893 87
765 790 66
143 923 65
633 951 21
268 790 16
774 966 86
917 929 71
87 235 95
49 62 45
118 832 13
327 825 40
366 825 74
166 380 5
339 826 42
23 911 34
63 625 61
444 772 74
599 958 39
13 687 16
357 965 67
16 550 74
202 526 62
406 591 35
427 864 1
985 999 59
397 496 9
921 976 29
383 959 74
939 959 91
782 963 100
757 952 52
46 870 14
435 963 89
613 911 18
137 659 7
609 708 91
468 586 55
755 762 34
418 596 1
721 924 43
26 747 72
627 988 85
265 801 89
978 997 17
204 772 78
755 892 96
806 929 76
956 978 29
578 840 76
76 443 98
304 974 35
753 946 94
839 982 88
307 704 80
290 849 52
855 966 71
583 786 32
684 821 92
161 959 35
539 823 78
127 432 18
943 999 33
730 753 97
315 896 34
482 809 37
400 507 93
475 722 35
392 503 62
908 973 9
153 711 45
329 626 7
752 878 24
545 745 73
856 915 90
911 945 75
802 873 31
155 714 83
190 247 10
568 606 26
96 285 16
204 229 26
642 854 2
481 879 63
983 997 47
198 846 73
98 318 72
102 250 75
258 974 7
812 982 12
950 976 43
459 953 32
736 775 97
576 783 41
14 500 62
257 861 28
182 365 1
127 978 52
289 566 10
305 668 12
66 352 74
785 997 29
309 982 46
121 128 53
926 995 20
71 955 62
227 756 77
246 711 15
698 723 81
437 770 67
705 732 66
223 442 4
866 884 85
884 937 18
444 467 84
56 918 41
58 284 74
650 696 49
721 923 72
81 275 15
360 519 46
880 968 7
25 703 5
443 712 53
491 802 69
181 784 65
424 523 32
534 871 15
177 220 49
605 977 12
718 916 36
664 997 60
236 539 85
878 886 35
338 736 34
44 715 41
366 508 84
249 310 96
275 507 7
608 993 49
272 691 42
827 837 86
661 811 55
778 796 1
77 96 13
110 348 62
426 915 69
12 836 59
810 944 9
998 1000 23
52 520 81
730 790 13
724 924 87
712 981 31
361 380 8
359 997 74
309 516 8
182 582 13
276 451 15
587 761 48
86 703 76
75 762 17
246 460 92
152 333 33
892 930 16
403 865 47
552 626 92
396 683 91
245 302 79
486 749 38
283 539 8
431 615 32
627 936 64
442 779 31
784 791 91
449 450 53
744 822 79
610 999 19
254 600 43
74 496 92
444 528 46
238 779 49
779 781 32
381 607 35
82 278 3
109 152 83
602 970 18
244 702 41
702 962 63
647 738 51
957 970 39
339 581 41
254 802 77
827 959 47
560 608 5
508 788 20
615 655 65
788 972 60
377 564 86
827 879 13
782 839 22
332 464 86
118 875 83
990 999 89
672 675 66
579 690 58
24 869 60
229 570 44
182 783 51
167 933 92
528 633 38
232 700 7
931 962 83
385 405 94
621 630 100
28 506 41
299 803 51
958 990 45
389 890 50
352 848 68
641 972 7
976 988 22
766 873 65
888 915 15
179 182 1
121 185 18
327 405 89
453 840 92
133 552 49
101 113 50
859 994 59
629 787 26
366 943 84
573 792 30
400 833 11
703 726 77
517 555 87
430 708 75
524 818 6
620 685 42
287 699 4
345 692 79
938 977 98
782 807 17
734 784 25
768 1000 33
900 940 19
918 952 13
921 950 18
936 937 17
257 982 69
435 695 20
355 562 86
476 647 6
403 948 56
793 849 99
456 788 97
688 990 63
324 765 21
630 704 64
325 475 72
672 995 55
836 860 73
294 637 57
139 696 42
134 373 49
198 486 70
388 748 89
940 959 44
115 406 48
499 539 17
432 687 93
906 940 46
928 979 99
710 966 39
683 758 29
636 723 8
326 629 85
428 802 57
687 808 100
878 897 82
3 68 25
957 962 59
525 534 45
749 895 83
324 896 94
930 995 51
415 793 95
541 544 77
952 969 90
737 884 32
733 913 25
242 380 47
558 590 12
847 938 98
790 840 73
838 932 26
310 418 30
422 786 14
951 984 38
834 989 51
426 715 100
136 896 7
245 267 78
700 756 11
270 641 35
560 788 2
32 495 28
713 925 78
733 852 55
881 939 11
647 689 3
993 997 44
217 262 62
50 336 22
213 302 36
258 461 11
899 935 15
861 918 5
23 653 99
737 833 46
131 943 28
250 454 22
267 464 33
73 524 29
266 664 12
441 860 13
402 769 46
23 993 56
271 706 95
223 731 51
25 829 51
55 672 96
322 650 58
320 856 85
400 831 16
154 825 67
669 784 95
878 884 27
814 897 21
310 552 53
16 525 10
388 989 83
27 47 95
104 454 14
77 681 75
202 973 6
14 691 35
653 797 7
644 971 62
140 866 13
302 704 13
351 482 34
113 467 64
295 843 69
830 969 71
190 997 23
710 969 31
825 909 72
218 920 2
869 999 77
269 612 71
785 810 59
960 974 79
973 974 96
634 650 25
863 926 70
671 910 15
100 911 35
464 635 79
944 962 41
123 454 45
843 850 19
642 831 60
705 889 21
683 990 17
632 749 16
321 607 54
361 928 45
549 655 36
352 451 39
711 973 96
26 696 70
885 922 68
992 999 79
731 832 46
471 807 37
769 829 90
559 973 38
498 841 85
256 520 79
183 454 6
161 542 58
439 607 38
423 514 70
286 704 45
316 906 56
196 938 59
240 659 66
834 965 88
123 853 77
274 519 61
87 201 2
203 517 35
644 680 85
178 546 37
841 997 21
798 881 22
803 968 27
244 897 43
451 459 86
333 368 23
796 891 5
520 967 78
931 945 17
122 510 50
689 831 58
25 264 29
718 829 3
723 814 47
925 967 58
112 574 21
666 927 34
941 953 86
893 981 12
767 921 51
212 774 88
581 781 75
504 800 5
738 922 92
876 900 11
153 157 5
221 372 1
984 992 2
855 871 33
249 407 58
731 918 100
393 988 83
304 756 59
99 409 14
592 763 70
813 870 42
292 601 87
317 826 99
110 492 60
878 910 50
506 778 89
505 510 99
742 985 13
151 311 2
876 914 89
737 774 23
51 417 34
293 324 13
246 376 20
489 805 85
885 936 32
59 327 70
738 787 48
604 773 97
814 921 88
51 397 3
823 973 1
114 535 88
45 938 96
315 634 72
677 861 55
187 493 78
97 739 38
738 905 71
278 427 16
892 929 69
893 909 13
270 504 56
964 971 57
752 830 53
389 390 70
884 900 27
117 798 84
202 305 70
723 797 3
694 723 10
308 353 69
779 926 45
944 948 44
668 838 95
496 521 98
202 911 2
9 74 9
342 808 35
615 775 84
182 504 57
982 995 32
43 971 31
351 899 48
948 966 76
339 583 81
221 726 11
883 920 73
340 680 48
580 858 90
801 915 52
978 990 56
628 903 77
992 997 24
790 808 13
535 847 93
132 470 80
736 953 39
105 818 40
534 602 60
143 491 93
218 885 16
329 383 60
456 871 58
605 696 19
289 645 26
432 450 82
9 735 5
999 1000 21
277 333 27
870 873 67
794 844 58
629 738 45
947 956 7
174 924 52
340 903 100
489 876 94
215 413 20
424 895 86
218 840 81
648 867 65
172 349 5
83 558 23
941 979 62
942 962 83
21 449 21
712 866 77
912 917 97
64 582 14
52 892 91
348 700 15
641 814 67
807 867 81
729 962 40
401 891 15
277 357 26
856 958 86
906 937 84
841 973 3
264 498 81
821 823 23
798 902 41
911 944 94
229 403 54
669 696 12
385 896 12
474 835 34
458 876 85
547 647 37
165 223 33
399 652 89
860 998 82
96 286 3
637 908 12
385 831 72
631 786 55
785 987 55
135 989 28
486 669 68
588 705 74
896 899 65
316 735 81
313 431 61
843 878 70
514 524 18
942 968 55
718 946 22
315 557 57
415 722 8
600 638 58
530 862 40
764 912 7
783 961 37
876 883 75
651 777 6
603 695 19
254 570 30
13 922 90
905 916 56
810 815 99
606 717 39
31 901 39
308 791 65
529 895 30
865 971 10
321 899 68
916 976 90
125 301 63
662 852 68
919 932 3
727 960 69
936 975 30
775 904 58
398 911 8
494 903 32
49 520 39
119 832 22
66 407 51
469 473 43
886 997 49
514 818 83
481 703 84
682 703 30
118 572 29
17 214 19
2 889 22
630 737 64
987 997 19
151 310 43
33 244 20
348 887 4
929 991 73
730 747 27
33 807 68
528 849 70
143 729 9
981 992 8
39 750 40
778 974 99
787 795 90
171 274 42
698 850 99
252 397 70
980 985 24
500 958 11
923 970 82
826 1000 13
680 922 65
661 786 31
52 535 48
513 669 63
927 940 93
31 595 33
182 997 45
598 732 64
29 245 13
180 757 81
664 972 12
85 765 97
557 874 1
702 984 53
855 955 11
973 987 66
178 312 95
869 914 74
607 812 23
935 963 79
361 760 67
418 675 49
157 262 4
184 719 61
634 727 52
938 944 36
323 720 69
934 941 64
736 969 65
404 571 16
900 952 68
539 948 50
264 504 16
512 770 9
907 996 43
432 709 72
550 687 87
960 979 70
352 599 32
454 901 54
778 956 45
921 929 20
823 992 11
394 428 80
180 451 66
639 976 66
418 622 46
65 879 51
453 521 53
310 766 94
422 821 52
861 1000 46
912 984 43
238 744 32
379 851 51
644 853 54
909 990 97
593 886 18
226 777 89
15 605 57
638 785 66
461 977 80
34 161 42
829 834 76
727 871 49
923 987 4
526 598 4
486 686 16
806 933 88
952 992 72
241 606 42
650 817 11
232 354 99
843 896 95
22 512 59
285 476 56
422 532 20
396 543 80
708 993 68
259 999 44
225 495 38
628 636 62
377 506 65
744 973 42
499 832 2
950 984 63
590 850 91
402 669 67
362 759 9
708 908 1
41 76 28
976 994 48
829 924 80
600 666 94
564 781 95
425 839 68
142 794 51
311 490 66
185 540 73
247 639 14
169 551 26
734 947 80
296 327 3
534 545 20
879 952 65
327 963 94
292 550 43
744 798 4
482 803 92
399 419 92
778 869 61
218 926 1
547 984 37
229 248 11
334 752 56
753 992 15
882 933 20
736 867 86
536 756 2
446 463 85
161 443 29
860 983 91
536 860 24
975 989 16
542 732 58
478 974 56
776 828 46
76 742 14
962 976 75
506 924 94
202 229 25
923 952 5
647 755 41
134 774 69
253 643 23
751 801 27
752 789 48
467 834 75
912 983 14
196 883 52
993 998 24
259 334 93
48 539 50
638 748 24
258 597 86
533 653 97
537 935 88
290 738 97
188 328 76
88 893 9
79 356 67
108 641 69
189 812 29
929 959 81
28 597 49
307 340 85
388 621 83
73 426 45
464 524 73
747 831 79
826 858 46
455 479 22
389 861 79
72 804 92
35 221 26
413 796 17
621 875 18
793 798 59
528 735 60
594 615 88
131 333 5
204 464 99
776 904 9
582 747 7
840 855 6
331 541 68
26 430 94
176 216 61
762 791 58
630 862 2
862 891 38
474 607 6
849 857 40
320 944 48
500 886 85
860 944 73
385 911 18
384 797 64
830 953 17
768 775 87
955 959 57
135 857 98
362 700 50
212 809 64
909 981 25
842 913 51
26 715 3
393 897 8
544 834 2
54 894 99
660 804 53
928 987 25
245 327 9
795 858 17
818 917 31
880 952 73
225 673 91
542 776 51
245 692 3
22 766 51
264 384 45
852 873 30
408 877 95
296 953 72
370 461 35
790 856 66
688 989 72
116 428 90
248 585 14
227 616 61
235 909 15
58 904 45
709 761 27
20 339 45
75 323 42
257 760 98
920 952 41
784 797 33
531 688 98
13 316 29
443 909 24
883 885 57
338 930 48
927 928 36
704 770 94
934 982 28
456 879 84
86 261 42
635 938 86
439 509 8
400 981 93
18 223 33
770 935 1
277 465 87
318 490 35
514 797 85
759 851 36
684 729 5
460 839 89
411 931 88
23 151 91
913 916 6
906 909 76
607 766 33
673 693 80
199 616 80
938 976 51
507 956 21
914 979 79
364 588 59
911 959 19
268 517 36
561 635 20
789 974 4
995 998 38
174 274 41
558 838 55
955 971 96
71 86 87
941 992 1
965 988 1
61 165 52
861 941 30
139 341 54
975 994 36
98 404 54
532 615 24
390 517 74
444 856 50
183 801 2
112 892 77
817 977 43
136 880 26
463 667 17
182 370 4
418 514 49
967 987 12
912 947 95
928 972 49
891 906 84
23 71 76
506 610 37
751 870 36
940 967 9
102 870 83
183 478 61
301 647 91
298 624 47
680 894 5
637 905 60
456 676 95
442 476 89
590 876 7
465 617 99
259 377 19
433 447 82
555 980 45
588 748 1
323 844 64
96 387 37
23 157 3
545 869 96
923 986 3
973 996 57
172 495 25
377 448 27
307 764 68
904 943 55
510 546 28
748 965 16
439 837 25
369 616 66
132 780 38
395 625 46
504 849 7
45 570 13
395 495 10
645 939 81
75 638 55
835 987 45
882 908 61
943 977 19
639 784 38
672 740 67
964 968 22
636 737 30
562 659 50
515 722 94
823 889 85
330 377 89
761 961 40
705 720 6
271 898 83
60 833 63
510 953 95
783 919 53
925 943 51
432 677 37
849 887 91
330 489 27
300 765 19
503 785 33
810 879 52
957 984 84
733 847 97
885 909 47
60 64 2
850 911 8
959 999 84
642 864 44
704 954 51
570 992 11
838 874 100
143 543 61
598 636 54
910 912 48
160 600 36
794 903 95
288 687 88
331 477 40
290 813 49
573 728 82
258 407 61
52 986 18
818 917 2
901 917 15
485 751 55
797 997 77
769 794 60
886 952 28
854 887 91
34 303 70
903 987 16
714 720 20
627 921 6
68 643 16
192 508 20
413 671 8
140 708 26
852 906 63
238 318 31
564 997 66
435 659 36
67 111 2
914 933 95
267 565 30
612 741 47
642 873 40
214 314 3
434 954 93
564 988 18
203 858 84
725 824 98
604 973 36
196 871 31
81 856 79
708 894 19
54 736 54
574 904 9
912 939 63
355 776 86
501 627 78
897 910 22
821 875 44
773 975 27
797 918 71
830 906 63
175 370 35
964 977 93
264 809 56
255 786 12
884 966 51
707 814 58
955 957 42
196 988 29
727 801 69
666 915 54
413 856 74
567 974 58
144 538 45
635 772 20
900 925 69
89 789 23
789 915 2
404 553 59
287 447 94
947 975 26
910 926 26
301 838 22
132 688 100
171 606 96
850 962 84
843 962 57
481 607 35
198 971 95
572 998 73
103 773 58
733 790 67
420 807 41
330 729 23
555 803 25
692 876 64
946 965 18
29 243 21
432 522 82
36 793 84
816 965 33
651 778 61
994 996 66
506 968 23
915 924 19
508 557 87
929 960 42
634 644 30
807 825 57
293 865 88
568 959 78
528 911 56
434 917 72
749 952 90
567 900 40
879 969 95
811 847 4
638 658 69
109 802 93
458 956 3
265 287 48
815 988 75
570 817 23
581 795 17
695 917 83
357 597 25
448 504 48
471 843 98
12 409 35
919 932 6
400 460 42
120 265 65
105 705 85
58 418 18
757 788 86
637 766 86
625 810 27
971 972 61
699 836 98
204 976 69
273 666 39
387 597 21
781 874 48
809 923 9
607 767 25
470 907 92
499 612 4
786 900 54
223 774 94
551 736 69
279 341 33
643 662 92
432 803 73
161 882 70
217 593 63
847 934 83
528 979 95
220 990 76
741 902 6
667 789 31
41 509 72
152 165 68
622 664 28
127 298 81
427 452 44
138 801 57
207 629 20
338 969 65
342 969 26
850 934 13
467 937 83
87 324 32
658 968 44
217 269 4
652 934 45
353 526 78
54 924 10
420 450 24
685 931 26
42 622 67
298 443 43
778 960 42
692 743 44
999 1000 60
747 940 37
74 896 35
850 998 84
225 388 65
180 253 13
794 917 69
97 489 100
326 819 68
93 651 35
599 638 48
365 591 55
709 778 26
189 255 25
254 496 46
548 559 29
534 674 34
913 959 26
648 917 64
613 629 27
125 873 40
692 841 65
731 912 17
351 795 88
829 947 34
530 556 43
418 644 43
373 428 17
988 993 88
171 887 82
970 992 56
165 404 24
469 850 93
456 911 6
97 422 91
55 355 6
550 941 75
88 382 49
469 942 90
288 575 16
947 996 59
435 717 17
798 910 41
912 919 35
478 832 79
712 971 26
204 840 7
972 990 15
511 897 96
426 839 51
343 439 73
222 460 64
713 808 77
454 1000 91
734 908 97
647 661 27
865 937 72
72 350 23
620 730 16
844 971 22
457 935 3
292 712 21
611 813 48
56 85 1
430 687 29
882 976 94
945 982 3
326 851 18
490 540 95
173 654 68
74 751 84
300 417 60
613 973 96
883 897 88
550 842 95
897 937 88
865 900 34
348 741 84
973 992 57
522 890 65
934 982 46
660 666 24
881 918 40
793 806 47
368 971 19
202 307 85
347 899 9
649 991 13
765 818 65
509 711 59
441 830 5
591 682 90
40 712 44
212 908 61
951 962 15
845 1000 6
759 805 79
564 906 89
949 998 58
158 391 76
667 852 13
778 984 22
23 348 11
749 988 65
819 895 1
101 248 54
949 985 49
742 995 7
891 977 36
582 599 58
795 996 5
239 369 97
38 291 62
83 751 88
660 935 99
762 826 76
385 560 28
672 742 33
394 806 97
513 784 61
357 501 96
280 708 95
303 778 9
705 726 8
36 763 66
499 807 93
303 700 72
573 952 12
605 878 92
884 892 38
196 496 56
89 252 79
111 179 41
263 494 34
936 939 47
336 343 56
545 787 97
377 558 1
571 723 67
640 966 45
127 477 6
73 620 80
723 766 19
587 958 7
166 384 16
265 983 41
242 915 79
199 805 39
878 978 19
465 969 38
251 946 20
840 972 76
489 627 44
697 801 9
354 544 94
958 963 67
18 556 79
479 597 100
148 870 57
513 920 23
572 855 31
93 935 64
823 870 51
144 923 11
914 978 24
311 567 54
962 978 66
543 666 97
670 963 9
249 512 71
811 980 33
259 551 53
202 907 93
634 721 60
604 772 69
170 539 57
241 409 39
385 608 8
49 924 21
775 894 10
170 837 40
778 876 11
932 947 15
229 603 99
73 499 5
494 692 2
20 876 34
529 896 9
779 896 80
58 529 55
943 997 90
708 795 37
636 827 80
602 945 52
231 420 77
942 973 9
430 922 96
337 478 31
123 174 50
989 990 62
44 970 44
947 989 41
817 902 17
974 990 42
644 837 2
57 73 1
483 966 47
888 936 73
511 936 6
954 989 47
980 995 61
663 700 75
780 939 46
133 563 23
839 884 73
419 557 86
800 818 93
637 806 9
738 849 38
483 611 92
550 924 84
586 686 52
269 438 49
182 719 46
357 623 58
485 920 47
852 883 95
151 185 33
805 826 73
784 844 45
750 839 88
668 907 11
337 539 21
315 871 94
740 818 42
447 763 1
973 983 52
332 768 81
632 929 53
901 910 16
550 892 29
586 766 50
318 586 63
302 389 5
815 965 49
38 940 64
225 461 100
247 574 50
227 228 95
101 236 63
875 932 1
512 573 39
184 238 26
314 552 29
435 930 80
946 1000 5
842 866 45
925 965 48
827 998 83
393 839 68
442 890 42
819 822 65
968 974 77
818 959 100
699 1000 15
664 869 16
918 994 53
446 657 72
846 937 99
904 983 25
231 824 98
307 471 30
577 704 46
181 259 68
985 986 39
429 999 8
835 913 40
727 869 24
915 999 25
821 825 99
396 788 90
208 323 49
134 411 18
730 862 44
737 940 88
68 979 54
975 994 49
928 974 41
948 993 50
359 483 66
768 919 10
879 977 71
495 711 52
315 329 56
620 665 50
952 964 39
660 789 96
762 787 41
755 981 100
592 791 57
586 783 31
539 650 77
465 900 80
72 214 77
86 384 21
537 950 86
715 888 61
665 911 82
74 449 48
303 386 15
819 989 5
135 561 69
690 980 56
986 989 45
708 770 65
443 585 75
841 861 100
386 530 48
169 654 52
12 315 12
220 663 41
28 478 57
178 796 4
199 314 92
414 830 3
510 777 45
731 773 91
527 957 99
924 956 100
508 975 66
643 703 37
941 983 5
702 824 19
77 893 58
751 774 24
877 918 79
914 974 27
775 881 54
73 891 78
851 974 96
536 681 44
9 970 69
954 982 87
347 674 56
698 822 14
311 667 4
819 851 31
825 859 97
545 564 38
888 986 5
892 969 28
227 383 62
278 319 32
892 964 3
980 982 69
74 657 71
501 831 59
122 481 34
262 734 53
18 477 4
516 999 28
205 447 48
21 146 100
870 996 38
257 765 10
232 299 44
30 626 72
158 644 50
129 203 14
57 116 62
168 246 57
151 900 8
104 721 44
54 943 94
44 288 29
606 614 37
27 577 77
201 422 7
834 836 82
766 986 49
647 846 1
871 898 57
57 980 83
877 905 10
968 996 27
162 815 13
710 985 92
524 757 29
931 990 58
845 919 93
188 963 72
496 581 54
102 783 18
385 951 68
626 653 56
333 443 7
826 923 78
94 143 47
946 972 8
613 881 31
809 915 79
128 799 27
607 919 91
19 280 56
497 644 30
486 772 68
407 789 59
683 891 98
284 742 27
824 922 4
652 911 58
192 662 63
34 205 28
392 449 11
359 594 86
990 996 3
481 914 46
7 431 67
989 994 72
434 825 76
629 791 64
486 504 81
480 487 26
460 824 94
537 736 83
374 812 19
810 906 1
6 950 1
151 375 71
944 988 61
675 822 46
241 740 17
507 872 97
661 685 49
327 899 91
381 928 15
129 826 95
653 918 73
563 826 21
865 966 15
813 906 95
998 1000 36
57 849 85
587 955 58
782 964 87
488 807 33
163 235 55
810 881 33
600 824 83
409 976 39
858 990 97
776 955 10
230 508 23
920 936 21
189 978 2
281 667 64
54 482 83
311 612 7
790 846 68
814 952 28
565 724 44
843 995 26
955 992 77
521 962 91
408 554 49
498 552 82
987 988 32
142 753 51
626 838 76
640 979 8
831 947 13
589 660 6
553 956 28
382 767 39
320 884 81
341 803 39
313 712 57
134 890 30
50 500 26
510 670 46
45 510 97
196 399 3
388 947 22
509 916 40
10 496 84
667 747 77
167 571 29
502 654 45
33 177 13
908 992 57
211 907 84
742 909 27
530 913 24
547 994 77
323 575 76
133 137 30
131 274 68
749 768 44
907 920 46
274 962 49
401 538 42
383 799 97
60 481 74
261 358 75
440 467 33
601 988 98
488 921 10
185 361 70
589 684 10
204 480 28
519 920 21
416 649 96
640 796 17
626 788 14
275 994 13
462 889 53
246 663 19
638 862 98
357 942 33
628 741 23
361 807 67
340 891 3
207 951 21
393 856 57
954 985 28
545 924 26
77 631 66
856 920 65
615 766 54
684 710 77
372 821 96
954 986 12
698 953 41
521 993 28
482 906 86
471 508 35
180 670 8
762 804 3
676 829 64
466 953 73
646 942 16
936 969 29
570 999 4
830 845 42
271 890 22
968 978 55
980 994 92
504 847 20
308 766 3
799 983 34
898 994 71
439 799 32
985 997 100
771 999 50
564 582 64
737 773 93
710 823 16
861 984 58
635 907 7
149 589 19
878 924 60
258 898 6
640 842 36
983 995 15
40 568 75
55 338 34
452 788 40
232 332 6
365 597 82
271 952 69
116 420 95
311 321 97
993 1000 94
162 504 58
304 751 14
674 992 62
270 871 88
363 615 57
240 864 57
43 727 54
713 857 45
333 387 92
730 750 82
718 815 46
818 874 56
687 794 42
293 830 78
323 838 34
590 876 65
250 411 19
525 957 25
16 953 24
316 421 72
774 926 48
734 891 41
946 952 60
206 362 6
435 757 42
170 566 84
992 994 71
235 250 37
235 791 42
651 660 48
289 620 37
488 781 19
808 817 90
606 780 40
994 995 55
716 929 59
781 983 6
315 384 62
957 976 41
711 824 6
4 64 20
217 359 72
916 977 94
665 695 3
390 505 25
722 882 25
220 240 23
333 752 92
107 891 45
264 665 96
510 576 50
237 279 84
289 932 48
389 470 65
497 527 25
49 796 66
29 652 36
321 378 43
433 988 62
825 955 80
481 568 39
926 943 85
44 553 73
706 868 84
167 289 53
650 838 1
547 616 17
624 665 38
13 166 8
158 640 19
558 929 54
844 854 64
775 954 21
493 745 93
826 837 71
978 990 21
605 973 12
903 983 48
107 541 97
511 876 26
842 857 19
501 638 84
922 948 81
267 917 20
791 924 26
310 775 57
911 939 78
139 835 95
214 530 33
454 631 41
425 565 92
469 964 5
33 597 56
976 991 96
177 318 14
612 784 66
312 451 62
199 703 34
356 884 99
753 850 36
868 933 3
148 165 40
852 944 71
989 1000 53
823 910 89
464 469 62
116 365 78
344 364 22
202 405 72
676 922 14
35 689 96
617 876 16
916 947 78
141 452 40
118 467 56
370 509 44
33 564 42
679 792 45
448 821 99
925 950 43
84 325 40
880 910 49
543 885 36
814 895 36
281 438 93
11 42 92
335 597 68
430 979 78
483 876 61
996 999 89
810 982 23
573 942 88
862 892 1
551 691 82
636 759 8
571 812 74
602 934 31
875 989 22
640 860 68
586 728 99
504 879 13
408 555 67
104 521 16
518 520 75
831 978 43
744 971 35
953 955 59
399 895 8
67 217 65
879 892 87
223 795 30
411 793 23
156 213 95
789 971 33
247 382 61
48 94 47
649 826 27
359 817 60
811 986 62
155 452 74
540 668 99
518 998 32
80 271 71
92 367 92
810 921 89
992 994 4
501 964 1
254 851 38
741 790 67
135 912 58
259 832 91
284 685 43
901 909 65
261 816 38
595 715 87
93 182 80
265 496 66
410 448 33
231 796 14
590 827 70
174 346 16
193 371 18
229 442 91
883 981 49
393 638 86
283 866 13
685 697 11
93 982 56
298 933 13
802 900 93
336 705 91
541 711 10
535 984 70
795 934 22
959 977 69
968 988 70
70 502 12
441 882 30
826 938 76
199 824 68
651 979 61
482 627 6
148 400 18
810 877 79
721 804 53
38 821 79
197 339 66
275 719 43
774 791 67
304 311 4
41 942 61
136 236 25
38 237 93
344 891 81
369 486 10
566 733 98
581 933 23
766 897 38
670 926 39
577 904 2
196 413 80
745 790 57
438 635 9
431 949 44
321 945 28
719 998 97
928 942 98
836 996 98
933 991 14
879 950 17
790 888 25
288 724 26
169 754 8
51 565 96
450 459 66
373 629 78
594 762 21
304 849 52
337 549 100
716 921 36
329 377 88
695 766 23
809 942 56
72 814 43
117 661 5
999 1000 100
50 382 11
971 974 51
903 908 86
444 778 58
414 620 96
330 986 56
279 817 51
610 618 66
163 257 83
667 790 35
855 982 36
877 961 14
937 967 67
392 628 73
508 520 81
183 275 30
53 680 20
307 649 82
296 958 17
419 644 50
440 714 45
531 619 3
241 981 59
502 915 27
99 678 91
929 941 89
43 316 45
232 246 13
583 905 74
248 785 53
520 853 23
741 899 89
411 723 41
310 512 32
162 878 81
744 815 52
355 533 47
261 271 84
714 727 77
26 94 74
147 971 83
27 980 78
317 322 51
828 867 34
411 924 71
218 400 84
217 952 82
791 865 10
107 401 61
407 863 61
68 187 46
296 581 62
522 551 57
872 883 32
797 887 20
15 626 85
23 572 11
957 973 82
233 552 86
327 706 74
10 57 38
859 996 3
64 911 27
259 368 53
19 480 9
195 780 12
81 514 70
559 746 47
849 949 4
589 850 67
802 968 58
814 864 100
942 957 27
429 838 3
827 986 40
303 595 26
629 799 9
308 986 40
950 951 35
479 492 24
548 805 85
823 888 55
499 892 56
610 962 39
531 831 50
974 987 25
547 910 54
40 699 49
668 898 82
54 631 86
345 363 40
404 895 30
304 815 50
453 759 91
211 845 92
873 915 80
731 935 43
998 999 88
894 915 6
101 568 56
124 779 97
194 326 7
241 546 67
716 774 73
84 180 73
398 759 20
796 941 54
216 916 20
323 872 43
345 989 33
590 734 93
504 861 60
884 924 77
596 841 28
146 837 1
398 708 10
657 897 32
504 673 99
785 987 19
611 833 8
321 653 95
16 449 64
631 874 51
470 954 78
546 685 27
822 913 72
302 953 66
377 890 4
125 624 98
853 968 26
811 890 61
309 332 60
666 719 70
154 368 92
804 997 73
183 428 48
841 878 67
700 823 43
430 539 44
677 741 12
293 851 76
736 882 21
671 840 72
302 984 66
957 969 98
960 968 45
965 999 72
801 842 48
392 454 35
386 626 20
192 897 77
445 479 37
905 980 83
97 306 51
600 829 76
315 593 86
801 833 94
640 712 18
849 954 1
363 575 8
23 593 70
133 839 80
643 860 13
900 980 41
312 640 28
324 801 92
99 646 51
772 921 93
201 840 92
67 562 2
281 385 23
869 917 40
414 958 4
389 870 81
896 921 35
625 864 99
706 940 84
591 949 97
770 992 71
685 832 100
909 965 57
443 764 86
656 996 68
87 955 76
215 960 59
317 405 75
240 686 4
483 624 63
687 725 66
945 996 59
634 734 26
527 601 19
105 420 68
502 768 51
320 370 15
821 966 35
768 930 87
738 798 6
190 767 98
735 787 84
73 143 100
740 1000 69
659 712 38
253 413 83
688 873 77
926 1000 85
432 930 4
644 720 9
732 827 48
592 888 39
493 816 88
945 955 100
313 587 55
165 602 49
273 920 28
773 922 31
482 684 41
638 767 87
859 863 4
412 513 17
19 702 95
593 869 94
589 874 78
808 892 20
415 596 95
206 370 98
741 854 84
553 808 26
383 665 87
421 728 87
706 778 2
591 678 3
766 944 32
388 768 39
87 507 11
461 803 27
921 927 8
973 994 29
209 801 36
893 913 13
683 917 8
843 952 61
102 760 73
732 897 93
841 856 28
646 719 1
14 500 42
505 578 47
958 999 74
110 388 23
636 661 2
420 455 26
147 373 43
830 920 97
122 611 44
187 281 73
587 666 28
273 615 64
301 619 43
779 822 98
595 608 17
918 947 28
535 789 16
245 624 66
41 208 24
407 923 94
361 664 98
188 580 50
954 989 96
91 943 32
210 564 30
477 550 86
874 910 100
104 197 39
926 967 38
166 327 18
73 879 56
187 860 98
675 900 20
293 522 23
547 793 40
319 572 10
503 712 92
105 137 5
326 415 14
344 641 13
843 915 61
837 1000 49
644 963 93
23 183 49
832 902 60
934 976 96
47 886 46
277 719 12
181 975 82
588 715 63
313 756 16
85 276 29
275 851 4
861 963 27
828 998 66
798 863 52
450 963 95
157 744 85
794 848 59
788 880 80
752 780 49
556 842 81
57 857 44
79 424 46
786 913 87
236 307 26
371 411 99
981 990 99
932 938 60
42 741 20
924 949 81
985 993 59
971 973 8
215 949 45
879 969 96
281 999 93
779 833 93
686 757 85
555 893 5
16 340 81
320 407 25
482 772 96
237 505 73
302 934 72
502 782 80
228 577 93
252 851 35
378 537 71
258 376 99
112 660 15
215 978 68
582 587 67
811 902 17
840 960 14
224 614 58
659 925 54
338 573 58
991 996 2
335 497 36
111 396 94
712 777 96
634 760 45
656 993 41
835 971 80
963 1000 25
134 581 57
275 875 8
551 917 59
603 833 20
793 903 74
151 219 2
29 977 56
297 969 86
230 726 39
527 895 86
575 760 78
244 845 25
380 389 18
976 997 16
576 796 42
381 512 6
484 492 3
118 321 83
353 964 76
918 922 40
93 766 22
811 965 86
493 585 64
931 973 14
826 959 98
432 660 49
135 915 34
32 530 84
366 654 4
879 964 2
569 968 49
902 955 84
507 981 48
312 351 12
609 908 17
887 894 90
389 438 11
971 977 21
897 930 27
638 666 52
972 989 83
909 978 28
214 492 90
131 171 43
396 800 14
520 529 19
924 988 14
596 943 54
817 880 65
570 749 23
278 757 48
511 573 19
540 781 26
444 485 95
42 486 4
385 479 65
821 968 8
760 775 14
305 890 61
123 641 44
443 885 47
506 917 19
796 802 86
543 912 87
14 60 61
195 856 90
254 764 75
545 936 3
463 946 41
901 932 61
336 791 59
352 714 46
898 967 69
546 799 30
956 977 42
734 835 79
35 259 17
427 649 41
962 986 7
297 874 48
503 945 61
219 743 72
384 480 58
22 69 27
648 654 77
381 546 44
407 800 46
24 704 75
863 883 60
417 516 68
700 759 11
383 667 21
103 205 40
949 968 56
810 835 34
567 659 11
32 472 20
548 733 54
431 451 54
557 935 56
944 958 82
851 922 18
824 926 45
701 748 77
377 835 74
132 931 65
722 858 3
216 588 7
645 745 52
147 663 1
976 987 10
433 604 44
607 870 15
13 50 76
834 872 80
135 488 83
87 995 81
81 613 80
28 440 50
368 421 2
520 998 9
601 987 6
700 759 80
909 974 20
565 840 82
773 985 50
785 947 16
685 902 5
618 716 36
355 974 76
430 840 20
524 691 91
191 927 7
545 758 55
865 879 100
7 205 24
486 907 33
629 728 61
680 866 48
507 575 73
479 587 19
678 726 82
727 923 19
980 990 87
464 816 33
817 946 65
810 833 96
336 479 45
9 787 86
104 674 74
574 634 43
366 930 48
344 366 66
85 642 26
908 916 38
188 860 52
324 879 32
827 894 5
919 981 20
71 392 6
21 719 73
983 988 49
301 694 30
254 325 18
206 355 22
722 975 1
662 710 18
521 913 79
504 815 26
11 816 90
756 991 83
955 961 87
650 820 83
673 789 95
349 730 8
722 913 93
639 918 73
589 842 22
629 634 13
199 702 11
188 732 79
842 911 48
382 459 98
632 737 84
984 989 98
218 550 66
601 885 92
529 974 59
451 618 74
596 862 63
258 988 13
445 871 37
455 762 96
795 846 98
398 875 65
774 987 70
894 975 2
813 943 63
900 961 23
949 987 33
495 751 37
760 765 79
337 814 8
330 599 73
994 1000 64
5 538 43
774 811 2
888 897 42
708 895 60
19 718 10
680 798 100
567 933 3
33 497 61
896 922 22
931 945 72
623 827 46
154 634 90
910 977 3
273 712 10
192 889 27
816 846 40
846 872 46
422 720 26
941 944 52
368 727 31
407 520 58
953 955 99
86 994 60
218 998 90
471 490 71
595 757 82
370 705 40
307 856 41
914 942 88
34 789 84
640 764 78
814 835 6
795 915 45
240 297 39
265 854 35
306 475 89
842 884 60
49 446 8
576 709 89
121 949 73
180 645 93
804 843 90
130 571 99
945 969 68
377 548 88
553 697 14
687 940 5
266 773 13
484 607 14
143 288 84
599 711 24
423 857 53
523 610 76
544 741 68
427 943 8
476 550 1
922 954 93
454 833 50
336 803 64
967 993 58
793 942 57
730 942 61
455 854 43
141 482 64
480 533 84
89 719 95
382 474 95
488 624 100
35 556 60
734 897 95
262 315 5
593 993 45
309 866 75
22 79 45
457 711 91
645 698 4
639 869 31
229 917 99
577 996 29
147 423 38
653 957 39
255 863 42
79 523 97
263 551 66
943 989 71
202 259 4
584 787 8
613 670 30
93 199 100
397 792 41
74 261 98
125 406 41
390 727 86
55 771 52
405 507 60
264 371 72
962 988 43
485 767 47
392 839 68
167 835 100
113 727 96
213 402 70
839 901 52
654 767 13
911 920 32
797 956 19
890 966 25
930 991 28
785 797 51
764 844 31
520 755 4
53 836 61
130 131 65
76 655 5
100 643 96
262 900 91
957 988 2
565 644 88
367 914 51
615 835 87
145 953 11
461 952 78
42 965 42
318 648 63
252 679 26
932 944 58
695 832 63
659 831 77
111 692 13
877 881 6
910 972 86
263 486 60
526 923 45
296 551 46
503 708 35
971 974 81
285 998 21
583 998 41
420 719 61
206 932 73
622 851 65
573 967 16
815 877 51
288 815 2
386 398 79
639 883 90
913 991 86
826 840 82
311 900 11
927 933 98
42 361 56
397 580 49
457 724 17
372 947 65
578 759 89
414 822 52
584 617 42
992 1000 32
516 545 27
443 848 59
417 432 74
330 587 36
342 570 55
31 932 93
886 908 40
160 345 43
259 430 94
181 949 98
646 881 42
456 660 80
579 992 47
16 124 35
29 511 40
364 729 51
267 1000 58
256 924 4
867 971 35
262 809 2
91 386 45
36 965 88
621 937 99
178 652 25
227 632 82
812 884 8
423 965 7
885 995 53
177 604 34
688 783 67
253 601 77
794 978 98
82 554 13
519 927 44
380 902 73
558 883 51
476 780 26
454 547 47
200 594 15
933 934 38
955 958 4
128 193 8
720 772 25
99 496 88
692 830 28
799 978 15
235 953 92
638 862 11
22 736 9
502 883 27
132 406 62
339 613 64
139 205 4
627 995 10
739 880 7
417 428 49
624 724 61
16 416 95
630 714 91
503 853 38
997 999 47
565 826 48
676 850 67
323 868 92
662 976 82
717 825 13
51 502 33
607 677 34
439 969 10
146 827 13
570 896 68
812 815 82
54 948 22
276 828 77
774 937 22
159 255 15
906 994 24
124 438 62
843 880 35
116 440 52
57 672 88
306 634 94
96 252 30
759 993 22
469 692 52
671 940 54
642 948 48
162 632 58
421 677 31
413 465 89
777 850 83
365 507 75
620 810 23
91 559 57
935 975 1
257 387 81
994 998 50
970 999 77
289 907 86
176 783 14
618 969 62
273 974 44
421 486 13
738 872 32
198 621 27
457 596 40
245 490 83
831 931 60
964 994 69
980 993 79
445 634 23
617 993 71
840 923 19
622 772 13
312 959 66
441 913 61
114 406 80
602 887 91
9 835 4
372 486 11
86 93 81
96 935 8
666 711 47
162 681 81
223 602 40
136 760 19
949 986 45
854 975 84
239 899 76
772 976 55
738 851 61
237 767 76
686 757 95
720 780 69
216 367 58
304 765 94
828 967 52
322 739 97
858 880 12
722 899 81
303 722 59
905 947 66
617 832 57
776 797 41
918 961 4
138 395 2
80 545 7
184 595 65
478 720 35
703 869 2
618 978 9
327 359 4
115 302 32
193 236 19
924 978 83
420 677 79
332 485 1
59 386 10
4 990 42
329 608 74
772 942 44
520 905 53
395 708 49
963 982 68
639 851 56
825 999 8
144 609 20
486 829 4
374 384 10
510 598 10
342 544 72
721 973 58
966 988 60
815 854 21
551 832 77
250 670 41
291 346 64
476 944 1
172 709 63
485 794 4
223 393 47
941 999 97
104 389 89
359 917 40
203 807 26
862 992 88
888 965 27
828 853 24
889 977 52
289 732 33
421 996 37
271 889 70
290 390 85
86 899 43
581 723 79
341 539 8
535 933 29
69 74 34
759 799 80
401 516 79
747 924 6
83 1000 34
622 901 45
289 938 37
562 704 42
689 916 60
630 926 54
559 849 60
434 976 42
688 735 37
599 633 24
462 659 13
277 532 87
858 879 3
813 943 83
764 916 63
200 949 57
329 379 34
108 647 32
213 616 15
276 486 15
114 620 91
423 554 67
701 731 42
974 990 32
980 994 59
976 989 91
978 994 9
774 999 23
842 884 65
862 951 10
75 275 42
299 399 17
638 914 24
540 755 56
952 996 8
325 332 95
480 561 10
528 800 13
853 993 94
567 941 1
88 688 15
595 1000 99
824 954 58
487 774 9
372 736 13
770 869 87
339 665 86
832 834 25
978 982 89
679 723 99
698 855 94
215 241 13
21 866 77
641 909 29
368 623 24
385 581 7
243 628 57
990 991 68
2 274 4
196 947 69
22 758 88
206 758 93
383 732 75
301 849 48
380 764 33
907 1000 35
205 765 70
658 662 82
536 916 62
440 446 25
922 946 75
323 551 34
652 695 58
277 604 11
986 991 85
157 313 41
176 375 37
654 852 49
447 605 18
492 976 76
33 227 42
666 863 37
358 636 47
193 516 80
888 895 78
653 878 92
562 652 64
457 873 16
375 464 26
243 769 58
783 866 93
580 992 19
809 932 41
331 645 11
762 910 26
568 805 96
672 925 4
350 835 97
114 645 94
799 945 41
619 714 64
359 622 28
929 1000 23
66 244 5
6 842 36
678 909 55
253 290 84
203 451 42
971 984 84
839 887 73
955 969 31
686 886 69
131 735 45
698 955 91
791 960 39
117 881 4
976 996 38
918 934 39
293 320 2
14 30 86
910 915 60
612 673 47
521 658 5
438 675 9
204 587 27
261 470 77
87 755 58
686 903 15
126 475 25
270 587 53
174 946 34
710 866 29
627 867 68
642 876 15
69 928 12
745 816 77
484 610 14
92 762 73
477 772 79
555 574 72
969 999 7
453 865 99
759 873 57
454 459 72
939 942 95
965 1000 60
283 768 94
231 724 3
865 918 3
789 794 16
456 596 35
305 622 58
248 364 69
171 182 42
106 181 44
157 814 18
45 707 27
168 467 55
930 974 57
49 283 30
581 731 53
722 811 98
459 672 82
112 431 3
804 929 18
794 801 33
704 949 47
770 857 20
985 999 34
679 931 91
752 785 64
981 994 5
672 974 66
849 886 92
321 359 3
637 682 76
56 505 20
200 772 11
926 987 87
355 765 40
899 917 52
139 984 100
652 912 87
13 141 99
868 877 100
178 755 90
92 376 85
75 480 66
705 910 20
149 520 98
664 749 44
308 416 49
334 947 20
86 755 77
28 231 38
244 859 38
681 866 81
811 819 12
309 770 90
39 439 35
438 612 31
200 921 14
27 653 28
570 826 20
448 602 28
16 354 22
358 670 33
182 952 56
53 597 18
930 939 53
951 968 62
769 832 21
45 480 50
480 904 64
859 987 82
598 905 54
102 679 20
469 959 42
624 726 29
857 864 79
183 938 81
707 898 93
532 925 99
654 655 35
912 944 28
953 965 53
576 624 44
26 556 95
299 712 82
674 887 74
71 657 93
916 945 36
338 621 67
359 650 17
439 842 97
144 224 98
1 574 50
745 850 75
586 978 71
680 685 100
885 896 33
97 122 86
707 908 90
615 627 62
93 784 84
928 949 36
446 645 67
317 659 46
599 979 87
228 235 41
213 813 34
186 624 41
549 560 48
281 746 86
40 741 36
76 885 14
172 297 79
949 993 59
480 668 63
445 515 34
770 959 5
705 897 94
267 650 95
780 883 66
893 909 76
122 249 4
106 386 2
245 264 12
617 920 72
535 723 49
679 745 83
39 528 79
924 995 1
929 964 12
232 358 6
908 936 24
505 711 16
373 886 86
567 813 85
762 849 21
26 836 3
284 834 55
296 873 69
240 362 78
659 958 40
255 482 37
884 931 15
218 861 35
253 953 5
489 707 85
378 826 97
703 762 72
431 740 16
6 847 59
750 999 89
32 929 38
103 599 41
165 659 73
292 816 63
384 748 25
632 728 58
380 497 59
271 346 80
66 134 100
612 653 67
385 856 60
232 455 63
95 761 13
203 882 51
499 825 53
724 977 38
6 391 81
294 752 36
644 869 60
178 497 73
624 996 27
41 466 34
115 188 33
575 916 61
656 781 63
730 880 86
155 315 72
53 953 7
495 881 38
679 947 7
936 945 67
23 577 65
49 578 38
794 857 17
465 868 85
893 985 90
459 836 30
278 852 82
690 915 13
245 945 13
852 899 38
615 865 87
732 989 86
314 894 62
480 855 8
138 171 52
63 877 65
808 948 12
677 685 63
514 596 30
898 905 84
916 923 31
964 971 92
322 841 56
453 965 65
619 901 86
273 584 41
941 950 85
277 375 17
57 512 91
340 655 74
557 709 52
415 899 87
419 671 75
708 829 47
758 807 52
684 965 95
962 970 24
70 660 89
541 957 56
214 242 8
21 110 11
905 920 73
501 846 94
522 947 61
474 844 2
896 994 31
765 822 18
604 678 59
966 974 46
409 672 54
579 581 50
814 873 77
607 994 39
272 537 7
964 986 33
791 877 94
596 625 29
321 961 5
687 963 5
111 599 97
135 845 74
598 752 38
669 686 23
215 584 66
923 1000 78
958 982 80
559 608 19
344 734 23
435 607 32
490 773 84
275 457 23
762 997 84
667 748 6
371 894 54
591 644 54
305 986 18
688 779 85
106 597 79
290 600 98
333 423 84
417 464 80
118 713 60
116 768 16
389 405 51
408 827 86
735 893 2
711 787 96
125 373 54
550 692 98
238 319 94
473 820 67
670 918 58
260 769 28
514 707 49
387 577 53
759 880 36
330 533 61
90 833 73
530 955 74
588 865 16
960 969 81
897 922 19
80 739 98
609 944 18
448 747 6
629 891 30
110 407 73
677 707 90
592 990 91
791 929 39
322 331 48
166 540 81
138 270 80
747 771 16
777 855 50
877 990 15
749 791 97
214 576 58
671 868 34
592 769 89
654 941 62
253 338 65
694 802 38
992 996 12
848 875 50
819 1000 3
663 981 2
217 537 41
586 682 5
298 901 68
789 947 99
256 898 84
212 992 14
96 452 57
804 987 77
435 744 41
974 992 1
924 996 10
497 847 9
44 128 35
528 940 36
9 352 49
547 652 47
234 921 100
448 998 45
360 934 20
423 582 70
614 655 33
179 857 85
332 676 70
528 750 73
6 29 64
615 758 89
742 971 51
436 973 61
469 916 100
202 902 3
656 887 44
634 816 44
555 672 71
996 1000 69
529 716 19
4 830 45
250 838 17
274 564 73
958 974 51
344 449 2
935 977 68
914 956 95
769 1000 46
963 991 43
961 966 54
101 369 31
569 742 1
631 671 33
110 289 9
571 936 75
718 921 94
426 831 3
791 847 17
323 788 5
852 976 87
401 417 83
933 953 84
284 562 72
398 685 39
607 831 81
391 429 63
294 295 52
788 902 58
268 790 79
696 707 31
836 948 65
332 848 21
985 993 83
158 319 67
153 258 65
456 981 84
239 434 15
93 441 100
980 998 32
741 978 60
904 914 8
661 904 96
378 614 63
868 920 92
457 746 80
42 257 60
433 965 98
465 970 19
649 781 71
236 440 41
845 889 82
944 980 12
31 144 90
886 904 50
758 964 34
831 905 47
495 883 54
112 982 27
209 325 80
827 875 9
210 408 46
504 818 75
427 735 58
149 669 44
310 429 94
688 977 73
9 257 26
448 561 38
330 462 59
920 995 37
901 986 48
478 791 42
521 759 74
289 528 85
160 388 92
284 960 3
224 597 9
718 764 7
225 322 17
394 728 99
777 962 59
738 850 58
242 474 66
552 556 93
660 728 83
133 201 69
735 820 42
362 388 29
726 891 50
372 756 87
697 849 42
631 685 100
80 506 61
857 923 31
798 917 53
737 972 62
57 211 21
778 986 31
521 664 48
987 989 21
495 550 44
867 983 38
880 899 46
373 898 33
992 995 43
731 920 11
868 1000 84
468 708 33
442 501 89
253 271 93
902 903 46
468 971 97
487 593 96
37 930 46
33 983 94
232 267 77
929 974 58
192 654 5
417 829 32
440 585 64
208 409 23
773 801 65
972 993 80
724 907 44
856 972 75
499 897 77
515 644 8
641 935 38
594 595 59
828 882 47
579 597 21
248 973 75
831 895 20
377 794 44
743 936 27
748 890 56
964 980 78
370 731 18
959 963 59
51 365 9
961 985 99
612 905 74
593 990 86
775 807 19
388 985 59
892 919 79
675 912 17
876 939 88
679 949 29
625 864 28
323 584 14
269 278 100
638 705 93
775 909 75
507 697 48
398 896 82
66 399 17
337 791 16
772 954 25
179 612 74
290 815 23
204 816 64
569 964 49
308 377 80
243 448 73
275 750 86
661 955 22
8 36 47
187 630 31
560 903 68
849 919 48
461 770 43
120 450 12
137 435 45
282 592 84
834 927 89
90 881 52
635 666 80
756 757 99
801 816 25
205 465 43
171 823 3
660 932 94
948 987 81
734 919 60
819 992 10
665 924 99
346 954 85
250 824 41
53 536 57
69 744 91
642 893 100
486 703 20
740 994 11
503 619 23
268 953 35
999 1000 93
619 932 93
629 934 72
951 961 57
430 651 95
346 534 1
968 986 11
168 797 86
603 612 82
493 909 19
368 840 41
923 950 45
27 73 81
312 380 33
321 519 99
719 841 85
705 835 69
785 891 5
289 327 2
54 62 81
395 744 13
600 926 48
462 803 14
180 500 89
895 910 44
264 658 26
594 854 36
379 829 60
909 952 99
518 616 3
804 860 48
943 956 84
240 993 14
878 954 43
82 767 41
795 996 86
100 125 51
771 774 33
678 738 45
229 654 40
404 907 75
11 605 10
468 906 71
859 980 57
155 789 87
262 904 40
745 933 14
423 471 85
870 937 91
626 744 77
661 969 70
836 869 9
245 938 90
895 948 64
492 898 47
58 87 51
24 770 53
834 916 78
205 848 7
75 481 90
583 749 29
293 773 9
776 990 92
182 304 8
595 766 37
17 880 29
282 619 69
768 924 68
905 936 41
574 729 45
804 856 41
71 738 65
515 645 76
775 865 37
200 645 99
247 550 1
947 972 52
122 608 7
699 929 52
374 700 87
601 667 62
723 881 71
231 908 29
817 927 20
878 948 5
773 799 43
996 998 6
622 923 57
270 943 20
249 959 84
182 998 7
348 995 85
715 826 45
850 994 77
171 911 82
721 756 16
236 576 51
750 787 100
642 870 99
179 737 92
401 608 84
861 868 2
881 933 94
433 972 47
606 693 98
399 625 51
153 749 73
182 406 7
485 743 81
658 762 58
297 600 34
546 929 33
252 867 31
507 630 18
871 917 1
665 755 4
753 921 97
416 697 41
217 413 92
25 383 32
140 143 81
404 609 44
544 971 48
608 724 45
68 190 72
971 974 81
497 659 40
763 773 75
756 923 27
943 1000 31
373 590 93
775 968 87
60 531 3
617 702 46
791 809 34
435 587 47
234 884 78
782 879 32
20 83 16
194 890 45
361 579 58
611 778 100
612 882 30
516 629 97
74 633 40
4 733 99
561 769 38
64 162 38
568 862 48
901 962 69
96 811 27
252 521 8
335 851 52
314 785 12
153 933 99
470 652 22
930 971 29
951 975 38
391 782 35
286 957 1
438 903 58
577 955 98
447 569 91
58 668 12
234 821 73
237 925 100
90 151 31
227 802 72
676 734 69
408 595 82
347 644 44
641 806 60
435 842 44
35 499 52
88 97 38
953 983 61
736 967 81
909 948 11
443 656 63
372 880 65
849 964 83
662 760 96
321 918 42
377 850 41
449 734 55
20 557 22
225 371 37
108 260 100
563 825 58
879 991 29
103 840 31
896 904 97
614 872 4
308 349 67
7 254 43
272 766 90
478 618 41
278 578 37
601 705 58
745 772 87
265 549 65
936 949 99
249 649 57
234 463 44
507 551 4
520 739 99
500 552 55
290 570 58
127 194 59
961 981 66
907 953 67
145 706 79
962 986 70
236 416 93
300 718 39
469 554 61
250 634 68
20 704 74
60 608 91
227 273 26
484 975 37
238 755 70
76 566 20
483 724 96
75 973 30
191 674 51
521 763 72
370 545 71
468 637 71
706 931 33
47 874 1
945 982 77
617 743 11
817 949 66
498 825 16
782 990 61
361 896 80
938 993 41
977 994 1
414 709 31
338 889 75
24 271 11
911 958 36
874 946 15
187 223 19
666 802 14
647 816 33
146 348 19
400 696 4
727 975 42
691 817 2
428 694 21
917 971 24
769 852 41
256 301 1
466 807 85
191 414 84
290 390 15
427 692 24
423 931 48
12 990 15
624 678 23
948 961 72
694 759 66
997 999 38
560 717 37
572 953 53
610 841 3
670 934 13
89 458 93
787 926 69
12 733 38
941 979 39
929 951 35
498 760 44
867 969 86
499 909 97
279 935 28
478 912 14
129 454 66
892 934 6
470 492 20
70 895 21
743 811 30
334 389 59
203 942 21
432 637 4
941 961 45
955 976 22
709 913 88
255 324 100
205 777 11
653 964 46
860 959 73
642 807 43
201 667 60
558 611 89
83 130 45
744 974 14
360 566 55
813 917 14
759 811 5
312 405 61
443 906 28
246 954 88
337 454 95
30 505 37
29 127 83
546 702 13
315 932 40
158 935 56
918 990 35
55 380 31
88 198 37
906 918 79
481 621 76
448 558 16
892 985 43
968 987 9
492 879 100
643 772 64
831 947 19
987 990 25
779 969 50
888 911 69
772 901 56
196 264 31
814 817 96
618 734 14
117 763 23
453 784 27
17 166 9
528 753 27
855 919 95
604 809 3
534 967 38
351 667 55
283 691 63
837 853 55
892 914 89
250 724 27
51 363 71
856 956 40
287 883 2
105 482 95
154 737 50
188 676 96
629 679 51
255 724 78
617 843 23
381 565 14
188 973 53
135 546 34
445 448 69
923 974 56
387 872 51
627 841 20
216 685 38
941 944 83
803 849 21
587 708 29
739 893 28
690 987 7
879 891 99
822 844 8
214 506 90
908 979 61
704 938 36
92 844 43
82 706 96
801 945 4
282 935 9
861 983 100
395 512 71
803 946 64
617 779 10
269 428 51
554 686 98
446 655 1
717 947 28
148 845 69
303 587 37
191 518 65
126 995 76
795 917 52
899 993 99
680 810 80
668 951 85
760 771 8
958 979 21
464 834 98
385 705 68
298 741 79
729 791 46
907 966 59
889 974 34
163 365 43
356 601 84
318 781 91
259 778 4
685 895 28
937 943 27
923 933 51
996 999 77
766 937 18
192 463 97
839 933 38
688 928 95
137 442 7
914 991 34
684 960 5
772 897 78
347 682 99
163 295 75
859 988 93
667 844 74
60 280 50
895 980 84
959 975 20
891 998 19
579 628 48
568 674 97
907 988 87
299 489 21
195 262 12
877 902 83
810 865 37
553 766 77
434 792 100
554 947 9
442 655 29
596 933 16
671 915 25
897 924 72
597 976 62
423 440 23
723 761 8
920 999 49
72 118 48
747 797 12
877 976 67
598 709 21
283 316 71
734 839 19
123 635 75
792 794 27
728 828 56
361 582 4
241 468 29
619 792 78
340 521 52
109 432 16
136 776 31
679 903 23
515 761 59
480 847 95
813 908 65
227 774 11
431 683 94
794 847 42
177 675 96
590 847 87
691 795 65
210 798 74
674 966 3
615 962 53
21 990 97
859 943 89
431 593 36
131 819 85
213 523 21
500 842 49
95 331 72
788 850 5
994 997 10
380 483 78
369 895 57
228 593 37
916 990 88
124 899 80
374 489 89
776 990 62
422 821 56
495 979 48
774 923 79
933 974 41
79 507 96
752 770 1
302 533 92
418 953 22
407 568 23
796 999 42
778 974 65
953 977 79
887 916 14
944 945 4
887 956 89
779 817 67
90 472 54
770 933 61
402 715 20
862 969 89
962 992 59
761 796 86
103 164 40
663 846 36
760 878 16
425 428 30
129 940 78
161 242 100
527 849 1
431 622 78
413 733 65
828 830 35
774 898 63
507 756 9
961 966 43
438 618 43
617 644 8
693 707 10
838 996 33
428 995 72
922 967 17
848 885 49
38 334 42
936 970 92
209 220 30
962 963 19
895 969 11
195 896 49
352 536 56
925 972 64
966 968 39
403 541 92
874 966 87
738 926 79
649 701 60
478 753 6
58 429 8
448 497 36
187 620 10
888 940 94
319 660 74
127 764 69
264 546 73
705 912 69
251 863 70
35 542 98
211 510 58
755 772 27
661 932 37
789 791 56
941 998 10
298 634 93
488 645 38
401 591 14
2 264 35
426 972 39
141 543 66
946 947 26
411 611 19
836 961 35
777 982 75
676 972 3
979 997 26
681 959 67
703 870 12
151 566 90
596 665 49
315 959 84
805 988 92
874 991 59
959 987 85
921 995 72
23 784 49
123 983 18
366 999 84
912 917 53
262 591 69
737 950 98
778 810 80
293 543 33
827 843 36
931 956 38
547 990 57
258 330 4
924 930 5
261 264 94
899 995 82
815 920 42
892 977 22
257 497 4
172 295 9
840 850 82
383 949 12
573 793 95
967 992 14
694 989 89
712 853 25
794 888 93
851 951 3
751 995 42
220 654 23
101 849 26
337 607 77
27 872 32
797 856 56
926 949 64
731 835 1
158 868 12
979 984 5
32 893 60
909 945 11
307 703 74
888 893 67
902 934 38
372 847 55
236 883 14
422 442 25
442 546 77
881 901 10
323 462 11
809 876 77
826 1000 10
638 949 95
266 855 6
462 798 11
605 815 86
777 908 31
916 936 27
541 1000 18
248 861 100
384 959 24
439 520 35
139 631 78
199 831 64
418 438 17
850 1000 62
3 11 13
34 572 11
170 590 42
626 914 72
218 317 37
581 972 47
626 633 14
423 789 52
829 853 44
63 237 15
57 111 59
454 990 65
903 929 90
579 750 99
865 873 71
937 986 72
274 751 93
203 803 65
364 556 12
743 795 8
760 809 53
921 973 70
240 717 32
735 924 29
676 741 36
24 767 84
797 857 34
743 969 3
373 681 80
68 834 41
954 1000 28
90 300 24
335 645 30
895 902 73
996 998 44
690 989 18
872 987 68
527 781 43
897 995 35
955 967 66
923 968 30
762 817 70
195 921 15
492 900 12
74 78 76
734 922 8
601 727 49
335 989 25
535 977 86
607 617 60
970 972 49
670 785 42
602 961 57
731 853 32
319 510 38
347 907 16
116 933 6
650 724 44
13 281 62
654 860 48
789 965 7
567 813 93
612 719 14
919 962 11
500 504 67
995 997 43
828 917 6
998 1000 78
363 857 28
495 843 73
351 753 78
476 831 95
20 781 13
710 825 58
717 835 77
696 701 63
143 304 16
392 655 18
235 572 21
954 976 78
72 567 89
303 346 58
996 1000 53
226 804 73
786 989 85
329 726 83
308 476 3
886 990 30
753 896 100
682 948 57
54 591 54
97 775 37
789 791 80
751 880 35
969 976 49
937 983 9
859 933 91
116 553 32
273 971 17
953 992 12
484 663 34
768 852 73
21 376 95
890 982 95
686 782 95
603 846 72
195 966 47
745 830 6
808 931 24
818 983 43
464 500 64
157 430 58
986 991 63
59 944 33
171 380 53
285 574 6
172 278 31
191 750 29
