331 80000
-99947 2799
-99849 5214
-99846 5283
-99560 9286
-99521 9633
-99131 13035
-99063 13517
-98984 14069
-98765 15560
-98375 17893
-98186 18939
-97882 20433
-97318 23001
-97110 23837
-96765 25147
-96204 27251
-95854 28476
-95142 30776
-94441 32854
-93949 34246
-93310 35954
-92246 38576
-92046 39029
-89938 43681
-89871 43827
-89179 45241
-88989 45607
-88240 47048
-87516 48366
-86633 49919
-85949 51095
-85326 52126
-84616 53274
-84191 53960
-83654 54779
-82982 55776
-82060 57101
-81098 58477
-79856 60190
-78608 61780
-78020 62503
-75960 65028
-74318 66902
-72729 68623
-70968 70447
-70648 70764
-70517 70892
-69487 71877
-67627 73624
-65949 75161
-64782 76175
-63556 77191
-60056 79920
-58821 80836
-57182 82033
-56240 82679
-53929 84204
-53068 84747
-52569 85058
-51498 85704
-50551 86258
-48806 87273
-48032 87703
-45633 88965
-41941 90767
-39794 91728
-37998 92490
-35500 93484
-31550 94887
-30820 95129
-28028 95987
-27716 96076
-25774 96608
-24329 96985
-22195 97469
-19190 98107
-17716 98394
-15930 98717
-14643 98920
-12116 99247
-10107 99469
-8519 99629
-7166 99738
-6738 99772
-5588 99835
-2283 99963
-1387 99976
290 99999
3507 99917
5632 99840
7005 99733
8295 99632
9649 99511
11777 99291
14150 98978
14745 98890
16487 98609
18707 98217
22024 97533
24830 96859
26388 96448
27050 96265
27654 96095
28532 95843
30507 95230
30781 95143
33874 94078
34682 93788
36043 93263
37095 92857
37631 92635
41129 91143
44492 89536
45848 88864
46753 88381
46957 88269
48701 87311
48970 87159
50969 86007
51958 85432
54320 83950
55245 83350
57087 82092
58514 81078
59765 80164
60802 79390
61953 78481
63312 77404
64102 76747
66394 74766
67802 73502
69419 71927
71428 69967
71972 69421
74280 66920
75857 65112
78433 62033
79661 60442
81362 58119
82935 55798
84101 54066
85526 51791
85890 51209
87314 48704
88031 47393
88664 46231
89299 44993
89903 43782
89981 43615
90855 41738
91533 40247
91820 39598
92921 36944
93422 35649
93731 34841
94029 34031
94200 33551
95161 30714
95792 28690
96792 25087
97686 21296
97962 19958
98401 17704
98871 14863
99084 13466
99216 12470
99424 10614
99464 10224
99723 7408
99760 6916
99901 4225
99982 1694
99988 1299
99983 622
99874 -4707
99666 -8155
99376 -11134
99030 -13887
98830 -15193
98427 -17611
98405 -17727
98150 -19024
97620 -21568
96808 -25047
95780 -28737
95569 -29405
94874 -31586
94079 -33781
93071 -36513
92182 -38740
91303 -40779
90534 -42418
89583 -44416
88648 -46260
88098 -47305
87741 -47948
87295 -48739
87149 -48995
85595 -51657
85128 -52429
83869 -54460
82564 -56418
81338 -58169
81115 -58479
80739 -58989
78889 -61445
77836 -62767
77201 -63549
75413 -65620
74329 -66873
72702 -68633
70469 -70943
69079 -72278
67027 -74211
65873 -75236
64486 -76409
63532 -77213
62993 -77660
62797 -77818
60759 -79384
57778 -81613
56473 -82518
55392 -83240
53658 -84379
51057 -85976
50643 -86222
48741 -87316
45953 -88815
44007 -89795
43776 -89908
43452 -90066
40382 -91479
38576 -92256
36387 -93126
35729 -93376
30798 -95135
29206 -95639
24879 -96849
20785 -97807
19709 -98037
17599 -98424
14199 -98972
12017 -99228
9096 -99570
6854 -99764
4703 -99886
2609 -99955
1810 -99969
256 -99996
-600 -99995
-4456 -99898
-4880 -99879
-6109 -99795
-8862 -99600
-11277 -99362
-13354 -99092
-14460 -98942
-16228 -98666
-17044 -98524
-18989 -98171
-20302 -97903
-23319 -97235
-27214 -96204
-28483 -95830
-30018 -95375
-32153 -94682
-33430 -94226
-34111 -93982
-36340 -93144
-37199 -92820
-40362 -91466
-41148 -91129
-41243 -91088
-41459 -90992
-43582 -89971
-44782 -89382
-46598 -88467
-46874 -88324
-49142 -87082
-52604 -85041
-54787 -83625
-56174 -82724
-58980 -80747
-59486 -80381
-61256 -79041
-63417 -77292
-65061 -75936
-66093 -75016
-68255 -73064
-68604 -72741
-69481 -71917
-72203 -69166
-72761 -68568
-74231 -66970
-75862 -65152
-78010 -62515
-79093 -61175
-80245 -59665
-80717 -59027
-81658 -57722
-83401 -55157
-84796 -52951
-86306 -50494
-86673 -49830
-88369 -46751
-88817 -45932
-89990 -43560
-90320 -42886
-91461 -40428
-91551 -40219
-92652 -37606
-93571 -35205
-94301 -33267
-94647 -32275
-94970 -31315
-95872 -28395
-96710 -25433
-96775 -25180
-96956 -24465
-97152 -23649
-97623 -21672
-98039 -19680
-98411 -17733
-98910 -14603
-98969 -14230
-99224 -12400
-99341 -11371
-99589 -8895
-99800 -5584
-99944 -2726
-99996 -742
