1226 8753
-99993 1164
-99985 1680
-99966 2587
-99962 2753
-99950 3160
-99928 3765
-99896 4531
-99873 5018
-99862 5245
-99833 5764
-99823 5941
-99789 6475
-99758 6929
-99737 7229
-99683 7939
-99634 8528
-99614 8768
-99565 9310
-99443 10522
-99402 10907
-99370 11207
-99329 11562
-99211 12534
-99180 12778
-99172 12839
-99117 13258
-99062 13660
-98994 14144
-98923 14631
-98896 14815
-98803 15425
-98760 15699
-98669 16257
-98565 16880
-98465 17447
-98366 18002
-98288 18424
-98161 19085
-98114 19329
-97844 20645
-97733 21167
-97695 21345
-97666 21478
-97597 21781
-97362 22805
-97287 23128
-97233 23359
-97179 23582
-97001 24303
-96872 24815
-96749 25288
-96615 25797
-96392 26618
-96253 27117
-96152 27470
-95917 28278
-95776 28754
-95474 29738
-95404 29962
-95183 30661
-94974 31297
-94868 31618
-94752 31966
-94698 32124
-94628 32328
-94507 32680
-94078 33901
-93930 34309
-93781 34714
-93667 35021
-93407 35708
-93323 35926
-93165 36332
-92952 36873
-92736 37415
-92523 37936
-92344 38372
-92213 38687
-92171 38787
-91922 39373
-91836 39574
-91523 40290
-91408 40551
-91073 41300
-91010 41438
-90925 41624
-90871 41741
-90460 42626
-90310 42942
-90014 43560
-89732 44137
-89662 44279
-89578 44449
-89396 44814
-89191 45219
-88894 45801
-88715 46145
-88459 46635
-88323 46894
-88249 47033
-88024 47452
-87672 48100
-87374 48637
-87139 49058
-86897 49485
-86793 49668
-86690 49848
-86396 50356
-85882 51226
-85750 51448
-85488 51882
-85216 52325
-84789 53017
-84563 53376
-84156 54015
-83979 54290
-83803 54562
-83719 54691
-83480 55054
-83364 55230
-83182 55504
-82891 55936
-82483 56538
-82129 57051
-81842 57461
-81464 57996
-81122 58473
-80783 58940
-80393 59471
-79979 60027
-79658 60452
-79412 60775
-78765 61612
-78649 61760
-78174 62360
-77919 62678
-77738 62903
-77069 63719
-76866 63964
-76527 64368
-76217 64736
-75870 65142
-75496 65577
-75137 65988
-74743 66431
-74144 67101
-73597 67701
-73374 67942
-73025 68315
-72494 68881
-72120 69272
-71723 69681
-71331 70084
-71138 70280
-70827 70593
-70584 70837
-70006 71406
-69754 71653
-69381 72015
-69276 72116
-68783 72586
-68548 72808
-67846 73463
-67781 73523
-67234 74023
-66971 74261
-66734 74475
-66163 74983
-65744 75349
-65442 75612
-65290 75744
-65127 75884
-64991 76000
-64566 76362
-64328 76563
-63741 77051
-63272 77438
-62559 78014
-62237 78272
-62010 78451
-61619 78758
-61412 78920
-60802 79392
-59925 80056
-59384 80457
-58924 80795
-58625 81013
-58313 81236
-57782 81613
-57294 81958
-57094 82098
-56651 82403
-56414 82566
-56126 82763
-56004 82846
-55875 82933
-54971 83535
-54646 83748
-54471 83862
-53744 84330
-53427 84530
-52982 84809
-52712 84977
-52378 85184
-51894 85480
-51354 85804
-50385 86378
-50176 86500
-50023 86588
-49444 86921
-48891 87231
-48515 87439
-47757 87858
-47195 88162
-46788 88379
-46451 88556
-46150 88714
-45481 89058
-44678 89464
-44148 89726
-44026 89786
-43653 89968
-43489 90048
-43267 90154
-42813 90370
-42615 90463
-42070 90718
-41493 90985
-40929 91239
-40510 91427
-39271 91965
-39136 92023
-38739 92191
-38611 92245
-38201 92415
-38038 92482
-37895 92540
-36896 92944
-36638 93046
-36118 93248
-35481 93493
-35061 93652
-34476 93869
-33491 94225
-33389 94261
-33264 94305
-33204 94326
-32757 94482
-32421 94598
-32060 94721
-31424 94934
-31127 95030
-30143 95347
-29788 95459
-29427 95571
-28794 95764
-28310 95908
-27908 96026
-26673 96376
-25998 96561
-25805 96613
-25371 96728
-25122 96793
-24201 97026
-23849 97114
-23670 97158
-23375 97229
-22727 97382
-22173 97509
-21753 97605
-20851 97802
-19804 98018
-19580 98064
-19369 98106
-19119 98154
-18451 98281
-17969 98372
-17693 98422
-17318 98488
-16741 98588
-16138 98689
-15215 98835
-14749 98906
-14397 98958
-13756 99048
-13029 99147
-12571 99206
-12157 99258
-11761 99304
-11115 99378
-10991 99392
-10347 99462
-9515 99545
-8749 99615
-7914 99686
-7511 99717
-6926 99759
-6427 99793
-5640 99840
-5037 99872
-4759 99886
-4480 99899
-3311 99944
-3156 99949
-2365 99970
-2246 99973
-1983 99979
-1250 99990
-580 99998
282 99999
308 99999
1425 99989
2362 99972
2556 99967
2917 99957
3188 99949
4118 99914
4661 99891
5481 99849
6241 99804
6466 99790
6628 99779
6804 99767
7692 99703
7848 99691
8061 99674
8776 99614
8912 99602
9767 99521
10461 99451
10942 99399
11122 99379
11779 99303
11915 99287
12047 99271
12537 99211
13801 99041
14158 98992
14437 98952
14717 98911
15320 98819
15979 98715
16633 98607
16833 98573
17233 98502
17971 98371
19151 98149
19458 98088
19900 97999
20176 97942
20818 97809
21406 97682
22160 97513
22499 97436
23311 97244
23563 97184
24004 97076
24411 96974
24525 96945
24906 96848
25233 96764
25616 96662
25672 96647
25957 96570
26975 96293
27478 96150
27737 96076
28071 95978
28516 95846
29163 95652
29732 95477
29939 95413
30510 95232
30782 95144
31238 94995
31689 94846
32396 94607
32968 94409
33420 94249
33879 94085
34694 93788
34794 93751
34996 93676
35779 93379
36011 93290
36573 93071
36903 92941
37450 92722
37631 92649
38034 92484
38345 92354
38998 92080
39390 91915
40248 91542
40994 91211
41312 91067
41700 90890
42425 90554
42931 90315
43096 90237
43847 89874
43882 89857
44383 89611
44746 89429
45170 89216
45772 88909
46168 88704
46336 88616
46818 88363
46956 88290
47280 88116
47835 87815
48148 87645
48480 87461
48866 87244
49549 86860
49690 86780
49993 86606
50784 86145
50989 86023
51384 85787
51831 85519
52370 85190
52815 84912
53096 84736
53561 84444
54035 84144
54077 84117
54819 83634
55153 83414
55388 83259
55863 82939
56384 82588
57109 82088
57289 81963
57419 81872
58029 81440
58268 81269
58556 81062
59094 80671
59236 80567
59849 80113
60318 79758
60627 79524
60917 79303
61187 79095
61345 78973
61646 78738
61876 78558
62252 78260
62339 78191
62478 78080
62709 77894
62820 77804
63294 77419
63562 77200
64172 76693
64641 76298
65121 75887
65490 75571
66040 75091
66810 74405
67099 74146
67587 73702
67913 73401
68550 72806
68623 72737
68999 72381
69494 71904
69773 71634
70346 71071
70574 70846
70767 70653
71071 70348
71726 69679
71808 69595
72141 69250
72273 69113
72626 68741
72656 68709
73298 68024
73566 67735
73934 67332
74175 67065
74667 66518
74787 66383
75129 65996
75479 65596
75703 65337
75799 65225
76164 64797
76496 64407
77193 63570
77372 63352
77707 62940
78103 62449
78545 61892
78937 61391
79555 60588
79716 60376
79897 60136
80383 59485
80698 59056
81259 58282
81425 58050
81533 57899
81830 57478
82006 57226
82338 56749
82809 56058
83316 55298
83551 54945
83742 54654
83889 54429
84167 53999
84380 53665
84693 53170
85254 52266
85665 51588
85772 51411
86100 50860
86299 50522
86433 50291
86727 49780
87099 49129
87216 48919
87627 48179
88027 47446
88209 47108
88513 46534
88771 46040
88943 45707
89021 45553
89510 44584
89845 43904
90056 43467
90336 42883
90486 42568
90531 42473
90696 42119
90709 42091
90983 41497
91193 41029
91595 40128
91694 39902
91784 39695
92091 38977
92243 38614
92394 38252
92816 37217
92878 37060
93134 36408
93409 35703
93579 35251
93742 34813
93982 34161
94251 33413
94528 32616
94721 32060
94769 31919
95103 30905
95368 30075
95509 29631
95680 29073
95870 28440
96027 27907
96177 27383
96243 27150
96389 26628
96683 25541
96770 25208
96835 24959
97006 24283
97113 23850
97190 23534
97284 23141
97452 22425
97496 22232
97683 21396
97800 20860
97970 20045
98052 19640
98188 18949
98326 18217
98450 17538
98602 16658
98662 16296
98738 15827
98863 15035
98871 14981
98985 14209
99001 14097
99137 13093
99204 12592
99323 11616
99410 10842
99507 9910
99530 9680
99595 8987
99652 8305
99709 7593
99750 7059
99784 6566
99820 5971
99824 5903
99860 5271
99888 4706
99905 4352
99920 3999
99925 3871
99941 3425
99972 2308
99987 1525
99991 1304
99994 943
99998 254
99999 -186
99999 -278
99992 -1155
99985 -1708
99970 -2409
99945 -3306
99909 -4221
99873 -5036
99846 -5540
99829 -5833
99778 -6639
99746 -7102
99718 -7501
99660 -8218
99582 -9129
99569 -9274
99500 -9986
99480 -10183
99367 -11233
99293 -11865
99275 -12011
99223 -12423
99178 -12777
99112 -13288
99094 -13422
99034 -13856
98832 -15239
98727 -15897
98699 -16071
98574 -16826
98490 -17307
98421 -17696
98280 -18467
98229 -18736
98161 -19089
98026 -19767
98001 -19890
97877 -20494
97804 -20840
97690 -21368
97640 -21592
97480 -22307
97415 -22587
97324 -22973
97138 -23753
96986 -24364
96746 -25297
96549 -26043
96525 -26130
96317 -26879
96187 -27344
96059 -27792
95756 -28821
95665 -29121
95290 -30326
95275 -30374
94996 -31235
94677 -32191
94473 -32781
94232 -33471
94038 -34008
93899 -34391
93544 -35344
93404 -35714
93278 -36041
92965 -36836
92757 -37360
92724 -37442
92617 -37707
91922 -39373
91718 -39843
91463 -40427
91134 -41163
90800 -41896
90717 -42075
90609 -42307
90322 -42915
90296 -42970
89998 -43592
89950 -43692
89437 -44732
89236 -45129
88784 -46015
88470 -46614
88232 -47063
88076 -47356
87915 -47654
87362 -48658
86972 -49354
86938 -49413
86247 -50610
85919 -51163
85651 -51613
85197 -52359
84979 -52711
84913 -52817
84691 -53173
84587 -53337
84081 -54130
83854 -54482
83436 -55121
82835 -56016
82728 -56175
82178 -56980
82002 -57232
81381 -58113
81150 -58435
80832 -58873
80634 -59144
80487 -59343
79947 -60069
79418 -60768
79057 -61237
78526 -61916
77922 -62674
77788 -62840
77576 -63102
77179 -63584
76693 -64173
76646 -64229
76180 -64781
75870 -65144
75412 -65673
75166 -65954
74604 -66590
74496 -66710
73921 -67347
73735 -67551
73623 -67673
73013 -68330
72515 -68857
71894 -69507
71508 -69904
71027 -70392
70840 -70580
70510 -70910
70043 -71371
69633 -71772
69502 -71899
69232 -72159
68735 -72631
68520 -72835
67833 -73475
67755 -73547
67373 -73897
67169 -74082
66789 -74425
66343 -74823
66043 -75086
65627 -75448
65392 -75652
64894 -76082
64263 -76617
63631 -77142
63434 -77305
62864 -77769
62596 -77985
62339 -78191
61797 -78620
61385 -78942
61117 -79149
60527 -79601
59961 -80026
59205 -80588
58891 -80819
58286 -81257
57666 -81698
57172 -82044
57026 -82146
56741 -82343
56445 -82546
56136 -82757
56057 -82810
55380 -83263
54825 -83631
54658 -83740
54465 -83865
53964 -84189
53359 -84571
52604 -85045
52257 -85259
51918 -85466
51511 -85711
50791 -86141
50281 -86439
49908 -86655
49584 -86841
49545 -86863
48613 -87388
48369 -87523
47812 -87827
47246 -88133
47005 -88263
46698 -88425
46243 -88665
45922 -88832
45362 -89119
44836 -89385
44371 -89617
43905 -89845
43487 -90049
42837 -90359
42322 -90602
41717 -90882
41612 -90930
41202 -91117
40786 -91303
40447 -91454
40088 -91612
39872 -91707
39510 -91863
39234 -91981
38507 -92288
37671 -92633
37516 -92696
37464 -92717
37118 -92856
36855 -92960
36655 -93039
36059 -93272
35192 -93603
34651 -93804
34610 -93819
33608 -94182
33361 -94271
32933 -94421
32733 -94490
32469 -94581
31596 -94877
31000 -95073
30409 -95262
30268 -95307
30035 -95381
29701 -95487
29105 -95670
28858 -95745
28309 -95909
28095 -95972
27643 -96102
27542 -96131
26560 -96408
25559 -96678
25375 -96726
25014 -96820
24590 -96929
24471 -96959
24299 -97002
23732 -97140
23268 -97251
22885 -97342
22450 -97445
22306 -97479
21578 -97644
21022 -97764
20503 -97874
19694 -98039
19124 -98154
19027 -98173
17707 -98418
17476 -98460
16457 -98636
15905 -98727
15456 -98798
14983 -98871
14721 -98910
14190 -98987
13962 -99020
13296 -99112
12476 -99217
11846 -99295
11718 -99310
11299 -99359
10926 -99400
10260 -99472
9533 -99543
9054 -99589
8799 -99612
8314 -99653
7938 -99683
7481 -99719
6976 -99756
6232 -99805
5561 -99845
4657 -99891
4145 -99913
3678 -99932
2710 -99963
2175 -99975
1530 -99987
1248 -99992
727 -99997
282 -99999
-418 -99999
-746 -99996
-1289 -99990
-1807 -99982
-2114 -99977
-2226 -99975
-2560 -99967
-2665 -99964
-3076 -99951
-3547 -99935
-3681 -99930
-4471 -99899
-4725 -99888
-5561 -99845
-5619 -99842
-5809 -99831
-5951 -99822
-6810 -99767
-7136 -99745
-7227 -99738
-8345 -99651
-8917 -99600
-9443 -99553
-9608 -99537
-10015 -99497
-10816 -99413
-11115 -99380
-11558 -99329
-12109 -99264
-12867 -99168
-13151 -99131
-13326 -99108
-13872 -99033
-14084 -99003
-14308 -98970
-14686 -98914
-15158 -98844
-15911 -98726
-16294 -98662
-17086 -98527
-17642 -98431
-17951 -98374
-18787 -98219
-19177 -98143
-19445 -98090
-20099 -97959
-20752 -97822
-20980 -97774
-21271 -97711
-22039 -97540
-22357 -97468
-23260 -97257
-23788 -97129
-24457 -96963
-25080 -96803
-25608 -96664
-26012 -96557
-26678 -96375
-27062 -96268
-27352 -96186
-28289 -95913
-28534 -95841
-28883 -95738
-30025 -95386
-31180 -95014
-31788 -94813
-32594 -94539
-33131 -94352
-33674 -94159
-34114 -94000
-34547 -93842
-34862 -93725
-34894 -93713
-35477 -93493
-36130 -93244
-36682 -93029
-37528 -92691
-38268 -92386
-38496 -92292
-38854 -92143
-39543 -91849
-40101 -91607
-40544 -91412
-40749 -91320
-41316 -91065
-41874 -90810
-42519 -90510
-42959 -90301
-43561 -90011
-44236 -89683
-44634 -89486
-44830 -89388
-45097 -89253
-45397 -89101
-45582 -89007
-46395 -88585
-46556 -88501
-46809 -88368
-47246 -88134
-47414 -88044
-47744 -87865
-47845 -87810
-48157 -87640
-48720 -87328
-49589 -86837
-49970 -86619
-50304 -86425
-50482 -86320
-51506 -85715
-51790 -85544
-52174 -85310
-52372 -85189
-53111 -84730
-53571 -84440
-54402 -83906
-54780 -83660
-54896 -83584
-55279 -83330
-55774 -82999
-56088 -82789
-56783 -82314
-57111 -82087
-57608 -81739
-57986 -81471
-58558 -81061
-58891 -80818
-59259 -80549
-59491 -80377
-60013 -79987
-60536 -79592
-61000 -79239
-61548 -78814
-61813 -78607
-62563 -78011
-62766 -77848
-63051 -77617
-63328 -77392
-63751 -77041
-64336 -76552
-64781 -76179
-65015 -75979
-65148 -75865
-65382 -75664
-65665 -75417
-66246 -74907
-66534 -74651
-66873 -74347
-67064 -74175
-67443 -73833
-67765 -73538
-67984 -73334
-68572 -72786
-68843 -72530
-69050 -72333
-69943 -71470
-70130 -71285
-70427 -70991
-70826 -70595
-71514 -69895
-71684 -69721
-72061 -69333
-72506 -68867
-72568 -68802
-72755 -68605
-73009 -68335
-73414 -67899
-73636 -67658
-74042 -67211
-74600 -66589
-75074 -66059
-75432 -65648
-75590 -65466
-75925 -65079
-76444 -64468
-76690 -64176
-76839 -63998
-77035 -63762
-77408 -63307
-77443 -63264
-77546 -63137
-77884 -62720
-78039 -62528
-78221 -62299
-78792 -61576
-79350 -60857
-79918 -60109
-80177 -59763
-80445 -59401
-80520 -59299
-80984 -58664
-81274 -58262
-81535 -57896
-81938 -57325
-82291 -56815
-82526 -56474
-82557 -56429
-83137 -55569
-83198 -55478
-83530 -54978
-83828 -54522
-84127 -54061
-84575 -53355
-84780 -53031
-85107 -52504
-85271 -52236
-85518 -51832
-85902 -51190
-86137 -50797
-86490 -50192
-86868 -49536
-87179 -48987
-87311 -48752
-87595 -48238
-87790 -47883
-87968 -47555
-88501 -46553
-88551 -46459
-88725 -46127
-88875 -45839
-89033 -45531
-89199 -45205
-89234 -45136
-89467 -44672
-89509 -44588
-89606 -44393
-89693 -44216
-90031 -43524
-90185 -43204
-90394 -42764
-90617 -42290
-91269 -40861
-91387 -40598
-91515 -40308
-91606 -40101
-91778 -39708
-91845 -39553
-92073 -39019
-92272 -38546
-92460 -38091
-92615 -37711
-92879 -37057
-93036 -36662
-93175 -36309
-93329 -35910
-93511 -35435
-93646 -35074
-93746 -34806
-93930 -34305
-94059 -33953
-94366 -33087
-94475 -32777
-94615 -32372
-94663 -32231
-94939 -31406
-95036 -31111
-95179 -30671
-95321 -30230
-95520 -29594
-95807 -28652
-95829 -28579
-95945 -28185
-96046 -27839
-96174 -27390
-96289 -26985
-96504 -26209
-96538 -26083
-96632 -25734
-96656 -25643
-96814 -25037
-96956 -24485
-97120 -23825
-97142 -23735
-97252 -23277
-97331 -22945
-97436 -22498
-97612 -21722
-97621 -21681
-97736 -21156
-97796 -20879
-97991 -19920
-98109 -19338
-98202 -18872
-98307 -18322
-98330 -18198
-98393 -17852
-98514 -17171
-98603 -16645
-98701 -16061
-98827 -15262
-98942 -14493
-98981 -14232
-99012 -14014
-99058 -13688
-99115 -13267
-99135 -13118
-99180 -12774
-99241 -12296
-99326 -11585
-99376 -11151
-99456 -10387
-99531 -9663
-99564 -9323
-99598 -8948
-99643 -8421
-99694 -7817
-99708 -7625
-99763 -6861
-99804 -6220
-99825 -5878
-99835 -5703
-99850 -5436
-99901 -4441
-99920 -3994
-99940 -3458
-99957 -2912
-99974 -2254
-99993 -1166
-99999 14
