2635 8753
-99999 431
-99998 631
-99997 753
-99994 1076
-99990 1412
-99984 1783
-99983 1839
-99975 2235
-99974 2277
-99966 2605
-99956 2966
-99934 3632
-99930 3739
-99925 3868
-99914 4144
-99907 4304
-99897 4532
-99892 4637
-99869 5113
-99861 5270
-99844 5580
-99840 5650
-99831 5807
-99823 5946
-99816 6062
-99800 6321
-99783 6582
-99773 6731
-99763 6876
-99735 7269
-99711 7594
-99687 7905
-99680 7992
-99673 8078
-99642 8454
-99628 8617
-99603 8898
-99590 9042
-99562 9345
-99546 9516
-99529 9693
-99490 10086
-99472 10262
-99421 10744
-99414 10810
-99385 11073
-99377 11144
-99344 11435
-99286 11928
-99277 12003
-99236 12337
-99191 12694
-99145 13047
-99137 13108
-99110 13308
-99077 13552
-99044 13793
-99035 13858
-99017 13986
-99001 14098
-98957 14404
-98923 14636
-98887 14877
-98871 14982
-98860 15054
-98833 15230
-98804 15418
-98772 15621
-98745 15792
-98723 15929
-98672 16243
-98642 16423
-98603 16655
-98550 16966
-98533 17065
-98501 17249
-98436 17616
-98421 17700
-98337 18161
-98301 18355
-98257 18588
-98225 18757
-98105 19375
-98089 19455
-98001 19894
-97931 20236
-97921 20284
-97849 20629
-97757 21061
-97641 21592
-97580 21866
-97518 22141
-97496 22238
-97392 22688
-97340 22909
-97237 23344
-97226 23390
-97167 23634
-97114 23851
-97063 24057
-97046 24125
-96986 24364
-96944 24531
-96866 24839
-96817 25029
-96768 25218
-96749 25290
-96640 25703
-96596 25868
-96565 25984
-96526 26129
-96488 26269
-96403 26579
-96324 26864
-96214 27255
-96203 27294
-96146 27494
-96054 27813
-95959 28139
-95924 28259
-95909 28310
-95833 28566
-95762 28803
-95682 29067
-95617 29281
-95542 29525
-95401 29977
-95320 30232
-95218 30553
-95174 30690
-95154 30752
-95066 31023
-95046 31084
-94992 31248
-94959 31348
-94909 31499
-94775 31901
-94741 32002
-94633 32320
-94493 32727
-94474 32782
-94418 32943
-94275 33350
-94231 33474
-94126 33768
-94065 33937
-94019 34064
-93948 34260
-93826 34593
-93679 34988
-93532 35380
-93374 35795
-93236 36153
-93116 36461
-93024 36695
-92916 36967
-92820 37208
-92690 37530
-92580 37801
-92544 37889
-92387 38270
-92238 38628
-92183 38759
-92127 38892
-92108 38937
-91995 39203
-91925 39367
-91884 39463
-91807 39641
-91726 39828
-91605 40106
-91405 40560
-91314 40764
-91129 41176
-91074 41298
-91014 41430
-90897 41686
-90693 42128
-90674 42169
-90515 42509
-90477 42590
-90425 42700
-90214 43144
-89999 43591
-89951 43690
-89715 44172
-89531 44544
-89330 44946
-89280 45045
-89184 45235
-88942 45709
-88925 45742
-88820 45945
-88644 46284
-88577 46412
-88439 46674
-88344 46854
-88170 47181
-87978 47538
-87912 47660
-87735 47985
-87680 48085
-87536 48346
-87368 48650
-87348 48686
-87169 49005
-86911 49461
-86675 49874
-86522 50139
-86316 50493
-86292 50534
-85993 51041
-85922 51160
-85725 51490
-85553 51775
-85467 51917
-85366 52083
-85330 52142
-85238 52292
-85104 52510
-85091 52531
-84928 52794
-84877 52876
-84658 53226
-84514 53454
-84411 53617
-84321 53758
-84144 54035
-84108 54091
-83933 54361
-83647 54801
-83615 54850
-83575 54911
-83341 55265
-83122 55594
-83057 55691
-82868 55972
-82787 56092
-82617 56341
-82548 56442
-82369 56704
-82217 56924
-82103 57088
-81924 57345
-81810 57507
-81641 57747
-81571 57846
-81512 57929
-81268 58271
-80886 58800
-80870 58822
-80677 59086
-80459 59383
-80325 59564
-80113 59849
-79903 60129
-79608 60519
-79534 60616
-79340 60870
-79173 61087
-78985 61330
-78883 61461
-78783 61589
-78587 61839
-78346 62144
-78299 62203
-78193 62336
-78030 62540
-77934 62660
-77818 62804
-77742 62898
-77594 63080
-77428 63284
-77196 63567
-76864 63968
-76783 64065
-76727 64132
-76547 64347
-76375 64551
-76304 64635
-76237 64714
-76118 64854
-75902 65106
-75702 65339
-75374 65717
-75327 65771
-75158 65964
-75115 66013
-74975 66172
-74907 66249
-74814 66354
-74595 66600
-74546 66655
-74432 66782
-74197 67043
-73880 67392
-73623 67673
-73587 67712
-73231 68097
-73178 68154
-73036 68306
-72856 68498
-72673 68692
-72476 68900
-72416 68963
-72271 69115
-72183 69207
-72030 69366
-71976 69422
-71798 69606
-71683 69724
-71487 69925
-71297 70119
-71247 70170
-71189 70229
-70860 70561
-70574 70847
-70408 71012
-70305 71114
-70174 71243
-70117 71299
-69850 71561
-69668 71738
-69601 71803
-69260 72132
-69037 72345
-68885 72490
-68830 72542
-68558 72799
-68523 72832
-68407 72941
-68263 73076
-68171 73162
-68110 73219
-67897 73416
-67688 73609
-67651 73643
-67492 73789
-67310 73955
-67082 74162
-66888 74337
-66868 74355
-66839 74381
-66488 74695
-66129 75013
-66038 75093
-65894 75219
-65562 75509
-65314 75723
-65125 75886
-64943 76042
-64855 76117
-64707 76243
-64545 76380
-64341 76552
-64193 76676
-63863 76951
-63677 77105
-63306 77410
-63256 77451
-63137 77548
-62945 77704
-62778 77839
-62676 77921
-62344 78187
-62197 78304
-62033 78434
-61928 78517
-61634 78748
-61489 78861
-61309 79001
-60950 79278
-60764 79421
-60545 79588
-60333 79749
-60101 79924
-59883 80087
-59561 80327
-59425 80428
-59187 80603
-59036 80714
-58818 80873
-58749 80923
-58644 80999
-58431 81153
-58219 81305
-57877 81549
-57611 81737
-57594 81749
-57506 81811
-57389 81893
-57339 81928
-57316 81944
-56876 82250
-56685 82382
-56580 82454
-56488 82517
-56170 82734
-55887 82925
-55675 83068
-55443 83223
-55250 83351
-55084 83461
-54929 83563
-54836 83624
-54683 83724
-54513 83835
-54250 84005
-54044 84138
-53971 84185
-53557 84449
-53383 84559
-53291 84617
-53237 84651
-52935 84840
-52754 84953
-52398 85173
-52225 85279
-51994 85420
-51943 85451
-51786 85546
-51516 85709
-51433 85759
-51311 85832
-51155 85925
-50894 86080
-50655 86221
-50638 86231
-50580 86265
-50356 86396
-50201 86486
-50094 86548
-49999 86603
-49663 86796
-49500 86889
-49384 86955
-49153 87086
-48881 87239
-48668 87358
-48334 87543
-48160 87639
-47831 87819
-47720 87879
-47235 88141
-47138 88193
-46824 88360
-46737 88406
-46492 88535
-46391 88588
-45928 88829
-45781 88905
-45512 89043
-45461 89069
-45140 89232
-45075 89265
-44956 89325
-44612 89497
-44209 89697
-44046 89777
-43611 89989
-43421 90081
-43367 90107
-43238 90169
-42987 90289
-42787 90384
-42521 90509
-42412 90560
-42086 90712
-41989 90757
-41948 90776
-41712 90885
-41515 90975
-41214 91112
-40883 91261
-40609 91383
-40510 91427
-40408 91472
-40088 91613
-39810 91734
-39521 91859
-39248 91976
-39123 92029
-38887 92129
-38797 92167
-38616 92243
-38282 92382
-38241 92399
-38089 92462
-37889 92544
-37740 92605
-37392 92746
-37150 92843
-37065 92877
-36806 92980
-36578 93070
-36328 93168
-36297 93180
-35854 93351
-35633 93436
-35322 93554
-35052 93655
-34822 93741
-34593 93826
-34394 93899
-34353 93914
-34175 93979
-33987 94047
-33810 94111
-33670 94161
-33338 94279
-33211 94324
-32894 94435
-32793 94470
-32674 94511
-32520 94564
-32331 94629
-32166 94685
-31812 94805
-31773 94818
-31376 94950
-31173 95017
-31054 95056
-30891 95109
-30675 95179
-30410 95264
-30388 95271
-30009 95391
-29856 95439
-29792 95459
-29250 95626
-28948 95718
-28776 95770
-28536 95842
-28327 95904
-27969 96009
-27914 96025
-27640 96104
-27563 96126
-27328 96193
-27005 96284
-26844 96329
-26243 96495
-25842 96603
-25745 96629
-25640 96657
-25432 96712
-25218 96768
-25110 96796
-24780 96881
-24485 96956
-23916 97098
-23646 97164
-23543 97189
-23398 97224
-23008 97317
-22736 97381
-22607 97411
-22503 97435
-22145 97517
-22075 97533
-21937 97564
-21637 97631
-21360 97692
-21227 97721
-21051 97759
-20405 97896
-20376 97902
-20221 97934
-20153 97948
-19991 97981
-19778 98024
-19505 98079
-19319 98116
-19268 98126
-19094 98160
-18939 98190
-18762 98224
-18556 98263
-18312 98309
-18280 98315
-17914 98382
-17683 98424
-17571 98444
-17419 98471
-17345 98484
-16942 98554
-16861 98568
-16762 98585
-16502 98629
-16442 98639
-16261 98669
-16028 98707
-15972 98716
-15697 98760
-15431 98802
-15296 98823
-14982 98871
-14649 98921
-14595 98929
-14453 98950
-14349 98965
-13978 99018
-13837 99038
-13547 99078
-13214 99123
-12702 99190
-12361 99233
-11844 99296
-11683 99315
-11311 99358
-11001 99393
-10782 99417
-10521 99445
-10007 99498
-9867 99512
-9816 99517
-9632 99535
-9409 99556
-9111 99584
-8663 99624
-8546 99634
-8296 99655
-8042 99676
-7791 99696
-7556 99714
-7424 99724
-6877 99763
-6772 99770
-6318 99800
-6209 99807
-6110 99813
-5858 99828
-5652 99840
-5192 99865
-4997 99875
-4577 99895
-4469 99900
-4401 99903
-3995 99920
-3842 99926
-3516 99938
-3255 99947
-2897 99958
-2583 99966
-2386 99971
-2222 99975
-1830 99983
-1414 99990
-1264 99992
-1177 99993
-742 99997
-593 99998
-420 99999
381 99999
626 99998
972 99995
1178 99993
1336 99991
1407 99990
1784 99984
1895 99982
1991 99980
2225 99975
2486 99969
2604 99966
2791 99961
2922 99957
3307 99945
3365 99943
3729 99930
3808 99927
4168 99913
4334 99906
4723 99888
5058 99872
5341 99857
5522 99847
5793 99832
6129 99812
6552 99785
6836 99766
7161 99743
7273 99735
7661 99706
7790 99696
8027 99677
8199 99663
8321 99653
8593 99630
8866 99606
8990 99595
9121 99583
9262 99570
9465 99551
9549 99543
9764 99522
10074 99491
10404 99457
10670 99429
10808 99414
11053 99387
11268 99363
11374 99351
11409 99347
11851 99295
11977 99280
12286 99242
12615 99201
12980 99154
13207 99124
13363 99103
13554 99077
13700 99057
13844 99037
13893 99030
14388 98959
14539 98937
14801 98898
15015 98866
15205 98837
15308 98821
15692 98761
15743 98753
16076 98699
16301 98662
16573 98617
16868 98567
17221 98506
17335 98486
17352 98483
17682 98424
17827 98398
17860 98392
18112 98346
18226 98325
18402 98292
18709 98234
18996 98179
19063 98166
19202 98139
19835 98013
20138 97951
20652 97844
20676 97839
21112 97746
21255 97715
21574 97645
21610 97637
21906 97571
22215 97501
22477 97441
22702 97389
22876 97348
23290 97250
23679 97156
23761 97136
23891 97104
24162 97037
24194 97029
24493 96954
24650 96914
24775 96882
25087 96802
25359 96731
25568 96676
25723 96635
26191 96509
26430 96444
26597 96398
26910 96311
26992 96288
27063 96268
27293 96203
27360 96184
27598 96116
27755 96071
27945 96016
28017 95995
28218 95936
28384 95887
28673 95801
29051 95687
29261 95623
29388 95584
29518 95544
29925 95417
29998 95394
30416 95262
30746 95156
30783 95144
31105 95039
31328 94966
31578 94883
31785 94814
31930 94765
32211 94670
32562 94550
32675 94511
32934 94421
32977 94406
33211 94324
33546 94205
33768 94126
34017 94036
34401 93896
34631 93812
34997 93676
35242 93584
35422 93516
35907 93331
36135 93243
36374 93150
36578 93070
36771 92994
37083 92870
37327 92772
37490 92706
37774 92591
37979 92507
38091 92461
38379 92342
38628 92238
38854 92143
38892 92127
39126 92028
39166 92011
39323 91944
39500 91868
39884 91702
39930 91682
40195 91566
40356 91495
40485 91438
40744 91323
41234 91103
41544 90962
41758 90864
42044 90732
42113 90700
42334 90597
42560 90491
42787 90384
43259 90159
43440 90072
43498 90044
43805 89895
43842 89877
44142 89730
44219 89692
44488 89559
44650 89478
45034 89285
45282 89160
45357 89122
45553 89022
45941 88822
46067 88757
46125 88727
46313 88629
46517 88522
46720 88415
46873 88334
47113 88206
47291 88111
47319 88096
47488 88005
47536 87979
47860 87803
48065 87691
48218 87607
48484 87460
48730 87323
48773 87299
48982 87182
49151 87087
49521 86877
49829 86701
49954 86629
50089 86551
50120 86533
50206 86483
50465 86332
50648 86225
50694 86198
50972 86034
51162 85921
51395 85782
51611 85652
51679 85611
51864 85499
52323 85219
52445 85144
52510 85104
52725 84971
52977 84814
53017 84789
53156 84702
53234 84653
53391 84554
53623 84407
53774 84311
53891 84236
54103 84100
54148 84071
54484 83854
54746 83683
54932 83561
55090 83457
55330 83298
55627 83100
55895 82920
55990 82856
56391 82583
56594 82444
56725 82354
56757 82332
56947 82201
57002 82163
57147 82062
57289 81963
57517 81803
57608 81739
57730 81653
57919 81519
57982 81474
58414 81165
58553 81065
58699 80959
58945 80780
59262 80548
59322 80504
59452 80408
59677 80241
60017 79987
60204 79846
60474 79642
60776 79412
60866 79343
61179 79102
61349 78970
61394 78935
61617 78761
61705 78692
61849 78579
61996 78463
62141 78348
62383 78156
62609 77975
62913 77730
63116 77565
63340 77382
63451 77291
63661 77118
63882 76935
64041 76803
64114 76742
64208 76663
64628 76310
64800 76164
64992 76000
65203 75819
65333 75707
65615 75463
65723 75369
65901 75213
66113 75027
66480 74702
66545 74644
66601 74594
66686 74518
66772 74441
66850 74371
67052 74189
67135 74114
67265 73996
67412 73862
67448 73829
67726 73574
67930 73386
68056 73269
68351 72994
68570 72788
68660 72703
68967 72412
69069 72315
69285 72108
69742 71666
70008 71406
70223 71195
70308 71111
70401 71019
70584 70837
70827 70594
71000 70420
71113 70306
71364 70051
71499 69913
71745 69661
72023 69373
72106 69287
72294 69091
72454 68923
72548 68824
72602 68767
72744 68617
72874 68479
73161 68172
73269 68056
73359 67959
73647 67647
73920 67348
74034 67223
74217 67021
74379 66841
74635 66555
74757 66418
74821 66346
74844 66320
75116 66012
75400 65687
75509 65562
75549 65516
75875 65138
76152 64814
76169 64794
76334 64599
76442 64471
76662 64210
76849 63986
77176 63591
77237 63517
77311 63427
77406 63311
77500 63196
77548 63137
77772 62861
77872 62737
77971 62614
78028 62543
78225 62296
78396 62081
78612 61807
78830 61529
79090 61194
79247 60991
79257 60978
79451 60725
79522 60632
79586 60548
79690 60411
79718 60374
79845 60206
80214 59713
80246 59670
80275 59631
80341 59542
80546 59265
80604 59186
80684 59077
80800 58918
80907 58771
81093 58514
81150 58435
81191 58378
81255 58289
81308 58215
81426 58050
81761 57577
81837 57469
82170 56992
82476 56548
82651 56292
82909 55911
82934 55874
83083 55652
83244 55411
83262 55384
83367 55226
83439 55117
83489 55041
83608 54860
83678 54753
83795 54574
83897 54417
84055 54173
84126 54063
84258 53857
84380 53665
84500 53476
84810 52983
84869 52889
85002 52675
85084 52542
85330 52142
85481 51894
85573 51742
85643 51626
85740 51465
85767 51420
86083 50889
86425 50306
86567 50061
86657 49905
86807 49644
86852 49565
86997 49310
87027 49257
87241 48877
87289 48791
87453 48497
87569 48287
87663 48116
87702 48045
87807 47853
87979 47536
87992 47512
88041 47421
88290 46956
88386 46775
88422 46707
88630 46311
88763 46055
88818 45949
88928 45736
88944 45705
89007 45582
89153 45296
89292 45021
89352 44902
89536 44534
89640 44324
89687 44229
89786 44028
89835 43928
89985 43619
90148 43282
90195 43184
90348 42863
90410 42732
90539 42458
90688 42138
90814 41866
90878 41727
90933 41607
91028 41399
91182 41059
91316 40759
91439 40483
91455 40447
91606 40104
91746 39782
91859 39521
92036 39107
92064 39041
92189 38745
92256 38585
92451 38115
92480 38045
92555 37862
92602 37747
92675 37567
92832 37178
92967 36839
93068 36583
93105 36489
93167 36330
93246 36127
93306 35972
93445 35609
93496 35475
93557 35314
93592 35221
93686 34970
93730 34852
93814 34625
93884 34435
93993 34136
94198 33566
94271 33361
94321 33219
94452 32845
94607 32395
94724 32052
94810 31796
94880 31587
94998 31231
95087 30959
95166 30715
95231 30513
95276 30372
95315 30249
95352 30132
95422 29909
95483 29714
95533 29553
95660 29139
95693 29030
95776 28755
95852 28501
95902 28333
95947 28180
96029 27900
96120 27585
96203 27294
96247 27138
96261 27088
96391 26622
96415 26535
96495 26243
96563 25992
96589 25895
96667 25601
96721 25397
96852 24891
96906 24682
97037 24162
97053 24098
97095 23928
97199 23501
97244 23315
97282 23156
97328 22962
97395 22676
97466 22369
97488 22273
97561 21951
97643 21583
97671 21456
97739 21144
97783 20940
97850 20622
97937 20206
97988 19958
98025 19776
98090 19451
98121 19294
98152 19135
98188 18950
98233 18713
98296 18379
98329 18202
98418 17717
98483 17352
98525 17109
98591 16727
98596 16698
98643 16418
98682 16181
98707 16028
98719 15954
98737 15841
98793 15489
98803 15425
98854 15095
98902 14776
98915 14689
98944 14494
98961 14377
98997 14127
99054 13721
99075 13568
99092 13443
99105 13347
99152 12995
99156 12964
99190 12699
99220 12463
99233 12359
99299 11819
99303 11785
99340 11469
99375 11162
99377 11144
99390 11026
99441 10556
99463 10348
99467 10310
99506 9924
99524 9744
99543 9546
99552 9451
99558 9387
99584 9108
99604 8889
99633 8558
99671 8104
99685 7931
99703 7701
99728 7369
99750 7058
99756 6973
99767 6816
99772 6744
99788 6503
99817 6043
99827 5876
99836 5720
99843 5593
99860 5283
99869 5111
99876 4975
99891 4666
99899 4493
99913 4169
99916 4097
99925 3870
99936 3568
99940 3452
99950 3156
99959 2861
99963 2720
99969 2489
99978 2090
99983 1843
99988 1542
99989 1476
99990 1407
99992 1260
99994 1090
99995 996
99996 880
99998 570
99999 120
99999 -446
99996 -879
99994 -1084
99987 -1607
99984 -1784
99978 -2088
99972 -2357
99966 -2606
99954 -3030
99937 -3547
99927 -3814
99921 -3971
99910 -4232
99899 -4492
99889 -4710
99888 -4731
99873 -5036
99864 -5210
99853 -5416
99848 -5507
99826 -5888
99807 -6202
99799 -6331
99793 -6425
99781 -6609
99758 -6951
99756 -6979
99742 -7173
99709 -7619
99706 -7657
99681 -7973
99665 -8171
99651 -8343
99639 -8486
99629 -8604
99616 -8753
99604 -8889
99583 -9121
99552 -9451
99550 -9472
99523 -9754
99474 -10243
99451 -10463
99435 -10615
99406 -10881
99376 -11153
99337 -11496
99297 -11836
99276 -12009
99250 -12221
99202 -12608
99156 -12964
99138 -13101
99100 -13386
99085 -13496
99068 -13619
99059 -13684
99004 -14077
98990 -14175
98950 -14453
98910 -14724
98865 -15021
98806 -15406
98791 -15502
98743 -15805
98707 -16027
98652 -16363
98561 -16900
98554 -16941
98527 -17098
98463 -17464
98433 -17633
98418 -17716
98355 -18063
98299 -18365
98271 -18515
98246 -18647
98171 -19038
98119 -19304
98091 -19445
97994 -19928
97976 -20016
97939 -20196
97868 -20539
97820 -20766
97786 -20925
97736 -21158
97682 -21406
97602 -21768
97511 -22170
97431 -22520
97401 -22650
97348 -22877
97317 -23008
97237 -23344
97164 -23645
97090 -23948
97077 -24001
97022 -24222
96940 -24548
96914 -24651
96857 -24874
96740 -25324
96728 -25370
96711 -25435
96690 -25515
96623 -25767
96601 -25849
96521 -26147
96465 -26353
96403 -26579
96354 -26755
96266 -27071
96230 -27199
96196 -27319
96092 -27682
96067 -27769
96031 -27893
95988 -28040
95911 -28303
95825 -28593
95797 -28686
95686 -29054
95652 -29166
95612 -29297
95565 -29450
95548 -29505
95385 -30027
95271 -30388
95207 -30588
95157 -30743
95056 -31054
95036 -31115
94971 -31313
94879 -31590
94824 -31755
94782 -31880
94724 -32052
94659 -32243
94570 -32504
94483 -32756
94376 -33062
94271 -33361
94265 -33378
94130 -33757
94111 -33810
93952 -34249
93898 -34397
93877 -34454
93753 -34789
93702 -34926
93610 -35173
93541 -35356
93490 -35491
93435 -35635
93333 -35901
93229 -36171
93158 -36353
93077 -36560
93013 -36722
92890 -37033
92845 -37145
92777 -37314
92690 -37530
92502 -37991
92457 -38101
92422 -38186
92258 -38580
92159 -38816
92109 -38934
92053 -39066
91949 -39311
91825 -39599
91741 -39794
91712 -39861
91531 -40275
91512 -40318
91337 -40713
91252 -40903
91195 -41030
91073 -41300
90923 -41629
90891 -41699
90774 -41953
90608 -42310
90561 -42410
90338 -42884
90202 -43169
90146 -43286
89916 -43761
89696 -44211
89559 -44488
89296 -45013
89219 -45166
89157 -45288
89056 -45486
88963 -45668
88907 -45777
88827 -45932
88648 -46276
88525 -46511
88396 -46756
88345 -46852
88105 -47302
88018 -47464
87955 -47580
87867 -47742
87730 -47994
87613 -48207
87552 -48318
87475 -48457
87335 -48709
87245 -48870
87077 -49169
86954 -49386
86848 -49572
86828 -49607
86698 -49834
86633 -49947
86588 -50025
86538 -50111
86299 -50521
86158 -50762
86054 -50938
85925 -51155
85771 -51413
85710 -51515
85646 -51621
85510 -51846
85487 -51884
85372 -52073
85193 -52365
84966 -52733
84908 -52826
84750 -53079
84669 -53208
84598 -53321
84459 -53541
84400 -53634
84386 -53656
84244 -53879
84172 -53991
84024 -54221
83837 -54510
83611 -54856
83498 -55028
83220 -55447
83078 -55660
82957 -55840
82793 -56083
82649 -56295
82617 -56342
82428 -56618
82251 -56875
82140 -57035
82019 -57209
81938 -57325
81884 -57402
81638 -57751
81626 -57768
81437 -58034
81201 -58364
81051 -58572
80901 -58779
80776 -58951
80645 -59130
80612 -59175
80554 -59254
80377 -59494
80305 -59591
80180 -59759
80061 -59918
79878 -60162
79786 -60284
79635 -60483
79435 -60746
79356 -60849
79293 -60931
79256 -60979
79023 -61281
78900 -61439
78643 -61767
78501 -61948
78381 -62100
78269 -62241
78095 -62459
77875 -62733
77661 -62998
77518 -63174
77316 -63421
77154 -63618
76854 -63980
76682 -64186
76493 -64411
76419 -64499
76194 -64764
75982 -65013
75917 -65089
75905 -65103
75800 -65225
75656 -65392
75599 -65458
75482 -65593
75421 -65663
75270 -65836
74997 -66147
74845 -66319
74633 -66557
74467 -66743
74243 -66992
74179 -67063
74123 -67125
73996 -67265
73976 -67287
73894 -67377
73586 -67713
73407 -67907
73295 -68028
73107 -68230
73021 -68322
72889 -68463
72858 -68496
72724 -68638
72476 -68900
72250 -69137
72160 -69231
72036 -69360
71924 -69476
71832 -69571
71700 -69707
71474 -69939
71300 -70116
71238 -70179
71108 -70311
71016 -70404
70788 -70633
70553 -70868
70158 -71259
69905 -71507
69818 -71592
69780 -71629
69414 -71984
69233 -72158
69070 -72314
68689 -72676
68654 -72709
68535 -72821
68266 -73073
68043 -73281
67944 -73373
67878 -73434
67826 -73482
67614 -73677
67565 -73722
67236 -74022
67192 -74062
67021 -74217
66723 -74485
66480 -74702
66310 -74853
66129 -75013
65906 -75209
65693 -75395
65427 -75626
65240 -75787
65183 -75836
64950 -76036
64870 -76104
64537 -76387
64210 -76662
63849 -76963
63785 -77016
63570 -77193
63322 -77397
63192 -77503
63111 -77569
62924 -77721
62619 -77967
62324 -78203
62168 -78327
62077 -78399
61709 -78689
61602 -78773
61538 -78823
61398 -78932
61188 -79095
61065 -79190
60815 -79382
60578 -79563
60436 -79671
60085 -79936
59929 -80053
59568 -80322
59502 -80371
59479 -80388
59240 -80564
58893 -80818
58654 -80992
58618 -81018
58354 -81208
58064 -81416
57872 -81552
57567 -81768
57375 -81903
57242 -81996
57087 -82104
56898 -82235
56804 -82300
56656 -82402
56421 -82563
56276 -82662
55990 -82856
55751 -83017
55645 -83088
55401 -83251
55155 -83414
54979 -83530
54830 -83628
54548 -83812
54297 -83975
53975 -84182
53650 -84390
53571 -84440
53329 -84593
53030 -84781
52662 -85010
52458 -85136
52359 -85197
52199 -85295
52076 -85370
51611 -85652
51368 -85798
51266 -85859
51199 -85899
51076 -85972
50909 -86071
50833 -86116
50711 -86188
50328 -86412
50180 -86498
50128 -86528
49684 -86784
49553 -86859
49245 -87034
48961 -87194
48902 -87227
48601 -87395
48309 -87557
47979 -87738
47809 -87831
47527 -87984
47438 -88032
47166 -88178
46877 -88332
46644 -88455
46420 -88573
46230 -88672
45982 -88801
45609 -88993
45498 -89050
45451 -89074
45274 -89164
45075 -89265
44932 -89337
44516 -89545
44060 -89770
43962 -89818
43518 -90034
43398 -90092
43190 -90192
43165 -90204
42926 -90318
42592 -90476
42475 -90531
42396 -90568
42233 -90644
41833 -90829
41614 -90930
41298 -91074
41161 -91136
41061 -91181
40860 -91271
40490 -91436
40277 -91530
39813 -91732
39494 -91870
39276 -91964
39069 -92052
38544 -92273
38424 -92323
38241 -92399
38084 -92464
37965 -92513
37759 -92597
37673 -92632
37567 -92675
37155 -92841
37030 -92891
36809 -92979
36634 -93048
36499 -93101
36219 -93210
35869 -93345
35590 -93452
35535 -93473
35493 -93489
35364 -93538
35146 -93620
35058 -93653
34887 -93717
34774 -93759
34633 -93811
34358 -93912
34028 -94032
33917 -94072
33736 -94137
33487 -94226
33250 -94310
33117 -94357
32816 -94462
32526 -94562
32397 -94606
32265 -94651
31918 -94769
31779 -94816
31509 -94906
31255 -94990
31200 -95008
30767 -95149
30575 -95211
30503 -95234
30292 -95301
30002 -95393
29760 -95469
29486 -95554
29349 -95596
29254 -95625
28801 -95762
28452 -95867
28293 -95914
28010 -95997
27986 -96004
27955 -96013
27817 -96053
27627 -96108
27206 -96228
27000 -96286
26659 -96381
26353 -96465
26269 -96488
26177 -96513
25872 -96595
25511 -96691
25286 -96750
25044 -96813
24800 -96876
24753 -96888
24509 -96950
24059 -97062
23902 -97101
23583 -97179
23356 -97234
23114 -97292
22970 -97326
22508 -97434
22469 -97443
22360 -97468
22255 -97492
22070 -97534
21660 -97626
21364 -97691
20826 -97807
20624 -97850
20347 -97908
20202 -97938
20070 -97965
19706 -98039
19516 -98077
19410 -98098
19089 -98161
18836 -98210
18525 -98269
18317 -98308
18134 -98342
17782 -98406
17538 -98450
17129 -98522
17106 -98526
16944 -98554
16839 -98572
16792 -98580
16579 -98616
15930 -98723
15786 -98746
15566 -98781
15089 -98855
14650 -98921
14384 -98960
14209 -98985
13904 -99028
13724 -99053
13623 -99067
13359 -99103
13190 -99126
12993 -99152
12708 -99189
12513 -99214
12155 -99258
11714 -99311
11391 -99349
11180 -99373
10819 -99413
10367 -99461
10065 -99492
10015 -99497
9579 -99540
9497 -99548
9402 -99557
9133 -99582
8956 -99598
8787 -99613
8730 -99618
8558 -99633
8382 -99648
8016 -99678
7570 -99713
7164 -99743
7023 -99753
6792 -99769
6718 -99774
6643 -99779
6413 -99794
6301 -99801
5896 -99826
5809 -99831
5474 -99850
5232 -99863
4938 -99878
4637 -99892
4308 -99907
4040 -99918
3710 -99931
3630 -99934
3310 -99945
3096 -99952
2932 -99957
2475 -99969
2231 -99975
1979 -99980
1827 -99983
1719 -99985
1595 -99987
1469 -99989
1082 -99994
773 -99997
617 -99998
409 -99999
-368 -99999
-763 -99997
-1092 -99994
-1326 -99991
-1893 -99982
-2230 -99975
-2403 -99971
-2564 -99967
-2777 -99961
-3057 -99953
-3123 -99951
-3575 -99936
-3869 -99925
-4018 -99919
-4185 -99912
-4510 -99898
-4894 -99880
-4956 -99877
-5097 -99870
-5269 -99861
-5811 -99831
-5895 -99826
-6126 -99812
-6363 -99797
-6684 -99776
-7047 -99751
-7384 -99727
-7740 -99700
-7979 -99681
-8210 -99662
-8475 -99640
-8924 -99601
-8979 -99596
-9241 -99572
-9568 -99541
-9896 -99509
-10184 -99480
-10502 -99447
-10615 -99435
-10873 -99407
-11053 -99387
-11354 -99353
-11468 -99340
-11707 -99312
-12142 -99260
-12504 -99215
-12552 -99209
-12748 -99184
-13045 -99145
-13309 -99110
-13504 -99084
-13584 -99073
-13799 -99043
-14076 -99004
-14266 -98977
-14459 -98949
-14596 -98929
-14823 -98895
-15060 -98859
-15416 -98804
-15597 -98776
-15710 -98758
-15785 -98746
-16084 -98698
-16644 -98605
-16908 -98560
-17167 -98515
-17498 -98457
-17615 -98436
-17665 -98427
-17908 -98383
-18100 -98348
-18253 -98320
-18472 -98279
-18647 -98246
-19027 -98173
-19104 -98158
-19350 -98110
-19766 -98027
-19948 -97990
-20090 -97961
-20514 -97873
-20893 -97793
-21028 -97764
-21208 -97725
-21465 -97669
-21574 -97645
-21583 -97643
-21870 -97579
-22233 -97497
-22255 -97492
-22602 -97412
-22756 -97376
-23114 -97292
-23181 -97276
-23526 -97193
-23629 -97168
-23793 -97128
-23919 -97097
-24386 -96981
-24588 -96930
-24729 -96894
-24815 -96872
-25260 -96757
-25279 -96752
-25730 -96633
-25917 -96583
-26228 -96499
-26426 -96445
-26528 -96417
-26792 -96344
-26817 -96337
-27181 -96235
-27266 -96211
-27361 -96184
-27777 -96064
-28173 -95949
-28262 -95923
-28475 -95860
-28836 -95752
-28896 -95734
-29117 -95667
-29287 -95615
-29352 -95595
-29673 -95496
-30072 -95371
-30391 -95270
-30441 -95254
-30692 -95173
-30896 -95107
-31037 -95061
-31291 -94978
-31530 -94899
-31767 -94820
-32238 -94661
-32343 -94625
-32796 -94469
-32963 -94411
-33185 -94333
-33383 -94263
-33597 -94187
-33706 -94148
-33929 -94068
-34221 -93962
-34361 -93911
-34549 -93842
-34770 -93760
-35096 -93639
-35319 -93555
-35435 -93511
-35672 -93421
-35766 -93385
-35956 -93312
-36302 -93178
-36384 -93146
-36486 -93106
-36925 -92933
-37355 -92761
-37471 -92714
-37700 -92621
-38144 -92439
-38275 -92385
-38367 -92347
-38475 -92302
-38702 -92207
-38804 -92164
-38951 -92102
-39217 -91989
-39325 -91943
-39421 -91902
-39674 -91793
-39925 -91684
-40259 -91538
-40555 -91407
-40887 -91259
-40943 -91234
-41183 -91126
-41410 -91023
-41511 -90977
-41592 -90940
-41686 -90897
-41864 -90815
-42136 -90689
-42408 -90562
-42609 -90468
-42713 -90419
-43092 -90239
-43273 -90152
-43599 -89995
-43854 -89871
-43973 -89813
-44215 -89694
-44498 -89554
-44804 -89401
-45067 -89269
-45564 -89016
-45674 -88960
-45841 -88874
-45874 -88857
-46232 -88671
-46353 -88608
-46555 -88502
-46741 -88404
-47139 -88192
-47227 -88145
-47412 -88046
-47538 -87978
-47597 -87946
-47792 -87840
-48065 -87691
-48149 -87645
-48488 -87458
-48639 -87374
-48736 -87320
-48950 -87200
-49156 -87084
-49495 -86892
-49731 -86757
-49841 -86694
-50011 -86596
-50304 -86426
-50421 -86358
-50660 -86218
-50811 -86129
-50928 -86060
-51147 -85930
-51293 -85843
-51480 -85731
-51621 -85646
-51742 -85573
-51813 -85530
-52012 -85409
-52204 -85292
-52326 -85217
-52605 -85045
-52744 -84959
-52794 -84928
-52966 -84821
-53143 -84710
-53237 -84651
-53568 -84442
-53828 -84276
-54133 -84081
-54447 -83878
-54711 -83706
-55067 -83472
-55205 -83381
-55452 -83217
-55455 -83215
-55573 -83136
-55755 -83014
-56255 -82676
-56435 -82553
-56454 -82540
-56743 -82342
-56846 -82271
-56914 -82224
-57272 -81975
-57506 -81811
-57655 -81706
-57775 -81621
-57933 -81509
-57964 -81487
-58016 -81450
-58406 -81171
-58626 -81012
-58870 -80835
-59078 -80683
-59165 -80619
-59557 -80330
-59655 -80257
-59804 -80146
-59855 -80108
-60113 -79915
-60419 -79684
-60671 -79492
-60806 -79389
-60939 -79287
-61065 -79190
-61272 -79030
-61389 -78939
-61556 -78809
-61962 -78490
-62091 -78388
-62149 -78342
-62383 -78156
-62544 -78027
-62670 -77926
-62878 -77758
-63191 -77504
-63490 -77259
-63648 -77129
-63682 -77101
-63808 -76997
-64073 -76776
-64188 -76680
-64384 -76516
-64687 -76260
-65144 -75870
-65302 -75734
-65472 -75587
-65623 -75456
-65687 -75400
-65920 -75196
-66051 -75081
-66092 -75045
-66234 -74920
-66472 -74709
-66600 -74595
-66713 -74494
-67083 -74161
-67562 -73725
-67624 -73668
-67700 -73598
-67958 -73360
-68043 -73281
-68086 -73241
-68275 -73065
-68366 -72980
-68495 -72859
-68679 -72685
-68884 -72491
-68962 -72417
-69023 -72359
-69211 -72179
-69307 -72087
-69517 -71884
-69747 -71661
-69852 -71559
-70001 -71413
-70158 -71259
-70307 -71112
-70419 -71001
-70599 -70822
-70839 -70582
-71014 -70406
-71101 -70318
-71187 -70231
-71553 -69858
-71592 -69818
-71695 -69712
-71860 -69542
-71889 -69512
-72078 -69316
-72126 -69266
-72418 -68961
-72638 -68729
-72727 -68635
-72778 -68581
-72889 -68463
-73007 -68337
-73107 -68230
-73296 -68027
-73469 -67840
-73871 -67402
-74002 -67258
-74101 -67149
-74188 -67053
-74429 -66785
-74552 -66648
-74646 -66543
-74967 -66181
-75107 -66022
-75221 -65892
-75419 -65665
-75511 -65559
-75679 -65365
-75711 -65328
-75960 -65039
-76191 -64768
-76542 -64353
-76853 -63981
-76911 -63911
-77142 -63632
-77487 -63212
-77852 -62761
-78075 -62484
-78308 -62192
-78449 -62014
-78589 -61836
-78837 -61519
-79016 -61290
-79074 -61215
-79203 -61048
-79405 -60785
-79595 -60536
-79726 -60363
-79878 -60162
-79986 -60018
-80206 -59724
-80247 -59669
-80515 -59307
-80662 -59107
-80773 -58955
-80870 -58822
-81062 -58557
-81122 -58474
-81339 -58171
-81482 -57971
-81546 -57881
-81711 -57648
-81832 -57476
-81984 -57259
-82019 -57209
-82105 -57085
-82283 -56828
-82461 -56570
-82601 -56365
-82712 -56202
-82771 -56115
-82861 -55982
-82911 -55908
-82987 -55795
-83030 -55731
-83252 -55399
-83389 -55192
-83515 -55001
-83792 -54579
-83929 -54368
-84086 -54125
-84178 -53982
-84235 -53893
-84388 -53653
-84471 -53522
-84631 -53269
-84928 -52794
-85049 -52599
-85213 -52333
-85292 -52204
-85359 -52094
-85508 -51849
-85625 -51656
-85844 -51291
-85930 -51147
-85974 -51073
-86206 -50680
-86294 -50530
-86394 -50359
-86546 -50097
-86723 -49790
-86784 -49684
-86924 -49439
-86971 -49356
-87191 -48966
-87236 -48886
-87373 -48641
-87541 -48338
-87628 -48180
-87764 -47932
-87846 -47781
-88034 -47434
-88104 -47304
-88229 -47070
-88320 -46899
-88363 -46818
-88482 -46593
-88586 -46395
-88629 -46313
-88756 -46069
-88827 -45932
-89003 -45590
-89150 -45302
-89281 -45043
-89490 -44626
-89539 -44528
-89655 -44294
-89721 -44160
-89909 -43776
-90033 -43520
-90260 -43048
-90391 -42772
-90522 -42494
-90638 -42246
-90693 -42128
-90744 -42018
-90869 -41747
-90914 -41649
-91022 -41412
-91073 -41300
-91116 -41205
-91148 -41134
-91297 -40801
-91348 -40687
-91428 -40508
-91462 -40431
-91595 -40129
-91704 -39879
-91757 -39757
-91900 -39425
-91979 -39241
-92144 -38851
-92212 -38690
-92296 -38489
-92426 -38176
-92445 -38130
-92524 -37937
-92611 -37724
-92679 -37557
-92748 -37387
-92853 -37125
-92883 -37050
-92954 -36872
-93033 -36672
-93076 -36563
-93183 -36289
-93197 -36253
-93366 -35815
-93503 -35456
-93519 -35414
-93566 -35290
-93606 -35183
-93705 -34918
-93804 -34652
-93930 -34309
-93942 -34276
-94072 -33918
-94144 -33718
-94215 -33519
-94273 -33355
-94279 -33338
-94436 -32891
-94479 -32767
-94591 -32442
-94668 -32217
-94695 -32138
-94716 -32076
-94765 -31931
-94920 -31467
-95050 -31072
-95137 -30805
-95271 -30388
-95338 -30177
-95383 -30034
-95442 -29846
-95476 -29737
-95561 -29463
-95720 -28942
-95738 -28883
-95790 -28710
-95872 -28435
-95973 -28091
-96000 -27999
-96117 -27595
-96211 -27266
-96315 -26896
-96358 -26742
-96439 -26448
-96501 -26221
-96542 -26069
-96581 -25924
-96691 -25511
-96734 -25348
-96877 -24796
-96920 -24626
-97007 -24282
-97034 -24174
-97066 -24045
-97110 -23867
-97136 -23761
-97166 -23638
-97226 -23389
-97318 -23003
-97379 -22744
-97389 -22701
-97510 -22176
-97566 -21928
-97590 -21821
-97673 -21447
-97680 -21415
-97773 -20985
-97788 -20915
-97864 -20557
-97896 -20403
-97961 -20088
-98021 -19796
-98082 -19491
-98141 -19192
-98225 -18757
-98245 -18652
-98282 -18456
-98301 -18355
-98304 -18339
-98344 -18122
-98382 -17915
-98447 -17555
-98496 -17278
-98552 -16955
-98616 -16578
-98630 -16495
-98691 -16127
-98732 -15874
-98769 -15641
-98802 -15432
-98861 -15050
-98880 -14924
-98917 -14675
-98963 -14364
-98979 -14253
-98999 -14113
-99027 -13915
-99061 -13671
-99113 -13288
-99155 -12972
-99176 -12808
-99226 -12415
-99241 -12297
-99249 -12232
-99253 -12199
-99294 -11860
-99323 -11612
-99375 -11162
-99407 -10873
-99429 -10670
-99460 -10378
-99498 -10007
-99522 -9763
-99550 -9476
-99575 -9207
-99593 -9008
-99624 -8659
-99650 -8355
-99666 -8166
-99682 -7968
-99708 -7628
-99730 -7338
-99754 -7009
-99757 -6966
-99762 -6893
-99791 -6454
-99809 -6177
-99822 -5963
-99834 -5758
-99845 -5561
-99869 -5116
-99881 -4877
-99885 -4793
-99902 -4426
-99909 -4265
-99922 -3944
-99931 -3708
-99950 -3160
-99954 -3031
-99956 -2962
-99960 -2820
-99965 -2640
-99976 -2186
-99982 -1877
-99984 -1764
-99987 -1589
-99989 -1453
-99993 -1178
-99995 -979
-99997 -748
-99998 -603
-99999 -432
