3821 8753
-99999 440
-99998 632
-99997 771
-99996 894
-99994 1091
-99993 1182
-99990 1414
-99989 1480
-99986 1663
-99981 1949
-99977 2137
-99974 2272
-99971 2405
-99967 2564
-99964 2681
-99961 2789
-99959 2859
-99950 3156
-99948 3220
-99943 3373
-99942 3403
-99941 3432
-99936 3575
-99930 3739
-99922 3945
-99918 4047
-99913 4170
-99912 4194
-99898 4513
-99878 4937
-99864 5212
-99856 5363
-99851 5456
-99844 5583
-99836 5723
-99827 5879
-99817 6045
-99809 6176
-99798 6352
-99795 6399
-99787 6523
-99769 6790
-99758 6952
-99745 7136
-99738 7234
-99725 7409
-99710 7609
-99705 7674
-99696 7789
-99683 7954
-99663 8202
-99656 8287
-99643 8440
-99619 8720
-99591 9034
-99578 9177
-99571 9252
-99564 9326
-99538 9600
-99529 9694
-99506 9927
-99486 10125
-99477 10214
-99466 10320
-99459 10387
-99448 10491
-99428 10679
-99422 10735
-99406 10882
-99384 11082
-99357 11321
-99336 11504
-99323 11615
-99303 11785
-99283 11953
-99260 12142
-99228 12401
-99220 12465
-99203 12599
-99171 12849
-99150 13009
-99120 13237
-99105 13349
-99089 13467
-99063 13657
-99031 13887
-99023 13944
-99008 14050
-98979 14253
-98968 14329
-98922 14643
-98886 14884
-98872 14977
-98842 15174
-98834 15226
-98820 15316
-98796 15470
-98783 15553
-98762 15686
-98730 15886
-98679 16199
-98669 16260
-98647 16394
-98608 16627
-98599 16680
-98554 16944
-98526 17106
-98502 17244
-98490 17312
-98439 17599
-98389 17877
-98373 17965
-98331 18193
-98302 18349
-98252 18615
-98208 18846
-98199 18893
-98151 19141
-98121 19294
-98085 19475
-98028 19761
-97992 19939
-97973 20032
-97950 20144
-97930 20241
-97900 20386
-97852 20615
-97840 20672
-97802 20851
-97780 20954
-97731 21181
-97709 21282
-97675 21438
-97662 21497
-97615 21709
-97583 21853
-97562 21946
-97496 22237
-97469 22356
-97457 22408
-97398 22663
-97360 22826
-97319 23000
-97293 23110
-97257 23261
-97226 23390
-97176 23596
-97158 23670
-97091 23944
-97047 24122
-97000 24310
-96937 24560
-96906 24682
-96881 24780
-96847 24913
-96801 25091
-96780 25172
-96715 25420
-96700 25477
-96682 25545
-96656 25643
-96614 25801
-96588 25898
-96552 26032
-96517 26162
-96473 26324
-96455 26390
-96433 26470
-96384 26648
-96341 26803
-96314 26900
-96224 27220
-96192 27333
-96126 27564
-96065 27776
-95947 28181
-95882 28401
-95808 28650
-95765 28793
-95740 28876
-95705 28992
-95689 29045
-95656 29153
-95550 29498
-95484 29712
-95414 29936
-95398 29987
-95356 30120
-95318 30240
-95264 30409
-95202 30603
-95169 30706
-95135 30811
-95112 30882
-95069 31014
-95036 31115
-94971 31313
-94928 31443
-94799 31830
-94722 32058
-94634 32317
-94620 32358
-94550 32562
-94531 32617
-94451 32848
-94434 32897
-94317 33231
-94231 33474
-94189 33592
-94179 33620
-94103 33832
-94094 33857
-94063 33943
-93951 34252
-93939 34285
-93852 34522
-93809 34639
-93792 34685
-93762 34766
-93694 34949
-93648 35072
-93536 35369
-93499 35467
-93469 35546
-93415 35688
-93319 35938
-93287 36021
-93178 36302
-93103 36494
-93094 36517
-93072 36573
-92988 36786
-92971 36829
-92860 37108
-92810 37233
-92736 37417
-92719 37459
-92638 37659
-92616 37713
-92538 37904
-92485 38033
-92455 38106
-92390 38263
-92341 38381
-92287 38511
-92238 38628
-92186 38752
-92089 38982
-92056 39060
-92036 39107
-91862 39514
-91825 39600
-91742 39792
-91719 39845
-91648 40008
-91581 40161
-91503 40338
-91428 40508
-91385 40605
-91353 40677
-91209 40999
-91154 41121
-91131 41172
-90973 41520
-90863 41760
-90846 41797
-90693 42128
-90561 42411
-90547 42441
-90400 42753
-90348 42863
-90238 43094
-90182 43211
-90135 43309
-89965 43661
-89928 43737
-89812 43975
-89762 44077
-89618 44369
-89550 44506
-89335 44936
-89224 45156
-89125 45351
-89048 45502
-89005 45586
-88942 45709
-88888 45814
-88731 46117
-88703 46171
-88652 46269
-88543 46477
-88481 46595
-88441 46671
-88376 46794
-88306 46926
-88257 47018
-88147 47224
-88074 47360
-88006 47486
-87945 47599
-87932 47623
-87863 47750
-87747 47963
-87644 48151
-87578 48271
-87521 48374
-87388 48614
-87378 48632
-87344 48693
-87315 48745
-87254 48854
-87194 48961
-87090 49146
-87008 49291
-86908 49467
-86855 49560
-86725 49787
-86644 49928
-86603 49999
-86428 50301
-86320 50486
-86204 50684
-86148 50779
-86083 50889
-86028 50982
-85958 51100
-85936 51137
-85801 51363
-85710 51515
-85590 51714
-85464 51922
-85386 52050
-85273 52235
-85163 52414
-85105 52508
-84984 52704
-84879 52873
-84739 53097
-84629 53272
-84559 53383
-84449 53557
-84423 53598
-84348 53716
-84244 53879
-84183 53974
-84071 54148
-84013 54238
-83907 54402
-83837 54510
-83796 54573
-83768 54616
-83704 54714
-83615 54850
-83426 55137
-83381 55205
-83211 55461
-83161 55536
-82988 55794
-82883 55950
-82816 56049
-82706 56211
-82653 56289
-82636 56314
-82550 56440
-82498 56516
-82391 56672
-82371 56701
-82264 56856
-82210 56934
-82140 57035
-82079 57123
-82003 57232
-81945 57315
-81891 57392
-81754 57587
-81644 57743
-81539 57891
-81453 58012
-81240 58310
-81153 58431
-81028 58604
-80925 58746
-80741 58999
-80648 59126
-80576 59224
-80490 59341
-80357 59521
-80334 59552
-80285 59618
-80116 59845
-79936 60085
-79811 60251
-79749 60333
-79646 60469
-79480 60687
-79422 60763
-79293 60931
-79139 61131
-79064 61228
-78922 61411
-78715 61676
-78580 61848
-78509 61938
-78479 61976
-78357 62130
-78315 62183
-78249 62266
-78159 62379
-78096 62458
-78036 62533
-77975 62609
-77901 62701
-77742 62898
-77700 62950
-77622 63046
-77429 63283
-77325 63410
-77144 63630
-77073 63716
-77015 63786
-76923 63897
-76884 63944
-76824 64016
-76652 64222
-76558 64334
-76467 64442
-76392 64531
-76304 64635
-76147 64820
-76083 64895
-75906 65102
-75721 65317
-75644 65406
-75573 65488
-75456 65623
-75382 65708
-75222 65891
-75136 65989
-75107 66022
-75005 66138
-74945 66206
-74845 66319
-74711 66470
-74654 66534
-74460 66751
-74334 66891
-74198 67042
-74169 67074
-73963 67301
-73892 67379
-73669 67623
-73532 67772
-73447 67864
-73297 68026
-73232 68096
-73177 68155
-72965 68382
-72779 68580
-72590 68780
-72478 68898
-72314 69070
-72180 69210
-72060 69335
-71982 69416
-71895 69506
-71805 69599
-71711 69696
-71471 69942
-71419 69995
-71260 70157
-71115 70304
-71010 70410
-70857 70564
-70552 70869
-70304 71115
-70224 71194
-70102 71314
-70003 71411
-69909 71503
-69742 71666
-69632 71773
-69447 71952
-69419 71979
-69212 72178
-69162 72226
-69090 72295
-68921 72456
-68822 72550
-68746 72622
-68634 72728
-68617 72744
-68465 72887
-68334 73010
-68230 73107
-68141 73190
-68067 73259
-67851 73459
-67787 73518
-67673 73623
-67435 73841
-67287 73976
-67156 74095
-66789 74426
-66674 74529
-66636 74563
-66599 74596
-66374 74796
-66295 74866
-66182 74966
-65965 75157
-65882 75230
-65693 75395
-65592 75483
-65539 75529
-65420 75632
-65180 75839
-65039 75960
-64881 76095
-64861 76112
-64628 76310
-64615 76321
-64531 76392
-64285 76599
-64210 76662
-64082 76769
-63938 76889
-63791 77011
-63687 77097
-63573 77191
-63449 77293
-63399 77334
-63333 77388
-63185 77509
-62913 77730
-62609 77975
-62528 78040
-62339 78191
-62182 78316
-62071 78404
-62004 78457
-61867 78565
-61708 78690
-61625 78755
-61506 78848
-61348 78971
-61087 79173
-61043 79207
-60866 79343
-60789 79402
-60700 79470
-60662 79499
-60544 79589
-60498 79624
-60386 79709
-60202 79848
-60089 79933
-59845 80116
-59645 80265
-59498 80374
-59406 80442
-59303 80518
-59284 80532
-59269 80543
-59003 80738
-58951 80776
-58844 80854
-58665 80984
-58496 81106
-58399 81176
-58356 81207
-58215 81308
-58064 81416
-57929 81512
-57853 81566
-57726 81656
-57590 81752
-57536 81790
-57405 81882
-57375 81903
-57242 81996
-57038 82138
-56788 82311
-56605 82437
-56358 82606
-56136 82757
-55953 82881
-55745 83021
-55672 83070
-55473 83203
-55422 83237
-55276 83334
-55187 83393
-54850 83615
-54766 83670
-54556 83807
-54356 83937
-54322 83959
-54128 84084
-53968 84187
-53810 84288
-53557 84449
-53527 84468
-53288 84619
-53226 84658
-53113 84729
-53089 84744
-52783 84935
-52696 84989
-52578 85062
-52476 85125
-52359 85197
-52225 85279
-52040 85392
-51889 85484
-51757 85564
-51719 85587
-51538 85696
-51420 85767
-51216 85889
-51142 85933
-50918 86066
-50835 86115
-50735 86174
-50527 86296
-50450 86341
-50316 86419
-50132 86526
-50013 86595
-49968 86621
-49714 86767
-49532 86871
-49395 86949
-49192 87064
-49107 87112
-48947 87202
-48770 87301
-48596 87398
-48329 87546
-48240 87595
-48129 87656
-47796 87838
-47763 87856
-47612 87938
-47488 88005
-47278 88118
-47106 88210
-46984 88275
-46739 88405
-46553 88503
-46397 88585
-46269 88652
-46036 88773
-45868 88860
-45810 88890
-45744 88924
-45598 88999
-45416 89092
-45290 89156
-45225 89189
-45148 89228
-45059 89273
-44940 89333
-44532 89537
-44405 89600
-44284 89660
-44213 89695
-44091 89755
-43846 89875
-43762 89916
-43558 90015
-43442 90071
-43261 90158
-43190 90192
-43027 90270
-42943 90310
-42738 90407
-42683 90433
-42539 90501
-42409 90562
-42274 90625
-42188 90665
-41897 90800
-41795 90847
-41625 90925
-41434 91012
-41335 91057
-41110 91159
-40941 91235
-40686 91349
-40641 91369
-40535 91416
-40431 91462
-40243 91545
-40177 91574
-39969 91665
-39831 91725
-39778 91748
-39704 91780
-39549 91847
-39463 91884
-39262 91970
-39060 92056
-38814 92160
-38738 92192
-38707 92205
-38362 92349
-38297 92376
-38086 92463
-37972 92510
-37877 92549
-37823 92571
-37543 92685
-37506 92700
-37325 92773
-37138 92848
-36826 92972
-36535 93087
-36448 93121
-36302 93178
-36184 93224
-35985 93301
-35769 93384
-35612 93444
-35504 93485
-35438 93510
-35364 93538
-35282 93569
-35221 93592
-35104 93636
-34989 93679
-34825 93740
-34704 93785
-34533 93848
-34326 93924
-34263 93947
-34106 94004
-33971 94053
-33932 94067
-33826 94105
-33706 94148
-33440 94243
-33279 94300
-33140 94349
-32920 94426
-32640 94523
-32437 94593
-32220 94667
-32070 94718
-31791 94812
-31581 94882
-31409 94939
-31264 94987
-31106 95039
-30903 95105
-30789 95142
-30622 95196
-30510 95232
-30300 95299
-30120 95356
-29926 95417
-29766 95467
-29673 95496
-29557 95532
-29463 95561
-29304 95610
-29160 95654
-29025 95695
-28969 95712
-28926 95725
-28853 95747
-28643 95810
-28455 95866
-28181 95947
-28147 95957
-28082 95976
-28010 95997
-27710 96084
-27550 96130
-27340 96190
-27220 96224
-26985 96290
-26853 96327
-26626 96390
-26463 96435
-26195 96508
-25992 96563
-25659 96652
-25500 96694
-25325 96740
-25010 96822
-24975 96831
-24702 96901
-24517 96948
-24314 96999
-24146 97041
-23940 97092
-23712 97148
-23502 97199
-23373 97230
-23194 97273
-22957 97329
-22796 97367
-22637 97404
-22551 97424
-22456 97446
-22408 97457
-22325 97476
-22132 97520
-22004 97549
-21777 97600
-21669 97624
-21447 97673
-21383 97687
-21158 97736
-20930 97785
-20888 97794
-20714 97831
-20510 97874
-20352 97907
-20178 97943
-20032 97973
-19850 98010
-19731 98034
-19641 98052
-19379 98104
-19197 98140
-19120 98155
-19032 98172
-18923 98193
-18746 98227
-18541 98266
-18451 98283
-18134 98342
-18058 98356
-17789 98405
-17650 98430
-17476 98461
-17289 98494
-17163 98516
-17008 98543
-16950 98553
-16715 98593
-16430 98641
-16255 98670
-16121 98692
-15997 98712
-15910 98726
-15655 98767
-15598 98776
-15445 98800
-15355 98814
-15277 98826
-14983 98871
-14810 98897
-14743 98907
-14601 98928
-14452 98950
-14280 98975
-14141 98995
-14064 99006
-13923 99026
-13880 99032
-13722 99054
-13562 99076
-13386 99100
-13252 99118
-13147 99132
-12941 99159
-12872 99168
-12568 99207
-12529 99212
-12361 99233
-12200 99253
-11828 99298
-11642 99320
-11496 99337
-11444 99343
-11242 99366
-10992 99394
-10828 99412
-10773 99418
-10539 99443
-10291 99469
-10016 99497
-9775 99521
-9549 99543
-9242 99572
-8989 99595
-8834 99609
-8628 99627
-8464 99641
-8370 99649
-8251 99659
-8066 99674
-7893 99688
-7752 99699
-7515 99717
-7354 99729
-7286 99734
-7245 99737
-7176 99742
-6967 99757
-6866 99764
-6793 99769
-6763 99771
-6352 99798
-6225 99806
-5946 99823
-5740 99835
-5509 99848
-5491 99849
-5417 99853
-5209 99864
-4938 99878
-4856 99882
-4644 99892
-4556 99896
-4356 99905
-4265 99909
-4194 99912
-3920 99923
-3793 99928
-3711 99931
-3427 99941
-3250 99947
-3128 99951
-2926 99957
-2680 99964
-2564 99967
-2323 99973
-2188 99976
-1997 99980
-1838 99983
-1782 99984
-1547 99988
-1338 99991
-885 99996
-753 99997
-619 99998
-403 99999
380 99999
618 99998
875 99996
1182 99993
1340 99991
1482 99989
1547 99988
1665 99986
1894 99982
2142 99977
2186 99976
2358 99972
2525 99968
2642 99965
2960 99956
2994 99955
3156 99950
3285 99946
3345 99944
3374 99943
3604 99935
3818 99927
4046 99918
4265 99909
4515 99898
4603 99894
4667 99891
4957 99877
5136 99868
5270 99861
5470 99850
5615 99842
5758 99834
5878 99827
6029 99818
6255 99804
6383 99796
6477 99790
6629 99780
6719 99774
6924 99760
7038 99752
7177 99742
7410 99725
7597 99711
7880 99689
7980 99681
8066 99674
8299 99655
8441 99643
8652 99625
8901 99603
9035 99591
9090 99586
9316 99565
9412 99556
9497 99548
9580 99540
9714 99527
10056 99493
10233 99475
10377 99460
10530 99444
10800 99415
10974 99396
10992 99394
11189 99372
11538 99332
11590 99326
11743 99308
11878 99292
12102 99265
12401 99228
12537 99211
12584 99205
12756 99183
12865 99169
13063 99143
13116 99136
13259 99117
13460 99090
13613 99069
13714 99055
13944 99023
14155 98993
14218 98984
14308 98971
14446 98951
14528 98939
14636 98923
14918 98881
15135 98848
15239 98832
15406 98806
15515 98789
15661 98766
15991 98713
16022 98708
16090 98697
16267 98668
16406 98645
16490 98631
16627 98608
16686 98598
16733 98590
16950 98553
17272 98497
17335 98486
17526 98452
17727 98416
17976 98371
18215 98327
18483 98277
18736 98229
18799 98217
18914 98195
19038 98171
19238 98132
19279 98124
19476 98085
19666 98047
19815 98017
19944 97991
20110 97957
20410 97895
20453 97886
20705 97833
20790 97815
21023 97765
21232 97720
21415 97680
21479 97666
21709 97615
21875 97578
21982 97554
22022 97545
22110 97525
22211 97502
22351 97470
22499 97436
22659 97399
22689 97392
22813 97363
22966 97327
23135 97287
23219 97267
23315 97244
23572 97182
23671 97158
23859 97112
23912 97099
24122 97047
24322 96997
24505 96951
24800 96876
24909 96848
25037 96815
25141 96788
25275 96753
25470 96702
25606 96666
25794 96616
25992 96563
26177 96513
26269 96488
26408 96450
26742 96358
26921 96308
27096 96259
27188 96233
27287 96205
27494 96146
27599 96116
27703 96086
28010 95997
28147 95957
28313 95908
28683 95798
28723 95786
28899 95733
29101 95672
29222 95635
29310 95608
29489 95553
29625 95511
29731 95478
29923 95418
30060 95375
30136 95351
30369 95277
30535 95224
30771 95148
30916 95101
31005 95072
31066 95052
31258 94989
31373 94951
31581 94882
31794 94811
31990 94745
32085 94713
32361 94619
32550 94554
32669 94513
32963 94411
33083 94369
33157 94343
33316 94287
33426 94248
33592 94189
33726 94141
33921 94071
33971 94053
34131 93995
34408 93894
34495 93862
34704 93785
34836 93736
35192 93603
35541 93471
35570 93460
35604 93447
35878 93342
36021 93287
36122 93248
36376 93149
36517 93094
36685 93028
36771 92994
36930 92931
37280 92791
37414 92737
37597 92663
37762 92596
37816 92574
37994 92501
38123 92448
38152 92436
38427 92322
38566 92264
38597 92251
38885 92130
39121 92030
39262 91970
39456 91887
39651 91803
39884 91702
40104 91606
40245 91544
40329 91507
40363 91492
40632 91373
40706 91340
40876 91264
40981 91217
41161 91136
41289 91078
41467 90997
41673 90903
41758 90864
41795 90847
41938 90781
42128 90693
42186 90666
42347 90591
42560 90491
42681 90434
42947 90308
43008 90279
43207 90184
43332 90124
43564 90012
43700 89946
43938 89830
43979 89810
44136 89733
44205 89699
44524 89541
44936 89335
45075 89265
45237 89183
45412 89094
45504 89047
45586 89005
45744 88924
45874 88857
45990 88797
46094 88743
46313 88629
46437 88564
46718 88416
47001 88266
47048 88241
47224 88147
47319 88096
47412 88046
47573 87959
47730 87874
47822 87824
47833 87818
47996 87729
48129 87656
48200 87617
48358 87530
48551 87423
48596 87398
48727 87325
48779 87296
48897 87230
49114 87108
49199 87060
49268 87021
49409 86941
49595 86835
49707 86771
50013 86595
50039 86580
50153 86514
50368 86389
50527 86296
50706 86191
50784 86145
50945 86050
50972 86034
51152 85927
51278 85852
51508 85714
51656 85625
51752 85567
51922 85464
51978 85430
52042 85391
52145 85328
52256 85260
52445 85144
52662 85010
52794 84928
52937 84839
53113 84729
53156 84702
53272 84629
53459 84511
53598 84423
53683 84369
53785 84304
53832 84274
53929 84212
54240 84012
54291 83979
54413 83900
54599 83779
54714 83704
54996 83519
55134 83428
55285 83328
55449 83219
55455 83215
55675 83068
55751 83017
56049 82816
56208 82708
56280 82659
56557 82470
56743 82342
56859 82262
56898 82235
57084 82106
57130 82074
57335 81931
57479 81830
57709 81668
57832 81581
57953 81495
58050 81426
58275 81265
58417 81163
58474 81122
58560 81060
58848 80851
58940 80784
59126 80648
59326 80501
59456 80405
59552 80334
59579 80314
59759 80180
59806 80145
59873 80095
60065 79951
60194 79854
60353 79734
60582 79560
60628 79525
60666 79496
60823 79376
61026 79220
61140 79132
61219 79071
61308 79002
61362 78960
61439 78900
61548 78815
61653 78733
61774 78638
61877 78557
61976 78479
62101 78380
62231 78277
62404 78139
62518 78048
62523 78044
62614 77971
62665 77930
62747 77864
62778 77839
62924 77721
62998 77661
63073 77600
63356 77369
63624 77149
63756 77040
63879 76938
64040 76804
64156 76707
64423 76483
64499 76419
64576 76354
64701 76248
64822 76145
65020 75976
65109 75900
65116 75894
65368 75677
65434 75620
65585 75489
65661 75423
65858 75251
65923 75194
66046 75086
66214 74938
66380 74791
66425 74751
66498 74686
66676 74527
66868 74355
67030 74209
67188 74066
67232 74026
67399 73874
67433 73843
67445 73832
67590 73699
67752 73550
67853 73457
67904 73410
67944 73373
68039 73285
68183 73151
68212 73124
68338 73006
68417 72932
68529 72827
68725 72642
68799 72572
68920 72457
69067 72317
69161 72227
69282 72111
69369 72027
69515 71886
69632 71773
69702 71705
69774 71635
69857 71554
69947 71466
69994 71420
70093 71323
70158 71259
70228 71190
70306 71113
70409 71011
70564 70857
70865 70556
71018 70402
71113 70306
71195 70223
71377 70038
71474 69939
71638 69771
71777 69628
71956 69443
72010 69387
72160 69231
72274 69112
72379 69002
72532 68841
72550 68822
72675 68690
72793 68565
72890 68462
73052 68289
73096 68242
73178 68154
73282 68042
73372 67945
73422 67891
73613 67684
73768 67515
73914 67355
74026 67232
74124 67124
74280 66951
74475 66734
74528 66675
74695 66488
74735 66443
74838 66327
75013 66129
75101 66029
75152 65971
75265 65842
75435 65647
75516 65554
75606 65450
75796 65230
75876 65137
75966 65032
76129 64841
76254 64694
76358 64571
76500 64403
76605 64278
76693 64173
76769 64082
76899 63926
76991 63815
77082 63705
77172 63596
77218 63540
77392 63328
77579 63099
77683 62971
77700 62950
77810 62814
77959 62629
78128 62418
78199 62329
78289 62216
78438 62028
78595 61829
78690 61708
78730 61657
78862 61488
79050 61246
79197 61056
79379 60819
79435 60746
79506 60653
79605 60523
79665 60444
79731 60357
79793 60275
79900 60133
80017 59977
80195 59739
80262 59649
80302 59595
80459 59383
80582 59216
80618 59167
80765 58966
80840 58863
80888 58797
80941 58724
81052 58571
81114 58485
81150 58435
81326 58190
81391 58099
81581 57832
81685 57685
81818 57496
81940 57322
82019 57209
82056 57156
82136 57041
82233 56901
82271 56846
82382 56685
82459 56573
82572 56408
82685 56242
82803 56068
82943 55861
83029 55733
83082 55654
83161 55536
83221 55446
83320 55297
83400 55176
83548 54952
83657 54786
83785 54590
83865 54467
83891 54427
84004 54252
84170 53994
84311 53774
84374 53675
84463 53535
84501 53475
84532 53426
84597 53323
84643 53250
84692 53172
84749 53081
84859 52905
84966 52733
84997 52683
85062 52578
85091 52531
85205 52346
85314 52168
85344 52119
85414 52004
85515 51838
85584 51724
85625 51656
85731 51480
85743 51460
85786 51388
85999 51031
86018 50999
86184 50718
86382 50380
86449 50265
86569 50058
86674 49876
86779 49693
86831 49602
86880 49516
86987 49328
87073 49176
87095 49137
87166 49011
87267 48831
87329 48720
87383 48623
87509 48396
87618 48198
87764 47932
87831 47809
87875 47728
87978 47538
88039 47425
88075 47358
88135 47246
88211 47104
88284 46967
88341 46860
88433 46686
88471 46614
88553 46458
88666 46242
88691 46194
88730 46119
88797 45990
88812 45961
88889 45812
88907 45777
89043 45512
89098 45404
89225 45154
89267 45071
89381 44844
89555 44496
89693 44217
89749 44103
89830 43938
89855 43887
89929 43735
89984 43622
90057 43471
90121 43338
90238 43094
90259 43050
90319 42924
90398 42757
90484 42575
90539 42458
90562 42409
90598 42332
90640 42242
90674 42169
90745 42016
90782 41936
90817 41860
90834 41823
90956 41557
91022 41412
91097 41247
91140 41152
91199 41021
91235 40941
91252 40903
91332 40724
91452 40454
91548 40236
91651 40001
91692 39907
91722 39838
91800 39658
91887 39456
91911 39400
91984 39229
92010 39168
92111 38930
92175 38778
92292 38499
92297 38487
92381 38285
92448 38123
92522 37943
92596 37762
92618 37708
92668 37585
92715 37469
92771 37330
92836 37168
92866 37093
92967 36839
92994 36771
93026 36690
93050 36629
93105 36489
93123 36443
93197 36253
93241 36140
93331 35907
93361 35829
93405 35714
93491 35488
93557 35314
93595 35213
93657 35048
93663 35032
93739 34828
93769 34747
93895 34405
93928 34315
93979 34175
93987 34153
94040 34007
94088 33874
94139 33732
94174 33634
94237 33457
94289 33310
94355 33123
94362 33103
94426 32920
94467 32802
94500 32707
94509 32681
94587 32454
94682 32176
94697 32132
94750 31975
94805 31812
94904 31515
95014 31182
95082 30974
95147 30774
95157 30743
95201 30606
95271 30388
95326 30215
95413 29939
95440 29853
95479 29728
95520 29596
95574 29421
95597 29346
95685 29058
95727 28919
95756 28823
95787 28720
95796 28690
95874 28428
95917 28283
95937 28215
96010 27965
96067 27769
96080 27724
96120 27585
96178 27382
96207 27280
96230 27199
96287 26996
96327 26853
96371 26695
96413 26543
96453 26397
96516 26166
96553 26029
96604 25839
96641 25700
96666 25606
96719 25405
96751 25283
96781 25168
96803 25083
96887 24757
96948 24517
96981 24386
97007 24282
97078 23997
97097 23920
97153 23691
97175 23601
97184 23564
97240 23332
97262 23240
97288 23131
97352 22860
97397 22667
97425 22546
97471 22347
97496 22238
97522 22123
97568 21919
97602 21768
97634 21624
97668 21469
97718 21241
97741 21135
97778 20963
97791 20902
97855 20599
97889 20438
97919 20294
97936 20212
97943 20178
97975 20022
97995 19924
98007 19865
98089 19456
98124 19278
98173 19027
98179 18996
98222 18773
98242 18668
98271 18515
98340 18145
98369 17987
98416 17728
98449 17544
98469 17431
98484 17346
98507 17215
98532 17071
98545 16996
98579 16797
98602 16662
98627 16514
98656 16339
98686 16157
98699 16078
98763 15680
98790 15508
98834 15226
98874 14964
98906 14751
98916 14684
98920 14657
98933 14569
98943 14501
98954 14425
98988 14190
99009 14043
99026 13923
99040 13823
99064 13650
99089 13467
99105 13349
99130 13162
99137 13109
99164 12903
99180 12779
99207 12568
99218 12481
99241 12297
99265 12101
99274 12027
99288 11911
99301 11802
99315 11683
99337 11495
99350 11383
99379 11127
99381 11109
99407 10874
99433 10633
99447 10502
99449 10483
99458 10397
99468 10300
99489 10096
99509 9897
99510 9887
99526 9724
99539 9591
99548 9497
99562 9347
99581 9142
99586 9088
99607 8856
99622 8686
99634 8546
99642 8452
99666 8165
99683 7956
99707 7648
99712 7583
99725 7411
99739 7219
99748 7094
99759 6938
99774 6717
99781 6613
99797 6367
99801 6304
99807 6209
99816 6062
99821 5980
99844 5582
99846 5546
99859 5308
99860 5289
99867 5155
99872 5057
99884 4815
99894 4602
99897 4537
99911 4218
99928 3792
99936 3573
99943 3372
99944 3342
99950 3160
99953 3065
99957 2928
99966 2599
99969 2489
99971 2408
99975 2233
99978 2097
99984 1787
99987 1604
99989 1479
99992 1264
99993 1180
99994 1084
99995 974
99996 861
99998 592
99999 431
99999 -446
99998 -606
99997 -760
99996 -873
99994 -1094
99993 -1181
99991 -1333
99989 -1477
99987 -1612
99984 -1783
99982 -1895
99979 -2040
99972 -2362
99964 -2682
99960 -2824
99956 -2963
99951 -3126
99945 -3313
99944 -3343
99940 -3461
99936 -3577
99930 -3740
99927 -3819
99922 -3947
99915 -4122
99908 -4285
99897 -4537
99890 -4688
99880 -4897
99875 -4997
99865 -5194
99860 -5289
99856 -5364
99850 -5474
99835 -5740
99832 -5793
99813 -6111
99811 -6144
99797 -6368
99788 -6506
99778 -6658
99771 -6763
99766 -6836
99752 -7038
99735 -7275
99730 -7343
99715 -7544
99704 -7688
99691 -7854
99671 -8104
99663 -8202
99648 -8382
99641 -8465
99621 -8697
99619 -8720
99609 -8834
99589 -9057
99577 -9188
99551 -9465
99516 -9826
99505 -9937
99482 -10164
99454 -10434
99432 -10643
99428 -10680
99400 -10938
99383 -11091
99354 -11347
99344 -11434
99319 -11650
99313 -11701
99299 -11819
99294 -11861
99285 -11936
99259 -12151
99244 -12273
99236 -12337
99205 -12583
99191 -12694
99182 -12764
99137 -13109
99122 -13222
99109 -13319
99083 -13511
99058 -13693
99050 -13751
99013 -14015
98978 -14260
98949 -14460
98920 -14657
98902 -14778
98877 -14944
98852 -15108
98834 -15225
98811 -15374
98798 -15458
98772 -15623
98737 -15842
98718 -15960
98712 -15997
98677 -16212
98653 -16358
98644 -16412
98615 -16585
98578 -16804
98561 -16903
98539 -17031
98525 -17112
98514 -17175
98507 -17215
98480 -17369
98461 -17476
98413 -17744
98395 -17844
98381 -17921
98365 -18008
98325 -18225
98305 -18333
98280 -18467
98240 -18678
98218 -18794
98189 -18945
98166 -19063
98125 -19273
98104 -19380
98092 -19441
98074 -19531
98017 -19815
97973 -20032
97930 -20241
97917 -20304
97886 -20453
97827 -20733
97817 -20780
97761 -21042
97734 -21167
97691 -21365
97639 -21601
97576 -21884
97526 -22106
97508 -22185
97455 -22417
97402 -22646
97348 -22877
97320 -22996
97292 -23114
97272 -23198
97240 -23332
97211 -23452
97127 -23798
97051 -24106
97031 -24186
96960 -24469
96939 -24552
96889 -24749
96856 -24878
96830 -24979
96790 -25133
96734 -25348
96698 -25485
96683 -25542
96631 -25738
96595 -25872
96570 -25965
96538 -26084
96489 -26265
96473 -26324
96427 -26492
96411 -26550
96343 -26796
96313 -26903
96213 -27259
96174 -27396
96099 -27658
96082 -27717
96023 -27921
96011 -27962
95958 -28143
95919 -28276
95877 -28418
95824 -28596
95801 -28673
95752 -28836
95689 -29045
95620 -29271
95537 -29541
95497 -29670
95435 -29869
95375 -30060
95307 -30275
95204 -30597
95185 -30656
95137 -30805
95113 -30879
95071 -31008
95017 -31173
94907 -31506
94811 -31794
94776 -31898
94719 -32067
94666 -32223
94615 -32372
94520 -32649
94474 -32782
94385 -33037
94350 -33137
94332 -33188
94261 -33389
94210 -33533
94174 -33634
94116 -33796
94066 -33935
94053 -33971
94024 -34051
93936 -34293
93898 -34397
93826 -34593
93795 -34677
93720 -34879
93664 -35029
93571 -35277
93560 -35306
93519 -35414
93457 -35577
93399 -35729
93301 -35985
93231 -36166
93157 -36356
93128 -36430
93068 -36583
93031 -36677
92988 -36786
92942 -36902
92858 -37113
92844 -37148
92715 -37469
92596 -37762
92565 -37838
92519 -37950
92452 -38113
92393 -38256
92249 -38602
92186 -38752
92106 -38942
92073 -39020
92008 -39173
91982 -39234
91941 -39330
91806 -39644
91712 -39861
91578 -40168
91408 -40553
91308 -40778
91231 -40950
91186 -41050
91048 -41355
90973 -41520
90903 -41673
90829 -41834
90751 -42003
90680 -42156
90619 -42287
90562 -42409
90547 -42441
90501 -42539
90417 -42717
90383 -42789
90348 -42863
90269 -43029
90206 -43161
90148 -43282
90111 -43359
90068 -43448
89992 -43605
89889 -43817
89813 -43973
89762 -44077
89731 -44140
89698 -44207
89654 -44296
89552 -44502
89434 -44738
89275 -45055
89232 -45140
89093 -45414
89044 -45510
88875 -45839
88858 -45872
88811 -45963
88715 -46148
88629 -46313
88595 -46378
88499 -46561
88416 -46718
88306 -46926
88186 -47151
88127 -47261
88027 -47447
87938 -47612
87840 -47792
87773 -47915
87689 -48069
87595 -48240
87515 -48385
87393 -48605
87320 -48736
87286 -48797
87216 -48922
87121 -49091
87026 -49259
86953 -49388
86863 -49546
86686 -49855
86577 -50044
86504 -50170
86475 -50220
86403 -50344
86340 -50452
86292 -50534
86214 -50667
86141 -50791
86092 -50874
86076 -50901
86003 -51024
85899 -51199
85764 -51425
85710 -51515
85640 -51631
85518 -51833
85467 -51917
85311 -52173
85259 -52258
85189 -52372
85096 -52523
85075 -52557
84966 -52733
84925 -52799
84811 -52982
84791 -53014
84702 -53156
84617 -53291
84492 -53489
84444 -53565
84390 -53650
84383 -53661
84229 -53902
84120 -54072
84093 -54114
83992 -54271
83826 -54527
83768 -54616
83590 -54888
83536 -54970
83505 -55017
83369 -55223
83330 -55282
83239 -55419
83217 -55452
83023 -55742
82974 -55815
82941 -55864
82864 -55978
82753 -56142
82589 -56383
82448 -56589
82362 -56714
82210 -56934
82156 -57012
82097 -57097
82056 -57156
81903 -57375
81842 -57462
81790 -57536
81697 -57668
81685 -57685
81507 -57936
81485 -57967
81235 -58317
81189 -58381
81083 -58528
80968 -58687
80865 -58829
80752 -58984
80684 -59077
80598 -59194
80573 -59228
80492 -59338
80351 -59529
80282 -59622
80174 -59767
80056 -59925
79957 -60057
79833 -60222
79731 -60357
79624 -60498
79541 -60607
79461 -60712
79385 -60811
79170 -61091
79095 -61188
79064 -61228
78967 -61353
78855 -61497
78755 -61625
78657 -61750
78565 -61867
78487 -61966
78457 -62004
78419 -62052
78358 -62129
78273 -62236
78195 -62334
78091 -62464
77921 -62676
77742 -62898
77605 -63067
77504 -63191
77429 -63283
77393 -63327
77325 -63410
77191 -63573
77135 -63641
77040 -63756
76914 -63908
76759 -64094
76553 -64340
76445 -64468
76325 -64610
76303 -64636
76175 -64787
76094 -64882
75972 -65025
75954 -65046
75839 -65180
75696 -65346
75620 -65434
75536 -65531
75423 -65661
75321 -65778
75166 -65955
75144 -65980
75033 -66106
74899 -66258
74830 -66336
74735 -66443
74586 -66610
74486 -66722
74399 -66819
74337 -66888
74171 -67072
74025 -67233
73905 -67365
73821 -67457
73711 -67577
73588 -67711
73519 -67786
73423 -67890
73349 -67970
73217 -68112
73164 -68169
73039 -68303
72966 -68381
72858 -68496
72759 -68601
72590 -68780
72496 -68879
72437 -68941
72376 -69005
72183 -69207
72032 -69364
71954 -69445
71870 -69532
71776 -69629
71674 -69734
71561 -69850
71473 -69940
71317 -70099
71258 -70159
71110 -70309
71004 -70416
70859 -70562
70601 -70820
70414 -71006
70231 -71187
70097 -71319
70039 -71376
69945 -71468
69817 -71593
69698 -71709
69629 -71776
69567 -71836
69291 -72102
69236 -72155
69114 -72272
69003 -72378
68762 -72607
68670 -72694
68580 -72779
68496 -72858
68447 -72904
68334 -73010
68227 -73110
68011 -73311
67958 -73360
67684 -73613
67611 -73680
67515 -73768
67399 -73874
67331 -73936
67201 -74054
67020 -74218
66770 -74443
66694 -74511
66582 -74611
66407 -74767
66301 -74861
66232 -74922
66045 -75087
65979 -75145
65922 -75195
65810 -75293
65692 -75396
65548 -75521
65339 -75702
65280 -75753
65152 -75863
65025 -75972
64882 -76094
64754 -76203
64525 -76397
64499 -76419
64454 -76457
64384 -76516
64290 -76595
64204 -76667
63926 -76899
63710 -77078
63618 -77154
63511 -77242
63321 -77398
63234 -77469
63158 -77531
63131 -77553
63067 -77605
62789 -77830
62748 -77863
62523 -78044
62433 -78116
62232 -78276
62149 -78342
62072 -78403
61862 -78569
61801 -78617
61759 -78650
61625 -78755
61506 -78848
61326 -78988
61277 -79026
61074 -79183
60926 -79297
60780 -79409
60552 -79583
60440 -79668
60333 -79749
60259 -79805
59993 -80005
59841 -80119
59778 -80166
59696 -80227
59587 -80308
59448 -80411
59383 -80459
59364 -80473
59254 -80554
59201 -80593
59092 -80673
58925 -80795
58778 -80902
58734 -80934
58582 -81044
58342 -81217
58166 -81343
58047 -81428
57912 -81524
57672 -81694
57597 -81747
57499 -81816
57442 -81856
57335 -81931
57252 -81989
57087 -82104
57064 -82120
56950 -82199
56833 -82280
56788 -82311
56727 -82353
56570 -82461
56538 -82483
56251 -82679
56040 -82822
55858 -82945
55812 -82976
55754 -83015
55666 -83074
55315 -83308
55196 -83387
55128 -83432
54987 -83525
54743 -83685
54639 -83753
54447 -83878
54390 -83915
54035 -84144
53943 -84203
53857 -84258
53628 -84404
53568 -84442
53380 -84561
53280 -84624
53191 -84680
52969 -84819
52897 -84864
52696 -84989
52445 -85144
52341 -85208
52235 -85273
52091 -85361
51955 -85444
51894 -85481
51765 -85559
51601 -85658
51523 -85705
51283 -85849
51026 -86002
50945 -86050
50857 -86102
50655 -86221
50452 -86340
50301 -86428
50251 -86457
49997 -86604
49862 -86682
49789 -86724
49574 -86847
49416 -86937
49349 -86975
49176 -87073
49034 -87153
48954 -87198
48820 -87273
48786 -87292
48614 -87388
48450 -87479
48394 -87510
48289 -87568
48089 -87678
47899 -87782
47822 -87824
47695 -87893
47551 -87971
47464 -88018
47192 -88164
47121 -88202
46988 -88273
46788 -88379
46684 -88434
46629 -88463
46515 -88523
46353 -88608
46286 -88643
46125 -88727
46071 -88755
45771 -88910
45506 -89046
45353 -89124
45067 -89269
44960 -89323
44512 -89547
44371 -89617
44221 -89691
44156 -89723
43938 -89830
43858 -89869
43700 -89946
43558 -90015
43498 -90044
43207 -90184
43052 -90258
42905 -90328
42530 -90505
42394 -90569
42332 -90598
42272 -90626
42141 -90687
41914 -90792
41758 -90864
41723 -90880
41460 -91000
41346 -91052
41267 -91088
41225 -91107
41194 -91121
41041 -91190
40981 -91217
40807 -91295
40650 -91365
40605 -91385
40472 -91444
40377 -91486
40170 -91577
39946 -91675
39891 -91699
39581 -91833
39500 -91868
39372 -91923
39365 -91926
39241 -91979
39081 -92047
38916 -92117
38802 -92165
38695 -92210
38652 -92228
38542 -92274
38355 -92352
38120 -92449
37955 -92517
37860 -92556
37811 -92576
37686 -92627
37622 -92653
37417 -92736
37330 -92771
37178 -92832
37023 -92894
36872 -92954
36652 -93041
36596 -93063
36438 -93125
36379 -93148
36091 -93260
35998 -93296
35868 -93346
35688 -93415
35562 -93463
35430 -93513
35261 -93577
35152 -93618
35056 -93654
34973 -93685
34782 -93756
34747 -93769
34693 -93789
34465 -93873
34378 -93905
34150 -93988
33940 -94064
33701 -94150
33505 -94220
33313 -94288
33182 -94334
33088 -94367
32934 -94421
32819 -94461
32666 -94514
32611 -94533
32518 -94565
32346 -94624
32141 -94694
32017 -94736
31821 -94802
31560 -94889
31325 -94967
31118 -95035
30891 -95109
30780 -95145
30513 -95231
30369 -95277
30287 -95303
29971 -95403
29814 -95452
29547 -95535
29405 -95579
29343 -95598
28903 -95732
28700 -95793
28583 -95828
28354 -95896
28228 -95933
28027 -95992
27962 -96011
27571 -96124
27213 -96226
27121 -96252
27071 -96266
26860 -96325
26770 -96350
26633 -96388
26452 -96438
26166 -96516
25966 -96570
25839 -96604
25610 -96665
25432 -96712
25352 -96733
25114 -96795
24998 -96825
24878 -96856
24706 -96900
24592 -96929
24477 -96958
24298 -97003
24053 -97064
23830 -97119
23531 -97192
23469 -97207
23240 -97262
23072 -97302
22864 -97351
22847 -97355
22744 -97379
22542 -97426
22308 -97480
22141 -97518
21991 -97552
21830 -97588
21574 -97645
21383 -97687
21342 -97696
21162 -97735
21088 -97751
20893 -97793
20785 -97816
20672 -97840
20395 -97898
20222 -97934
19983 -97983
19919 -97996
19676 -98045
19496 -98081
19253 -98129
18960 -98186
18752 -98226
18610 -98253
18344 -98303
18161 -98337
18003 -98366
17761 -98410
17583 -98442
17369 -98480
17255 -98500
17112 -98525
16804 -98578
16627 -98608
16502 -98629
16436 -98640
16071 -98700
16034 -98706
15867 -98733
15842 -98737
15648 -98768
15566 -98781
15458 -98798
15187 -98840
15063 -98859
15030 -98864
14851 -98891
14460 -98949
14238 -98981
14099 -99001
14064 -99006
13958 -99021
13830 -99039
13649 -99064
13297 -99112
13207 -99124
13139 -99133
12933 -99160
12887 -99166
12741 -99185
12608 -99202
12441 -99223
12361 -99233
12200 -99253
12028 -99274
11953 -99283
11633 -99321
11496 -99337
11260 -99364
11054 -99387
10791 -99416
10615 -99435
10511 -99446
10425 -99455
10243 -99474
10204 -99478
10155 -99483
10037 -99495
9867 -99512
9735 -99525
9591 -99539
9349 -99562
9198 -99576
9024 -99592
8822 -99610
8594 -99630
8536 -99635
8477 -99640
8129 -99669
7892 -99688
7804 -99695
7740 -99700
7450 -99722
7316 -99732
7220 -99739
7107 -99747
6866 -99764
6643 -99779
6414 -99794
6272 -99803
6176 -99809
6047 -99817
5843 -99829
5706 -99837
5600 -99843
5383 -99855
5135 -99868
4978 -99876
4794 -99885
4689 -99890
4357 -99905
4188 -99912
4018 -99919
3993 -99920
3866 -99925
3708 -99931
3405 -99942
3161 -99950
2931 -99957
2719 -99963
2683 -99964
2526 -99968
2190 -99976
1895 -99982
1842 -99983
1548 -99988
1401 -99990
1175 -99993
1094 -99994
999 -99995
774 -99997
632 -99998
420 -99999
-419 -99999
-622 -99998
-880 -99996
-990 -99995
-1082 -99994
-1173 -99993
-1336 -99991
-1671 -99986
-1947 -99981
-2096 -99978
-2279 -99974
-2321 -99973
-2485 -99969
-2754 -99962
-2791 -99961
-2826 -99960
-3032 -99954
-3160 -99950
-3282 -99946
-3519 -99938
-3793 -99928
-3845 -99926
-3896 -99924
-3946 -99922
-4170 -99913
-4265 -99909
-4357 -99905
-4424 -99902
-4667 -99891
-4895 -99880
-5037 -99873
-5175 -99866
-5437 -99852
-5616 -99842
-5757 -99834
-5774 -99833
-6062 -99816
-6335 -99799
-6569 -99784
-6777 -99770
-6894 -99762
-6981 -99756
-7370 -99728
-7675 -99705
-7829 -99693
-8006 -99679
-8299 -99655
-8430 -99644
-8489 -99639
-8524 -99636
-8754 -99616
-8788 -99613
-8946 -99599
-8968 -99597
-9380 -99559
-9476 -99550
-9622 -99536
-9877 -99511
-9917 -99507
-10125 -99486
-10262 -99472
-10416 -99456
-10615 -99435
-10773 -99418
-10882 -99406
-11027 -99390
-11135 -99378
-11295 -99360
-11356 -99353
-11573 -99328
-11786 -99303
-11803 -99301
-11845 -99296
-11920 -99287
-12433 -99224
-12529 -99212
-12779 -99180
-13010 -99150
-13252 -99118
-13504 -99084
-13584 -99073
-13873 -99033
-13965 -99020
-14127 -98997
-14322 -98969
-14473 -98947
-14630 -98924
-14657 -98920
-14871 -98888
-14911 -98882
-15043 -98862
-15381 -98810
-15585 -98778
-15655 -98767
-15861 -98734
-15917 -98725
-16072 -98700
-16255 -98670
-16388 -98648
-16502 -98629
-16609 -98611
-16680 -98599
-16739 -98589
-16780 -98582
-16856 -98569
-17031 -98539
-17244 -98502
-17437 -98468
-17583 -98442
-17833 -98397
-18210 -98328
-18435 -98286
-18483 -98277
-18704 -98235
-18825 -98212
-19002 -98178
-19043 -98170
-19258 -98128
-19304 -98119
-19426 -98095
-19611 -98058
-19958 -97988
-20076 -97964
-20120 -97955
-20309 -97916
-20486 -97879
-20629 -97849
-20724 -97829
-20799 -97813
-20902 -97791
-20944 -97782
-21107 -97747
-21172 -97733
-21209 -97725
-21310 -97703
-21565 -97647
-21768 -97602
-21955 -97560
-22075 -97533
-22281 -97486
-22316 -97478
-22460 -97445
-22560 -97422
-22894 -97344
-23017 -97315
-23198 -97272
-23286 -97251
-23502 -97199
-23707 -97149
-23850 -97114
-23903 -97101
-24025 -97071
-24230 -97020
-24322 -96997
-24505 -96951
-24588 -96930
-24643 -96916
-24784 -96880
-24975 -96831
-25156 -96784
-25306 -96745
-25405 -96719
-25519 -96689
-25693 -96643
-25813 -96611
-26014 -96557
-26302 -96479
-26503 -96424
-26572 -96405
-26630 -96389
-26810 -96339
-26982 -96291
-27124 -96251
-27308 -96199
-27529 -96136
-27696 -96088
-27979 -96006
-28102 -95970
-28327 -95904
-28398 -95883
-28452 -95867
-28663 -95804
-28770 -95772
-29025 -95695
-29140 -95660
-29271 -95620
-29382 -95586
-29683 -95493
-29728 -95479
-29837 -95445
-29869 -95435
-29971 -95403
-30120 -95356
-30177 -95338
-30259 -95312
-30441 -95254
-30569 -95213
-30628 -95194
-30820 -95132
-31008 -95071
-31170 -95018
-31473 -94918
-31779 -94816
-31993 -94744
-32064 -94720
-32185 -94679
-32264 -94652
-32498 -94572
-32652 -94519
-32825 -94459
-33054 -94379
-33205 -94326
-33350 -94275
-33443 -94242
-33620 -94179
-33810 -94111
-34015 -94037
-34361 -93911
-34473 -93870
-34533 -93848
-34582 -93830
-34739 -93772
-34906 -93710
-34989 -93679
-35184 -93606
-35261 -93577
-35441 -93509
-35591 -93452
-35646 -93431
-35860 -93349
-36176 -93227
-36325 -93169
-36624 -93052
-36685 -93028
-36728 -93011
-36892 -92946
-36990 -92907
-37118 -92856
-37218 -92816
-37340 -92767
-37397 -92744
-37651 -92641
-37774 -92591
-37894 -92542
-37977 -92508
-38171 -92428
-38355 -92352
-38566 -92264
-38676 -92218
-38923 -92114
-39074 -92050
-39194 -91999
-39337 -91938
-39572 -91837
-39651 -91803
-39727 -91770
-40064 -91623
-40135 -91592
-40309 -91516
-40445 -91456
-40533 -91417
-40704 -91341
-40818 -91290
-40847 -91277
-40954 -91229
-41054 -91184
-41125 -91152
-41278 -91083
-41386 -91034
-41699 -90891
-41884 -90806
-42003 -90751
-42100 -90706
-42347 -90591
-42522 -90509
-42607 -90469
-42886 -90337
-43096 -90237
-43242 -90167
-43377 -90102
-43433 -90075
-43671 -89960
-43731 -89931
-43803 -89896
-43928 -89835
-44028 -89786
-44085 -89758
-44144 -89729
-44274 -89665
-44494 -89556
-44956 -89325
-45166 -89219
-45359 -89121
-45412 -89094
-45504 -89047
-45703 -88945
-45843 -88873
-45907 -88840
-46063 -88759
-46192 -88692
-46328 -88621
-46481 -88541
-46519 -88521
-46629 -88463
-46792 -88377
-46860 -88341
-46941 -88298
-47104 -88211
-47259 -88128
-47412 -88046
-47425 -88039
-47527 -87984
-47588 -87951
-47695 -87893
-47899 -87782
-47943 -87758
-48069 -87689
-48242 -87594
-48466 -87470
-48691 -87345
-48786 -87292
-49043 -87148
-49075 -87130
-49351 -86974
-49665 -86795
-49768 -86736
-49902 -86659
-49980 -86614
-50044 -86577
-50158 -86511
-50287 -86436
-50428 -86354
-50556 -86279
-50757 -86161
-50852 -86105
-50906 -86073
-51046 -85990
-51115 -85949
-51226 -85883
-51440 -85755
-51613 -85651
-51724 -85584
-51843 -85512
-51973 -85433
-52060 -85380
-52227 -85278
-52346 -85205
-52675 -85002
-52754 -84953
-52998 -84801
-53092 -84742
-53135 -84715
-53294 -84615
-53571 -84440
-53686 -84367
-53719 -84346
-53868 -84251
-53968 -84187
-54274 -83990
-54430 -83889
-54510 -83837
-54711 -83706
-54786 -83657
-54984 -83527
-55087 -83459
-55146 -83420
-55285 -83328
-55461 -83211
-55603 -83116
-55703 -83049
-55797 -82986
-56024 -82833
-56086 -82791
-56142 -82753
-56342 -82617
-56443 -82548
-56586 -82450
-56749 -82338
-56830 -82282
-57051 -82129
-57127 -82076
-57375 -81903
-57452 -81849
-57631 -81723
-57692 -81680
-57850 -81568
-58099 -81391
-58148 -81356
-58243 -81288
-58413 -81166
-58560 -81060
-58749 -80923
-58951 -80776
-59111 -80659
-59265 -80546
-59364 -80473
-59425 -80428
-59448 -80411
-59626 -80279
-59727 -80204
-59834 -80124
-60009 -79993
-60105 -79921
-60312 -79765
-60444 -79665
-60544 -79589
-60772 -79415
-60789 -79402
-61056 -79197
-61144 -79129
-61290 -79016
-61515 -78841
-61648 -78737
-61708 -78690
-61778 -78635
-61972 -78482
-62120 -78365
-62173 -78323
-62314 -78211
-62508 -78056
-62558 -78016
-62716 -77889
-62788 -77831
-62966 -77687
-63051 -77618
-63201 -77496
-63261 -77447
-63404 -77330
-63584 -77182
-63635 -77140
-63710 -77078
-63897 -76923
-64064 -76784
-64254 -76625
-64441 -76468
-64512 -76408
-64648 -76293
-64734 -76220
-64874 -76101
-65067 -75936
-65109 -75900
-65288 -75746
-65310 -75727
-65494 -75568
-65509 -75555
-65747 -75348
-65931 -75187
-66004 -75123
-66129 -75013
-66275 -74884
-66319 -74845
-66390 -74782
-66534 -74654
-66636 -74563
-66979 -74255
-67199 -74056
-67423 -73852
-67527 -73757
-67684 -73613
-67811 -73496
-68000 -73321
-68083 -73244
-68126 -73204
-68398 -72950
-68513 -72842
-68706 -72660
-68744 -72624
-68899 -72477
-68939 -72439
-69023 -72359
-69234 -72157
-69307 -72087
-69533 -71869
-69629 -71776
-69734 -71674
-69810 -71600
-69906 -71506
-69955 -71458
-70056 -71359
-70239 -71179
-70315 -71104
-70401 -71019
-70555 -70866
-70858 -70563
-71007 -70413
-71188 -70230
-71261 -70156
-71372 -70043
-71427 -69987
-71561 -69850
-71599 -69811
-71633 -69776
-71802 -69602
-71867 -69535
-71952 -69447
-72083 -69311
-72183 -69207
-72248 -69139
-72399 -68981
-72534 -68839
-72590 -68780
-72641 -68726
-72759 -68601
-72963 -68384
-73024 -68319
-73067 -68273
-73204 -68126
-73298 -68025
-73409 -67905
-73541 -67762
-73701 -67588
-73789 -67492
-73945 -67321
-74006 -67254
-74124 -67124
-74181 -67061
-74380 -66840
-74398 -66820
-74493 -66714
-74586 -66610
-74611 -66582
-74644 -66545
-74822 -66345
-74883 -66276
-74997 -66147
-75078 -66055
-75180 -65939
-75361 -65732
-75483 -65592
-75568 -65494
-75581 -65479
-75658 -65390
-75765 -65266
-75845 -65173
-76007 -64984
-76077 -64902
-76226 -64727
-76353 -64577
-76468 -64441
-76584 -64303
-76610 -64272
-76718 -64143
-76769 -64082
-76829 -64010
-76971 -63839
-77053 -63740
-77187 -63578
-77229 -63527
-77357 -63371
-77456 -63250
-77601 -63072
-77704 -62945
-77755 -62882
-77810 -62814
-77959 -62629
-78152 -62388
-78191 -62339
-78226 -62295
-78415 -62057
-78445 -62019
-78628 -61787
-78740 -61644
-78913 -61422
-78941 -61386
-79038 -61261
-79166 -61096
-79203 -61048
-79287 -60939
-79435 -60746
-79461 -60712
-79715 -60378
-79862 -60183
-79920 -60106
-80017 -59977
-80154 -59794
-80238 -59681
-80388 -59479
-80504 -59322
-80607 -59182
-80692 -59066
-80757 -58977
-80960 -58698
-80984 -58665
-81130 -58463
-81166 -58413
-81318 -58201
-81396 -58092
-81559 -57863
-81673 -57702
-81709 -57651
-81797 -57526
-81863 -57432
-81945 -57315
-82079 -57123
-82188 -56966
-82300 -56804
-82340 -56746
-82546 -56446
-82653 -56289
-82757 -56136
-82835 -56021
-82860 -55984
-82889 -55941
-82980 -55806
-83037 -55721
-83163 -55533
-83243 -55413
-83391 -55190
-83432 -55128
-83494 -55034
-83546 -54955
-83679 -54752
-83785 -54590
-83863 -54470
-83981 -54288
-84059 -54167
-84162 -54007
-84242 -53882
-84302 -53788
-84416 -53609
-84489 -53494
-84513 -53456
-84595 -53326
-84629 -53272
-84797 -53004
-84869 -52889
-84943 -52770
-84969 -52728
-85107 -52505
-85157 -52424
-85331 -52140
-85380 -52060
-85408 -52014
-85622 -51661
-85782 -51395
-85846 -51288
-85911 -51179
-86028 -50982
-86047 -50950
-86141 -50791
-86235 -50631
-86313 -50498
-86358 -50421
-86479 -50213
-86569 -50058
-86648 -49921
-86787 -49679
-86916 -49453
-87034 -49245
-87185 -48977
-87208 -48936
-87264 -48836
-87380 -48628
-87474 -48459
-87525 -48367
-87578 -48271
-87605 -48222
-87758 -47943
-87874 -47730
-87951 -47588
-88055 -47395
-88125 -47265
-88201 -47123
-88258 -47016
-88351 -46841
-88422 -46707
-88441 -46671
-88471 -46614
-88532 -46498
-88586 -46395
-88677 -46221
-88728 -46123
-88799 -45986
-88929 -45734
-89092 -45416
-89227 -45150
-89348 -44910
-89537 -44532
-89610 -44385
-89657 -44290
-89701 -44201
-89872 -43852
-90011 -43566
-90027 -43533
-90054 -43477
-90147 -43284
-90184 -43207
-90279 -43008
-90356 -42846
-90444 -42660
-90492 -42558
-90530 -42477
-90545 -42445
-90660 -42199
-90736 -42035
-90834 -41823
-90935 -41603
-91023 -41410
-91038 -41377
-91200 -41019
-91243 -40923
-91314 -40764
-91371 -40636
-91492 -40363
-91515 -40311
-91585 -40152
-91630 -40049
-91722 -39838
-91758 -39755
-91809 -39637
-91828 -39593
-91865 -39507
-91970 -39262
-92047 -39081
-92122 -38904
-92159 -38816
-92262 -38571
-92297 -38487
-92454 -38108
-92515 -37960
-92583 -37794
-92700 -37506
-92721 -37454
-92769 -37335
-92830 -37183
-92876 -37068
-92944 -36897
-92975 -36819
-93007 -36738
-93053 -36621
-93150 -36374
-93180 -36297
-93243 -36135
-93255 -36104
-93316 -35946
-93371 -35803
-93402 -35722
-93463 -35562
-93510 -35438
-93546 -35343
-93571 -35277
-93655 -35053
-93723 -34871
-93759 -34774
-93812 -34631
-93826 -34593
-93894 -34408
-93947 -34263
-93955 -34241
-94021 -34059
-94084 -33885
-94102 -33835
-94154 -33690
-94159 -33676
-94247 -33429
-94293 -33299
-94355 -33123
-94404 -32983
-94444 -32868
-94501 -32704
-94570 -32504
-94617 -32367
-94645 -32285
-94676 -32194
-94715 -32079
-94811 -31794
-94904 -31515
-94967 -31325
-94988 -31261
-95028 -31139
-95085 -30965
-95122 -30851
-95144 -30783
-95154 -30752
-95237 -30494
-95312 -30259
-95344 -30158
-95391 -30009
-95455 -29805
-95537 -29541
-95570 -29434
-95632 -29232
-95678 -29081
-95753 -28833
-95831 -28573
-95885 -28391
-95922 -28266
-95985 -28051
-96001 -27996
-96096 -27668
-96134 -27536
-96138 -27522
-96205 -27287
-96291 -26982
-96325 -26860
-96369 -26702
-96413 -26543
-96465 -26353
-96520 -26151
-96539 -26081
-96581 -25925
-96644 -25689
-96717 -25413
-96747 -25298
-96790 -25133
-96824 -25002
-96851 -24897
-96917 -24639
-96948 -24517
-96975 -24410
-97049 -24114
-97089 -23952
-97124 -23810
-97173 -23609
-97212 -23448
-97227 -23386
-97244 -23315
-97277 -23177
-97362 -22817
-97394 -22680
-97422 -22560
-97471 -22347
-97495 -22242
-97518 -22141
-97557 -21968
-97593 -21808
-97628 -21651
-97674 -21442
-97711 -21273
-97733 -21172
-97752 -21084
-97763 -21033
-97769 -21005
-97782 -20944
-97838 -20681
-97848 -20634
-97892 -20424
-97908 -20347
-97951 -20139
-97972 -20037
-98006 -19870
-98053 -19636
-98073 -19536
-98108 -19360
-98149 -19151
-98169 -19048
-98182 -18981
-98223 -18768
-98255 -18599
-98307 -18323
-98356 -18058
-98383 -17910
-98420 -17706
-98460 -17482
-98518 -17152
-98548 -16979
-98587 -16751
-98606 -16639
-98634 -16472
-98656 -16339
-98676 -16218
-98691 -16127
-98700 -16072
-98732 -15874
-98753 -15743
-98763 -15680
-98793 -15490
-98823 -15297
-98848 -15135
-98868 -15003
-98893 -14837
-98942 -14507
-98968 -14329
-99004 -14078
-99055 -13715
-99080 -13533
-99097 -13408
-99116 -13267
-99132 -13147
-99167 -12879
-99189 -12709
-99194 -12670
-99200 -12623
-99207 -12568
-99225 -12425
-99244 -12273
-99259 -12151
-99274 -12027
-99295 -11853
-99298 -11828
-99323 -11616
-99334 -11521
-99361 -11286
-99369 -11216
-99395 -10982
-99412 -10828
-99448 -10492
-99466 -10320
-99479 -10194
-99512 -9866
-99514 -9846
-99532 -9662
-99553 -9444
-99565 -9317
-99575 -9209
-99588 -9068
-99597 -8968
-99605 -8879
-99613 -8788
-99627 -8628
-99641 -8464
-99654 -8311
-99666 -8165
-99669 -8128
-99689 -7879
-99709 -7623
-99721 -7464
-99727 -7384
-99738 -7233
-99747 -7108
-99753 -7023
-99764 -6865
-99775 -6703
-99781 -6614
-99788 -6508
-99809 -6177
-99817 -6047
-99820 -5997
-99824 -5930
-99840 -5651
-99847 -5527
-99854 -5398
-99863 -5232
-99875 -4998
-99884 -4814
-99898 -4513
-99907 -4310
-99911 -4217
-99918 -4048
-99925 -3872
-99930 -3737
-99942 -3401
-99946 -3285
-99957 -2931
-99961 -2788
-99966 -2607
-99968 -2529
-99971 -2405
-99974 -2272
-99976 -2183
-99979 -2049
-99981 -1939
-99984 -1772
-99987 -1597
-99989 -1474
-99991 -1336
-99992 -1254
-99994 -1086
-99995 -988
-99997 -772
-99998 -632
-99999 -414
