50
584 584 584 584 584 584 584 584 584 584 584 584 584 584 2217 2217 2217 2217 1541 1541 1541 1541 1541 2452 2452 2452 2452 2452 2452 2217 2217 2217 2217 1331 1331 1331 1331 1331 1331 1331 1331 1196 1196 1196 1196 974 974 769 769 769
584 584 584 584 584 477 477 477 477 477 477 477 477 477 477 477 477 477 477 477 477 477 477 477 477 477 477 477 477 477 477 477 477 477 477 477 477 477 477 477 477 477 2126 2126 2126 2126 2126 2126 769 769
584 584 584 125 125 477 477 477 477 477 477 477 477 477 477 477 477 477 477 477 477 477 477 477 477 477 477 477 477 477 477 477 477 477 477 477 477 477 477 477 477 477 2126 2126 2126 2126 2126 2126 769 769
584 2154 2154 125 125 477 477 477 477 477 477 477 477 477 477 477 477 477 477 477 477 477 477 477 477 477 477 477 477 477 477 477 477 477 477 477 477 477 477 477 477 477 2126 2126 2126 2126 2126 2126 769 769
584 2154 2154 125 125 477 477 477 477 477 477 477 477 477 477 477 477 477 477 477 477 477 477 477 477 477 477 477 477 477 477 477 477 477 477 477 477 477 477 477 477 477 2126 2126 2126 2126 2126 2126 692 692
161 2154 2154 2132 2132 477 477 477 477 477 477 477 477 477 477 477 477 477 477 477 477 477 477 477 477 477 477 477 477 477 477 477 477 477 477 477 477 477 477 477 477 477 2126 2126 2126 2126 2126 2126 692 692
161 2154 2154 2132 2132 477 477 477 477 477 477 477 477 477 477 477 477 477 477 477 477 477 477 477 477 477 477 477 477 477 477 477 477 477 477 477 477 477 477 477 477 477 2126 2126 2126 2126 2126 2126 692 692
161 2154 2154 2132 2132 477 477 477 477 477 477 477 477 477 477 477 477 477 477 477 477 477 477 477 477 477 477 477 477 477 477 477 477 477 477 477 477 477 477 477 477 477 2126 2126 2126 2126 2126 2126 618 692
161 2154 2154 2132 2132 477 477 477 477 477 477 477 477 477 477 477 477 477 477 477 477 477 477 477 477 477 477 477 477 477 477 477 477 477 477 477 477 477 477 477 477 477 2126 2126 2126 2126 2126 2126 618 692
161 2154 2154 2132 2132 477 477 477 477 477 477 477 477 477 477 477 477 477 477 477 477 477 477 477 477 477 477 477 477 477 477 477 477 477 477 477 477 477 477 477 477 477 2126 2126 2126 2126 2126 2126 618 692
161 2154 2154 2132 2132 477 477 477 477 477 477 477 477 477 477 477 477 477 477 477 477 477 477 477 477 477 477 477 477 477 477 477 477 477 477 477 477 477 477 477 477 477 2126 2126 2126 2126 2126 2126 618 692
161 2154 2154 2132 2132 477 477 477 477 477 477 477 477 477 477 477 477 477 477 477 477 477 477 477 477 477 477 477 477 477 477 477 477 477 477 477 477 477 477 477 477 477 2126 2126 2126 2126 2126 2126 692 692
161 161 161 2132 2132 477 477 477 477 477 477 477 477 477 477 477 477 477 477 477 477 477 477 477 477 477 477 477 477 477 477 477 477 477 477 477 477 477 477 477 477 477 2126 2126 2126 2126 2126 2126 692 692
161 161 161 2132 2132 477 477 477 477 477 477 477 477 477 477 477 477 477 477 477 477 477 477 477 477 477 477 477 477 477 477 477 477 477 477 477 477 477 477 477 477 477 2126 2126 2126 2126 2126 2126 692 692
2352 1704 1704 2132 2132 477 477 477 477 477 477 477 477 477 477 477 477 477 477 477 477 477 477 477 477 477 477 477 477 477 477 477 477 477 477 477 477 477 477 477 477 477 2126 2126 2126 2126 2126 2126 692 692
2352 1704 1704 2132 2132 477 477 477 477 477 477 477 477 477 477 477 477 477 477 477 477 477 477 477 477 477 477 477 477 477 477 477 477 477 477 477 477 477 477 477 477 477 2126 2126 2126 2126 2126 2126 692 692
2352 1704 1704 2132 2132 477 477 477 477 477 477 477 477 477 477 477 477 477 477 477 477 477 477 477 477 477 477 477 477 477 477 477 477 477 477 477 477 477 477 477 477 477 2126 2126 2126 2126 2126 2126 692 692
2352 1704 1704 2132 2132 477 477 477 477 477 477 477 477 477 477 477 477 477 477 477 477 477 477 477 477 477 477 477 477 477 477 477 477 477 477 477 477 477 477 477 477 477 2126 2126 2126 2126 2126 2126 692 692
2352 1704 1704 1211 1211 477 477 477 477 477 477 477 477 477 477 477 477 477 477 477 477 477 477 477 477 477 477 477 477 477 477 477 477 477 477 477 477 477 477 477 477 477 2126 2126 2126 2126 2126 2126 692 692
2352 1704 1704 1211 1211 477 477 477 477 477 477 477 477 477 477 477 477 477 477 477 477 477 477 477 477 477 477 477 477 477 477 477 477 477 477 477 477 477 477 477 477 477 2126 2126 2126 2126 2126 2126 1240 692
2352 2352 2352 1211 1211 477 477 477 477 477 477 477 477 477 477 477 477 477 477 477 477 477 477 477 477 477 477 477 477 477 477 477 477 477 477 477 477 477 477 477 477 477 2126 2126 2126 2126 2126 2126 1240 692
2352 1924 2352 1211 1211 477 477 477 477 477 477 477 477 477 477 477 477 477 477 477 477 477 477 477 477 477 477 477 477 477 477 477 477 477 477 477 477 477 477 477 477 477 1731 1731 2126 2126 2126 2126 1240 692
2352 1924 2352 1211 1211 477 477 477 477 477 477 477 477 477 477 477 477 477 477 477 477 477 477 477 477 477 477 477 477 477 477 477 477 477 477 477 477 477 477 477 477 477 1731 1731 2126 2126 2126 2126 1240 692
584 1924 1948 1211 1211 477 477 477 477 477 477 477 477 477 477 477 477 477 477 477 477 477 477 477 477 477 477 477 477 477 477 477 477 477 477 477 477 477 477 477 477 477 1731 1731 2126 2126 2126 2126 1240 692
2193 1924 1948 1211 1722 1722 1722 1722 1722 1722 1722 1722 1722 1722 1722 1722 1722 1722 1722 1722 1722 1722 1722 1722 1722 1722 1722 1722 1722 1722 1722 1722 1722 1722 1722 1722 1722 1722 1722 1722 1722 1722 1722 1722 1722 1722 1722 1722 1240 692
2193 1924 1948 1211 1722 1722 1722 1722 1722 1722 1722 1722 1722 1722 1722 1722 1722 1722 1722 1722 1722 1722 1722 1722 1722 1722 1722 1722 1722 1722 1722 1722 1722 1722 1722 1722 1722 1722 1722 1722 1722 1722 1722 1722 1722 1722 1722 1722 1240 692
2193 1924 1948 1211 1722 1722 1722 1722 1722 1722 1722 1722 1722 1722 1722 1722 1722 1722 1722 1722 1722 1722 1722 1722 1722 1722 1722 1722 1722 1722 1722 1722 1722 1722 1722 1722 1722 1722 1722 1722 1722 1722 1722 1722 1722 1722 1722 1722 1240 692
274 1924 1854 1211 1722 1722 1722 1722 1722 1722 1722 1722 1722 1722 1722 1722 1722 1722 1722 1722 1722 1722 1722 1722 1722 1722 1722 1722 1722 1722 1722 1722 1722 1722 1722 1722 1722 1722 1722 1722 1722 1722 1722 1722 1722 1722 1722 1722 251 692
274 1924 1854 1211 1722 1722 1722 1722 1722 1722 1722 1722 1722 1722 1722 1722 1722 1722 1722 1722 1722 1722 1722 1722 1722 1722 1722 1722 1722 1722 1722 1722 1722 1722 1722 1722 1722 1722 1722 1722 1722 1722 1722 1722 1722 1722 1722 1722 251 158
274 1924 1854 1211 1722 1722 1722 1722 1722 1722 1722 1722 1722 1722 1722 1722 1722 1722 1722 1722 1722 1722 1722 1722 1722 1722 1722 1722 1722 1722 1722 1722 1722 1722 1722 1722 1722 1722 1722 1722 1722 1722 1722 1722 1722 1722 1722 1722 251 158
274 274 1854 1211 1722 1722 1722 1722 1722 1722 1722 1722 1722 1722 1722 1722 1722 1722 1722 1722 1722 1722 1722 1722 1722 1722 1722 1722 1722 1722 1722 1722 1722 1722 1722 1722 1722 1722 1722 1722 1722 1722 1722 1722 1722 1722 1722 1722 251 158
274 861 1854 1211 1722 1722 1722 1722 1722 1722 1722 1722 1722 1722 1722 1722 1722 1722 1722 1722 1722 1722 1722 1722 1722 1722 1722 1722 1722 1722 1722 1722 1722 1722 1722 1722 1722 1722 1722 1722 1722 1722 1722 1722 1722 1722 1722 1722 251 158
1383 861 1854 1211 1722 1722 1722 1722 1722 1722 1722 1722 1722 1722 1722 1722 1722 1722 1722 1722 1722 1722 1722 1722 1722 1722 1722 1722 1722 1722 1722 1722 1722 1722 1722 1722 1722 1722 1722 1722 1722 1722 1722 1722 1722 1722 1722 1722 251 158
1505 1505 1854 1211 1722 1722 1722 1722 1722 1722 1722 1722 1722 1722 1722 1722 1722 1722 1722 1722 1722 1722 1722 1722 1722 1722 1722 1722 1722 1722 1722 1722 1722 1722 1722 1722 1722 1722 1722 1722 1722 1722 1722 1722 1722 1722 1722 1722 251 158
1505 1505 1854 1211 1722 1722 1722 1722 1722 1722 1722 1722 1722 1722 1722 1722 1722 1722 1722 1722 1722 1722 1722 1722 1722 1722 1722 1722 1722 1722 1722 1722 1722 1722 1722 1722 1722 1722 1722 1722 1722 1722 1722 1722 1722 1722 1722 1722 251 158
1505 1505 1854 1211 1722 1722 1722 1722 1722 1722 1722 1722 1722 1722 1722 1722 1722 1722 1722 1722 1722 1722 1722 1722 1722 1722 1722 1722 1722 1722 1722 1722 1722 1722 1722 1722 1722 1722 1722 1722 1722 1722 1722 1722 1722 1722 1722 1722 251 158
1505 1505 1854 1211 1722 1722 1722 1722 1722 1722 1722 1722 1722 1722 1722 1722 1722 1722 1722 1722 1722 1722 1722 1722 1722 1722 1722 1722 1722 1722 1722 1722 1722 1722 1722 1722 1722 1722 1722 1722 1722 1722 1722 1722 1722 1722 1722 1722 251 158
1505 1505 1854 1211 1722 1722 1722 1722 1722 1722 1722 1722 1722 1722 1722 1722 1722 1722 1722 1722 1722 1722 1722 1722 1722 1722 1722 1722 1722 1722 1722 1722 1722 1722 1722 1722 1722 1722 1722 1722 1722 1722 1722 1722 1722 1722 1722 1722 251 158
1505 1505 1854 1211 1722 1722 1722 1722 1722 1722 1722 1722 1722 1722 1722 1722 1722 1722 1722 1722 1722 1722 1722 1722 1722 1722 1722 1722 1722 1722 1722 1722 1722 1722 1722 1722 1722 1722 1722 1722 1722 1722 1722 1722 1722 1722 1722 1722 251 252
1383 861 1854 1211 1722 1722 1722 1722 1722 1722 1722 1722 1722 1722 1722 1722 1722 1722 1722 1722 1722 1722 1722 1722 1722 1722 1722 1722 1722 1722 1722 1722 1722 1722 1722 1722 1722 1722 1722 1722 1722 1722 1722 1722 1722 1722 1722 1722 251 252
1383 861 1854 1211 1722 1722 1722 1722 1722 1722 1722 1722 1722 1722 1722 1722 1722 1722 1722 1722 1722 1722 1722 1722 1722 1722 1722 1722 1722 1722 1722 1722 1722 1722 1722 1722 1722 1722 1722 1722 1722 1722 1722 1722 1722 1722 1722 1722 251 252
1383 861 1854 1211 1722 1722 1722 1722 1722 1722 1722 1722 1722 1722 1722 1722 1722 1722 1722 1722 1722 1722 1722 1722 1722 1722 1722 1722 1722 1722 1722 1722 1722 1722 1722 1722 1722 1722 1722 1722 1722 1722 1722 1722 1722 1722 1722 1722 251 168
1383 861 1854 1211 1722 1722 1722 1722 1722 1722 1722 1722 1722 1722 1722 1722 1722 1722 1722 1722 1722 1722 1722 1722 1722 1722 1722 1722 1722 1722 1722 1722 1722 1722 1722 1722 1722 1722 1722 1722 1722 1722 1722 1722 1722 1722 1722 1722 251 2378
1383 861 861 1211 1722 1722 1722 1722 1722 1722 1722 1722 1722 1722 1722 1722 1722 1722 1722 1722 1722 1722 1722 1722 1722 1722 1722 1722 1722 1722 1722 1722 1722 1722 1722 1722 1722 1722 1722 1722 1722 1722 1722 1722 1722 1722 1722 1722 251 2378
1383 1383 1383 1211 1722 1722 1722 1722 1722 1722 1722 1722 1722 1722 1722 1722 1722 1722 1722 1722 1722 1722 1722 1722 1722 1722 1722 1722 1722 1722 1722 1722 1722 1722 1722 1722 1722 1722 1722 1722 1722 1722 1722 1722 1722 1722 1722 1722 251 2378
734 734 734 1211 1722 1722 1722 1722 1722 1722 1722 1722 1722 1722 1722 1722 1722 1722 1722 1722 1722 1722 1722 1722 1722 1722 1722 1722 1722 1722 1722 1722 1722 1722 1722 1722 1722 1722 1722 1722 1722 1722 1722 1722 1722 1722 1722 1722 251 2378
734 734 734 1211 1211 1211 878 878 878 878 878 878 878 878 878 878 878 878 878 878 878 878 878 878 878 878 878 878 878 878 878 878 878 878 878 251 251 251 251 251 251 251 251 251 251 251 251 251 251 2378
610 610 610 610 610 610 878 878 878 878 878 878 878 878 878 878 878 878 878 878 878 878 878 878 878 878 878 878 878 878 878 878 878 878 878 251 251 251 251 251 251 251 251 251 251 251 251 251 251 2378
525 525 1210 1210 1210 1210 226 226 226 226 226 226 1791 1791 1791 1791 1791 1791 251 251 251 251 251 251 251 251 251 251 251 251 251 251 251 251 251 251 251 251 251 251 251 251 251 251 251 251 251 251 251 2378
1771 1771 1210 1210 1210 1210 226 226 226 226 226 226 2423 2423 2374 2374 2374 2374 251 251 251 251 251 251 251 251 251 251 251 251 251 251 251 251 251 251 251 251 251 251 251 251 251 251 251 251 251 251 251 1187
