18
15 8 1
3 6
1 0
0 1
1 0
0 1 5
0 2 2
1 3 4
2 3 1
3 4 1
0 4 6
9 1 100
4 8
0 0
0 1
0 1
0 1
0 3 4
0 2 3
3 5 2
0 1 5
2 3 2
2 4 1
4 5 3
1 3 1
100 1 1
1 2
1 0
0 1 100
1 2 100
2 1 1
1 2
0 0
0 1 1
1 2 1
6 1 1
2 5
1 0
0 1
0 1 1
2 1 1
2 0 100000
2 3 1
3 1 100000
1000000000 100000000 100000
5 10
1 0
0 0
1 0
0 1
0 0
5 3 10
1 4 100000
4 3 1000000000
1 0 100000
1 2 10
2 0 1000000000
2 3 1000000000
3 1 1000
5 6 100000
4 5 100000
1 1 1
1 2
0 0
0 1 1000000000
2 1 1000000000
1000000000 1000000000 1000000000
6 9
1 0
0 0
0 1
0 0
0 0
1 0
1 0 100000
5 4 2
2 4 4
6 7 8
7 5 6
1 2 1
3 2 2
4 3 1000000000
1 5 1000000000
103322 544 989
4 5
0 0
0 0
0 1
0 1
0 2 543
1 0 360
2 5 429
5 4 164
3 0 840
741329 16 667
13 20
0 1
0 0
1 0
1 0
1 0
1 0
0 0
1 0
0 0
1 0
0 0
1 0
0 0
10 11 164
0 6 880
5 2 76
9 5 352
11 3 690
10 0 761
3 6 694
6 11 672
3 5 349
7 1 297
9 2 635
3 12 32
9 11 821
0 8 342
2 12 471
6 12 755
10 12 214
11 2 685
9 8 119
14 8 6
942948639 593368 903265
14 64
0 0
1 0
0 1
0 1
0 0
1 0
0 0
0 1
0 1
1 0
1 0
0 0
0 1
0 0
5 14 588652
11 9 193722
2 13 704356
2 0 731977
8 2 5702
8 14 147036
10 5 589565
0 13 928251
7 4 114132
4 11 727033
8 12 234517
13 10 965139
6 1 101851
8 10 102623
9 8 431211
4 0 38620
9 5 881670
5 12 960692
14 4 214028
5 7 912992
0 6 241457
3 14 225414
6 2 183214
4 9 580923
15 5 604594
15 9 765169
1 2 813281
4 6 478926
3 13 710012
2 12 468984
2 14 428266
9 2 216927
3 4 740980
14 0 931232
8 6 687363
3 6 965193
12 13 485231
1 15 825246
0 5 413112
6 7 538457
1 9 112886
8 4 251806
9 13 754761
12 3 700399
13 8 979096
7 13 96114
0 11 900599
13 5 769866
10 15 284356
13 4 123444
0 15 472114
3 10 331785
14 12 746339
6 10 464475
12 1 3927
10 0 133575
6 14 538952
14 7 884647
8 5 142860
1 14 855397
3 2 759203
1 13 517550
12 15 324931
8 0 188995
20 1 100
1 2
1 0
0 2 5
2 1 5
755301505 51 89
14 55
0 0
0 0
0 0
0 1
0 0
0 0
0 0
0 0
0 0
0 1
1 0
0 0
0 1
1 0
3 6 272
0 13 444
7 14 773
7 13 509
0 2 277
12 8 531
6 14 263
13 6 445
0 8 296
9 14 534
11 5 989
15 4 389
11 15 184
3 5 643
7 5 515
11 7 819
13 9 360
10 5 494
12 6 886
7 8 916
10 15 696
7 3 376
5 1 525
10 14 186
15 14 346
2 1 953
8 2 626
4 13 79
10 1 866
3 1 447
0 4 241
1 8 621
1 15 770
0 14 660
4 5 258
12 7 53
4 7 37
9 5 816
6 1 852
9 1 540
12 14 695
10 4 741
15 0 323
9 4 815
4 6 191
0 10 168
4 11 522
13 8 523
11 0 852
0 9 735
14 4 425
8 3 369
15 2 526
11 13 663
6 7 804
989404561 31 92
3 6
0 1
0 0
0 0
2 1 149
1 3 952
2 0 605
0 1 487
0 3 251
4 2 15
209140021 935627742 954720177
1 3
0 0
0 2 475511142
1 2 703988879
0 1 173446452
36510770 555251092 620352715
11 53
0 0
0 0
1 0
0 1
0 0
0 0
0 0
1 0
1 0
0 0
0 0
6 8 880927646
4 11 214560449
1 11 56728702
1 8 839745102
7 3 861354205
3 1 61115191
12 2 223714939
9 2 611140030
4 6 578957855
11 7 395886006
5 0 832856334
10 12 94815542
4 8 909659127
3 6 466508357
10 9 93239516
6 11 831390350
5 1 859084851
9 5 540072080
7 5 48436390
4 2 672520799
1 0 222869518
10 0 153325044
1 4 849653876
6 7 290407166
4 7 407522086
8 12 192565837
11 3 960417608
0 4 837639266
10 2 270205715
7 2 767656591
1 9 871558952
11 10 696067727
1 10 766874882
5 4 213415880
9 12 397475520
2 11 75904883
9 6 967538003
0 11 773918894
8 11 870187192
7 1 658487997
6 1 543965775
0 12 287250509
2 6 114988204
4 9 697050218
3 4 135994352
7 12 115070476
3 10 930705922
2 3 227758850
5 12 730158658
7 9 783933195
7 10 532125358
11 5 469889956
3 12 86140278
524818731 905 314
7 19
1 0
0 1
1 0
0 1
1 0
1 0
0 1
7 5 283739
2 6 562825
5 2 164873
3 2 472057
5 4 582297
4 0 326177
6 8 765669
1 2 408519
7 1 831895
2 8 614156
0 2 806785
1 5 349790
6 7 508580
8 1 769104
0 7 893876
5 3 560495
2 7 95820
4 2 156211
6 3 168151
582027468 909 158
15 136
0 0
1 0
0 0
0 0
0 0
0 0
0 1
0 0
0 0
0 1
1 0
0 1
1 0
0 0
0 0
0 1 601174
0 2 829107
0 3 396689
0 4 809712
0 5 731691
0 6 952290
0 7 571312
0 8 339633
0 9 846012
0 10 506674
0 11 782397
0 12 592825
0 13 94833
0 14 737899
0 15 47202
0 16 547113
1 2 731538
1 3 928433
1 4 407124
1 5 824276
1 6 689170
1 7 604780
1 8 910251
1 9 196490
1 10 712908
1 11 758084
1 12 284872
1 13 944367
1 14 956425
1 15 944052
1 16 563846
2 3 986174
2 4 521346
2 5 724430
2 6 835706
2 7 487001
2 8 795263
2 9 999603
2 10 183121
2 11 169045
2 12 510444
2 13 501145
2 14 808794
2 15 78090
2 16 722575
3 4 147118
3 5 816540
3 6 481673
3 7 32373
3 8 243874
3 9 736028
3 10 379894
3 11 640143
3 12 722686
3 13 205425
3 14 849813
3 15 83757
3 16 330938
4 5 621074
4 6 944790
4 7 727654
4 8 853390
4 9 255881
4 10 679141
4 11 870611
4 12 503230
4 13 251105
4 14 790251
4 15 122722
4 16 120949
5 6 227334
5 7 234374
5 8 863337
5 9 782027
5 10 369667
5 11 149451
5 12 832319
5 13 42390
5 14 488049
5 15 152497
5 16 992080
6 7 67266
6 8 491470
6 9 353085
6 10 714653
6 11 954083
6 12 687016
6 13 584982
6 14 821259
6 15 109687
6 16 681434
7 8 330584
7 9 743413
7 10 29270
7 11 876454
7 12 849187
7 13 485644
7 14 423640
7 15 71862
7 16 319611
8 9 691004
8 10 54775
8 11 156320
8 12 301606
8 13 255806
8 14 859637
8 15 237487
8 16 944294
9 10 829839
9 11 495737
9 12 98206
9 13 644392
9 14 91484
9 15 623634
9 16 481340
10 11 1676
10 12 411273
10 13 724798
10 14 100537
10 15 301262
10 16 828470
11 12 450024
11 13 513213
11 14 288393
11 15 720275
11 16 692779
12 13 85692
12 14 923249
12 15 414384
12 16 475413
13 14 140694
13 15 580274
13 16 166562
14 15 754218
14 16 129091
15 16 50198
