1000 1000
-122 -53
199 -78
15 -95
-167 -28
-36 -96
-27 42
-140 9
-109 66
-130 -181
-85 -35
141 162
-10 119
138 -30
-91 36
70 165
160 115
94 -52
8 55
-117 -165
-164 -154
-126 24
-162 47
102 52
-170 -127
108 73
14 -56
-167 87
133 27
50 199
6 139
194 -105
144 152
-64 -192
-25 148
62 114
10 -136
-72 36
49 87
-178 -129
185 17
-11 -61
21 139
3 121
83 10
-101 -27
-30 -52
114 118
-156 -51
-120 -97
39 2
-113 81
191 15
45 -26
-40 183
-182 -171
-93 119
3 17
145 -71
-139 6
45 198
-9 -68
-6 -24
59 -106
-171 109
-164 -42
-86 -104
65 -107
84 193
24 -130
-126 42
136 19
108 104
-11 151
-91 53
30 162
-154 153
-172 59
122 68
74 -22
170 145
-158 -98
-143 -28
-99 -100
83 181
160 18
52 106
-163 -40
182 77
21 -63
-134 -94
-10 -90
140 -16
129 40
-118 -174
-26 -46
-198 -46
-62 -161
62 -70
-132 163
18 106
78 -56
-78 146
-81 -83
189 -180
20 -185
6 -194
-28 -27
-60 34
-153 -156
128 7
149 -145
140 184
-145 102
146 121
-131 133
5 -130
2 -12
83 170
-175 -165
-10 200
168 158
-148 97
71 -91
70 -190
-71 -35
-128 -151
-20 -72
96 173
77 -138
-61 -118
-27 2
90 -129
-145 148
-8 13
-18 -197
107 48
-14 138
165 14
28 -131
-135 -67
-196 172
11 -166
-134 69
-160 52
-119 55
-161 127
32 -82
-41 -10
78 -134
11 -121
58 86
64 79
17 -20
-171 -77
-116 38
-59 -149
121 -41
-114 154
-36 171
-117 96
-43 -70
-10 73
160 174
-114 -21
142 -179
-21 100
-65 -105
177 -79
-80 98
-67 124
133 -31
-86 72
-26 -39
-184 -73
153 -98
-107 16
102 -97
-108 96
-192 -95
181 17
110 -135
-77 -47
-189 34
106 161
27 140
-87 -172
-125 -137
-163 -181
-22 -196
118 165
-194 -112
96 -68
-134 110
44 -95
42 -115
-136 -80
24 -26
6 44
130 -89
-25 80
-159 -100
-100 -164
-54 26
51 107
-79 42
-195 39
96 154
-54 -114
-96 -92
81 10
-189 137
117 93
-102 149
-194 -98
152 -9
-119 -173
-70 -27
-10 -28
-158 -116
22 -158
-41 138
-51 128
-3 192
-55 -177
13 81
11 138
-172 106
-189 -23
-191 13
-85 177
23 79
-60 53
147 156
-175 -107
37 128
-169 162
-169 158
-149 40
54 7
101 -58
24 -65
186 156
6 147
-80 94
-109 -27
-43 7
65 128
15 142
-199 -90
-151 -56
-43 -67
-112 -83
182 -129
189 -193
180 91
49 -28
132 -116
-30 61
31 43
-143 -109
110 -25
-72 105
95 80
122 -157
-48 11
-87 -99
-68 -138
160 108
-186 -15
-184 127
-47 -27
60 148
176 124
-6 -102
66 -84
114 -58
-75 -12
-72 152
-103 57
-169 44
-157 -41
-28 31
-150 -57
138 190
68 -148
-9 -157
-189 188
90 199
14 170
-192 169
-178 -182
-106 186
3 -157
159 120
76 53
45 -135
73 31
144 -185
183 133
172 -85
35 53
124 -162
60 76
-94 -15
-138 144
-16 -38
69 -157
112 71
-1 -195
24 -75
-154 -56
116 -129
148 113
66 -195
-113 -53
-172 26
-32 -116
-184 -119
81 196
108 118
-154 175
46 159
54 120
-132 12
144 39
159 128
171 35
-186 -69
-45 193
183 63
-9 187
103 16
24 -125
-186 37
114 -99
90 40
-87 -181
139 -101
-161 176
144 97
-95 131
-175 187
172 -54
-16 110
103 -123
-42 54
-39 -114
66 -121
-84 132
-141 -76
-171 24
-54 -115
-83 -85
117 78
42 -184
-93 123
-85 14
189 108
-46 82
91 -55
55 -88
-171 -78
54 -152
-194 19
-93 95
-73 -8
76 160
74 81
73 -98
-105 -122
-187 57
-120 -167
11 90
23 156
-101 -34
-159 148
-180 -119
-139 -91
-64 -125
51 -150
-39 -153
-148 -59
-85 93
55 -82
20 -9
70 -200
-41 76
49 -84
-1 189
-45 97
156 14
-132 141
-18 -81
-56 51
91 12
145 -189
-51 -137
-42 164
31 -59
176 90
-98 194
56 -133
100 7
-10 88
152 134
-112 81
88 141
196 -101
-21 115
-123 -179
-2 -147
33 -33
194 14
-167 -175
-21 -53
7 1
48 192
-126 -164
-84 -39
196 -122
181 -67
-122 -30
63 -141
-111 -118
-42 82
48 24
160 -149
-89 107
38 45
31 111
156 120
-133 18
51 51
-100 0
-20 158
51 35
-77 -141
-89 140
-59 155
38 16
80 52
173 -200
98 31
-131 -88
119 -13
171 29
75 122
-1 49
-151 184
-127 -100
36 146
-96 3
-112 49
148 135
-166 -22
-187 33
43 157
72 177
-169 -123
105 53
-117 -101
-2 -105
76 131
-15 -61
-19 -150
-166 -174
-55 12
-199 -177
77 59
30 -47
-182 107
146 177
-172 45
79 -83
-114 -145
181 164
143 -189
109 -197
126 -187
-84 -24
-162 89
-24 100
-143 -159
-189 30
-137 -142
10 -118
-142 6
-115 198
151 92
174 -178
-114 57
62 -169
-187 140
124 -23
28 59
-199 -45
-40 -121
148 -163
103 91
-115 -33
176 -31
-124 99
-155 106
18 136
-96 17
-12 -154
131 158
-170 -159
96 -142
-200 11
85 59
197 -199
23 -17
114 -122
-142 -13
133 -9
-72 132
-89 -67
185 -122
9 161
-179 65
96 -114
-133 -176
-42 116
-194 -65
-119 146
-196 -186
-150 12
-81 197
-99 89
102 5
-165 -102
-20 -169
20 51
134 -170
77 -129
108 7
171 86
45 -90
-144 173
-57 105
115 69
141 -115
79 -151
-9 40
62 -127
-111 -162
1 28
39 -177
123 -116
-118 192
63 -120
3 -134
-29 -78
-71 -47
-92 -140
68 -163
85 22
-193 -180
22 89
-63 136
73 153
-94 -51
19 -92
-16 195
-21 -181
-102 136
55 118
-53 -6
171 -26
91 -70
47 -134
134 50
81 142
-176 -62
-96 -156
-46 -174
-182 62
181 -99
-192 -13
155 -3
-162 189
-1 117
67 -126
124 -86
143 191
59 179
57 -153
-30 -115
-66 -178
102 133
186 54
64 126
154 -146
120 -161
200 -138
-118 180
-198 137
146 181
-195 72
121 -62
193 -71
165 157
-31 -93
-127 89
127 -148
-52 139
-82 -19
-14 0
94 -126
-81 168
43 79
-42 20
150 -116
-88 -52
-63 -90
52 -110
-67 10
-110 188
-191 40
-72 106
129 -167
-61 -102
121 173
-31 -196
-179 75
25 -92
-186 -93
130 36
119 -114
137 83
-54 -109
157 -131
160 155
74 25
-119 -47
-3 -197
67 162
-181 157
-27 84
-113 -15
-151 117
-60 188
68 -30
22 7
-162 -131
-10 -24
-12 159
-79 -138
-93 -130
173 91
-45 140
91 -127
76 141
-133 -162
126 -153
-183 0
163 -147
-50 -190
-167 157
-29 96
-118 -112
156 -75
165 -74
116 -160
-64 142
-59 -56
38 141
164 14
-196 -120
-194 -58
95 -17
-81 93
-110 110
22 -143
-148 95
92 -45
-117 -146
-38 -46
164 -71
-29 12
-107 -47
-178 -164
-123 -148
200 -7
65 191
-20 18
-16 -42
87 147
152 106
-193 -172
188 71
43 -19
116 -56
-198 -96
-85 -178
152 63
-14 41
-107 -35
43 159
-146 154
-134 180
-198 106
101 -35
130 157
-104 82
52 -73
-115 73
121 136
-128 186
-187 -25
-197 -165
62 -27
-181 155
122 147
-155 -22
183 -110
10 172
3 -126
-199 106
164 -11
-67 162
-106 9
-121 -31
74 36
19 42
-80 175
-11 -182
160 -122
-182 -149
-153 24
18 52
-19 27
146 -85
-192 17
97 -200
88 -9
-123 128
-150 67
23 131
-186 82
99 -1
168 178
4 130
-49 88
-14 -27
5 82
-28 -188
-180 140
-92 -12
55 -174
-92 78
34 75
7 114
-3 111
200 59
-174 4
-16 83
-179 -92
25 -21
-161 198
-147 122
-167 -96
34 105
-123 29
-26 -160
-132 140
-199 101
26 130
-83 126
-173 -169
87 -17
61 -76
114 -82
-147 -119
197 162
33 116
45 -111
-167 124
-94 160
41 -103
-57 99
191 146
-65 44
-155 84
82 -4
14 -102
116 167
32 -164
43 -62
125 133
172 -168
-111 0
-114 130
-37 -85
71 -57
57 39
154 -162
-50 -113
-31 -172
-140 58
-175 -175
-18 -174
-25 -98
42 -94
180 -121
-130 11
31 -34
47 -170
191 -115
144 10
64 190
-58 153
180 -75
-83 67
-167 98
-65 -184
-99 -141
0 -168
-108 -67
-122 -174
61 -31
-39 137
12 102
-50 90
115 81
-35 -143
137 9
-114 145
2 163
188 96
-142 -35
148 -145
155 158
89 -147
-158 47
113 131
186 -154
-119 195
22 170
-169 46
-173 -8
186 55
50 148
-200 105
-47 -75
-143 -49
-15 104
1 -16
76 -142
110 -161
-46 -163
84 189
-83 101
-137 28
-88 72
-117 -167
-137 -27
19 70
21 -21
189 -31
161 -26
-72 -197
48 -177
133 -129
97 67
186 -99
-70 -74
148 159
-135 53
-126 197
166 -124
173 57
-146 88
3 98
-2 -134
-50 186
-73 -68
-132 -86
197 -123
-184 32
158 104
-106 52
75 -177
9 20
-132 -73
-61 -19
185 121
-66 94
110 -148
-176 159
-62 29
-88 69
87 193
165 87
199 166
-97 75
17 -158
184 7
127 64
-63 -49
-88 143
-68 -105
181 -53
-151 -151
161 -38
-181 199
9 178
25 171
19 197
121 -4
-198 143
-3 -89
188 -70
-111 -190
-108 125
71 -78
-139 -142
-5 -33
91 -133
-45 -110
-96 -165
-196 -117
136 -156
-5 85
-93 -197
-34 -169
195 -31
8 -87
-15 17
-109 -175
193 -185
-63 -129
162 76
-181 173
178 140
11 -159
175 138
-158 90
72 -170
14 30
-186 -175
151 127
-118 53
-25 -19
-14 139
-146 192
-128 -196
66 -145
-128 -134
-129 106
-173 14
-177 -138
-56 114
143 -26
-100 -167
70 -152
-24 -166
5 30
143 -164
-22 -41
79 15
-13 -22
-4 171
179 -188
-54 -163
118 51
-64 -199
-177 139
-75 44
-75 105
-157 0
-131 -136
131 155
-133 -86
74 -66
199 61
172 22
-10 -41
36 -91
-3 100
-10 15
-75 -9
33 24
32 -45
-114 75
106 -19
17 133
172 115
180 162
173 183
194 2
97 119
-23 -170
-113 -79
-98 -57
-177 -82
173 11
-64 -188
-36 124
131 141
-171 95
88 -118
-178 -194
-41 97
97 94
157 -186
-13 -195
109 151
-196 36
96 -46
-123 -2
-48 -103
59 -7
-65 -52
139 -1
42 5
118 20
6 -95
92 24
131 74
74 167
-81 61
-71 171
-75 -27
4 -47
10 122
116 -29
161 -47
-124 159
-122 183
194 -1
-32 -62
-36 152
-138 176
-15 -85
-165 132
85 130
-130 177
195 69
87 -36
-170 -160
-129 91
-114 67
-89 -139
88 158
-177 94
166 -166
127 -75
122 101
118 32
-44 -92
75 151
-15 -122
-181 -18
102 -30
44 -153
179 -42
-27 -12
2 153
-53 112
-20 -25
-111 -153
95 108
-38 181
-23 155
10 -160
95 152
15 -150
193 57
-39 123
-157 102
52 123
-103 42
163 -159
130 -30
143 -95
-105 132
96 -79
-72 -5
-63 157
72 42
-47 32
146 10
132 -183
84 33
-78 132
159 -97
-1 154
28 -51
-25 -138
-76 -25
190 -34
22 -22
-37 -167
-44 114
-154 -117
-159 -150
92 -35
-13 -106
-163 -98
11 -167
64 63
-126 107
-23 123
89 123
37 148
4 -23
-77 -122
-55 -107
184 -3
-140 103
81 -87
-92 141
152 79
186 47
71 -31
153 -170
103 -94
-21 -140
158 121
19 187
-108 -162
148 -130
98 131
-59 -2
195 -23
178 -27
-2 131
-148 2
182 19
105 -63
-192 -17
-33 70
47 -154
-114 129
136 163
-72 -196
45 -150
187 -81
136 12
53 166
-136 88
-73 -13
118 100
24 -53
130 -133
61 -119
140 -49
109 -171
-102 45
-163 -196
-131 35
-139 -124
83 156
24 170
-32 -144
119 -16
-24 -80
-35 134
198 30
-46 -103
-26 -146
-30 192
-54 110
75 48
-12 66
10 81
16 45
-169 159
-70 31
-55 22
-118 34
-26 56
190 -107
53 -169
190 -163
-156 -186
180 112
103 -38
2 -35
17 29
70 140
-32 -153
-153 -155
48 23
-195 -2
-159 2
-200 -2
78 22
-36 -23
-28 -46
-190 43
9 80
-176 -181
86 -100
-67 -146
49 -130
51 -169
-62 -184
-16 -188
133 28
118 185
4 -57
-194 -60
-145 11
-140 149
6 -109
-117 196
64 161
187 52
97 -6
-70 148
149 -39
0 -121
126 -181
-51 84
-26 -27
95 -175
59 91
190 109
-103 -85
-96 182
-79 28
-182 -51
-157 -49
27 -175
14 -156
51 -51
-157 -115
-164 12
-21 -63
116 -87
-159 -196
-132 136
22 -184
-111 -39
-40 -74
190 -81
-73 -161
-43 182
-83 9
0 -45
-101 11
-29 -112
193 43
-187 -54
-181 -159
-48 8
85 -184
-4 -156
-185 88
157 103
-54 156
92 10
138 97
73 -20
-153 -176
-26 -126
-170 121
-87 65
-109 -72
63 -14
90 167
102 158
127 -114
-58 123
102 157
172 89
-59 42
-30 101
138 79
46 47
158 -175
-172 161
67 -65
125 -75
170 -40
-81 76
-49 73
-103 -199
68 -52
46 184
4 -118
67 -135
-179 104
-187 -98
65 64
83 -81
-111 110
186 191
-15 196
83 171
4 -68
170 -76
187 -134
98 -120
42 -13
-112 -76
-145 -34
90 -6
-149 -48
-35 -88
22 102
103 12
121 -131
-128 1
-48 104
58 -84
-86 -29
-13 61
106 188
-40 51
-22 -50
69 150
-106 68
-72 -186
12 129
52 172
-60 143
-3 -76
44 -139
168 -186
-95 -165
-39 76
196 178
74 160
-200 36
-25 -133
110 17
106 28
199 -141
-152 36
-43 56
88 126
-21 -146
-27 194
-77 89
15 38
-124 -105
64 53
45 -93
200 -69
-14 79
-160 -31
40 13
-5 -50
18 -20
-176 149
-79 110
51 -97
-164 105
109 122
-115 140
145 90
193 -29
-143 -43
98 13
-114 200
52 -21
120 -119
-83 -71
-53 -14
-125 -47
-129 40
70 -159
144 145
-37 -9
161 -96
8 -155
-95 12
-86 -54
10 197
-181 70
-5 51
-162 45
-153 92
31 -68
68 -127
-62 22
-82 22
79 -66
137 -65
-54 -13
115 -127
1 -81
-162 -135
169 115
134 -174
-71 8
70 169
-120 1
-150 -34
167 -43
-43 185
-97 -32
-38 -162
-162 27
176 -131
80 -96
15 170
167 -161
64 154
101 21
-95 -28
38 67
52 -119
149 -100
-95 -141
-166 14
-58 75
10 -124
-13 133
12 -144
112 -18
-188 153
-63 -18
-98 -86
110 -197
174 153
-67 147
148 -149
-32 182
179 -184
-118 160
-133 -27
-23 -102
32 -199
182 95
62 -114
189 77
198 180
4 127
-39 0
-159 133
-186 178
-85 47
-67 195
37 20
-20 -53
-1 4
108 -3
-164 45
170 55
-70 75
181 133
115 50
-28 162
40 -181
-25 -154
-185 57
106 124
118 -58
166 184
-107 169
-105 196
-176 82
-87 97
38 5
70 126
132 85
-66 -183
-67 3
-154 -83
129 -77
-188 -165
-197 -198
39 127
37 -97
72 40
71 -101
51 -70
-72 -141
-149 68
-160 -196
-36 160
189 -153
99 -31
163 13
79 57
-147 95
-46 153
60 7
-191 -78
-155 64
-103 64
48 -97
-27 -157
-69 166
112 -112
12 186
68 4
120 -93
17 -192
-13 33
-173 184
37 86
53 -198
-37 -96
145 164
-116 -10
-147 111
-159 179
-150 -108
15 -14
-189 181
-121 -54
2 64
-19 -3
15 -63
-128 -161
-1 -130
-74 13
-169 -116
87 -87
175 200
-3 69
-77 52
-5 181
-43 -122
-50 7
-189 116
-22 175
-79 -195
-80 -95
82 45
52 64
-108 31
169 -22
-29 -26
29 48
-127 -69
132 180
120 -134
-86 -152
175 54
-34 186
-155 -188
-100 -155
-35 -21
196 66
157 -7
-15 -126
126 142
68 45
58 -50
95 -134
18 -106
99 -109
184 -24
119 -36
183 58
-48 170
18 86
-177 -174
111 -74
-67 180
-110 123
-120 35
71 -184
-161 42
61 127
-113 -88
-142 151
-171 150
-175 40
14 147
21 111
-87 119
80 49
90 -124
-134 150
79 117
58 79
-153 -6
172 -112
-38 177
88 -58
30 -5
114 150
-83 -172
166 46
28 127
70 36
74 -67
-131 78
-24 136
180 -3
-28 -47
-186 -19
139 29
-158 66
147 189
122 86
-105 198
-34 -199
-46 102
52 -103
-65 -47
-56 -31
128 104
-64 161
29 -33
-17 67
37 -3
-169 112
-6 92
-69 -132
-118 37
125 -55
91 155
171 128
-150 55
-115 -106
70 -107
197 22
164 -27
-89 80
-200 -5
-133 173
-57 54
154 -30
77 -67
-193 197
-197 -194
-41 -156
-69 77
-153 15
-179 -193
-165 -28
-189 28
-177 175
-80 55
-159 129
-174 -86
-155 -179
14 -47
191 -61
130 -77
48 173
-23 132
105 -110
-192 -128
27 151
51 -47
148 54
77 -189
-170 114
-68 -114
-170 83
-149 -30
100 -27
-21 12
62 23
-168 -113
38 -171
-3 -30
-52 90
-93 -187
-149 47
-63 -179
77 8
51 -119
154 108
-148 -16
75 -46
-75 -97
163 43
-99 127
-42 -14
134 -7
-122 -195
163 181
165 -140
-136 11
140 -46
-170 -136
9 154
128 -85
173 -50
9 -200
-91 -59
-26 -5
-58 -4
15 193
-112 -111
-6 -73
60 43
-77 92
-100 158
195 197
-68 -125
148 80
67 -38
-29 -150
17 -63
-65 -8
65 35
21 -1
138 1
110 41
87 178
44 142
-171 79
-183 -159
48 -147
77 -27
-40 83
-49 -46
-47 -9
162 -42
187 72
-67 50
84 95
197 163
-60 124
-94 91
161 -62
-27 86
-187 54
-89 -16
-54 27
-44 -144
-44 -34
194 194
-96 -124
141 93
12 -24
-200 47
79 -76
77 170
177 -134
-58 -79
-74 -163
-118 -29
162 23
-38 84
171 149
111 52
-28 19
-47 96
39 93
-90 -195
80 76
38 -106
5 118
-175 -133
66 -46
-63 10
175 -108
-152 18
-162 -182
192 139
-11 24
28 -14
-166 -189
-101 28
-93 200
-144 121
-181 -143
184 88
-76 162
-113 -106
-146 153
-83 -128
-75 10
-142 28
188 12
15 159
195 4
-83 -88
41 -192
-174 165
172 42
-8 157
-128 26
-52 -66
-1 -160
-140 48
-81 138
153 173
126 87
125 -149
154 59
200 81
-188 -49
-59 80
-171 -75
60 186
-106 66
-100 162
-142 37
-37 -40
-16 -122
177 131
189 -52
3 67
-191 74
-102 -63
25 -189
112 33
-26 102
-156 -115
160 -143
136 183
71 -89
90 20
-80 -34
-162 -96
-25 -171
-116 -28
134 -56
111 -178
-27 -30
-70 -80
161 96
-97 65
84 196
-83 -77
81 -136
198 14
69 -184
-169 177
84 91
-32 -146
-157 -200
102 -70
57 -120
79 -20
144 120
-176 -23
75 19
128 199
190 -72
78 -152
145 165
48 -20
-84 186
-7 55
-21 67
91 -174
-82 82
42 -156
-130 121
42 197
-49 -192
188 -95
82 -139
10 199
160 62
130 -199
-65 92
-39 -25
107 155
-194 122
-115 -143
-194 159
-1 5
-28 131
141 -40
14 69
59 157
-86 112
-81 149
154 -126
-46 -9
-182 129
-142 116
-6 -165
-192 159
-11 119
93 -71
-27 -136
107 47
62 -15
84 127
-123 187
42 -85
92 165
-136 188
112 62
-54 95
-174 -25
86 -79
53 -155
45 -139
195 196
138 56
-11 152
12 27
-9 195
151 -60
-71 85
-23 122
22 8
-64 3
-177 165
-148 136
-22 125
-153 -21
9 -167
147 -59
62 166
-129 -179
68 -107
-70 9
9 149
31 -71
-126 33
-162 94
5 -19
-108 -155
-122 4
-23 -89
18 82
-125 152
41 -73
-78 -47
-113 40
186 -124
-114 121
-98 -72
150 -69
192 -179
-87 -36
111 129
-67 43
78 -6
5 109
-69 61
-129 193
-131 176
-186 162
67 160
-86 -75
99 -174
164 44
160 -83
-63 -22
-112 24
-30 -187
89 -67
-126 -158
-174 -95
-28 155
102 -156
-23 -152
-138 49
-165 -119
-71 89
99 -111
-23 191
77 -75
-166 154
-57 -127
-12 175
68 156
93 143
-136 3
30 -148
16 57
-45 -37
183 110
-70 66
104 -99
-192 -180
21 -59
-115 105
151 73
41 117
120 -172
-106 113
-189 3
130 149
111 88
-35 44
62 -137
-184 -185
-109 -136
157 25
116 158
107 184
-72 75
-136 134
-64 145
-170 177
-97 167
-5 -131
119 35
187 22
124 75
167 -179
-49 -198
196 193
33 -190
60 197
-183 184
95 73
-14 -71
-118 194
