250 250
0 499999999 500000000 0 499999997 499999998 0 499999995 499999996 0 499999993 499999994 0 499999991 499999992 0 499999989 499999990 0 499999987 499999988 0 499999985 499999986 0 499999983 499999984 0 499999981 499999982 0 499999979 499999980 0 499999977 499999978 0 499999975 499999976 0 499999973 499999974 0 499999971 499999972 0 499999969 499999970 0 499999967 499999968 0 499999965 499999966 0 499999963 499999964 0 499999961 499999962 0 499999959 499999960 0 499999957 499999958 0 499999955 499999956 0 499999953 499999954 0 499999951 499999952 0 499999949 499999950 0 499999947 499999948 0 499999945 499999946 0 499999943 499999944 0 499999941 499999942 0 499999939 499999940 0 499999937 499999938 0 499999935 499999936 0 499999933 499999934 0 499999931 499999932 0 499999929 499999930 0 499999927 499999928 0 499999925 499999926 0 499999923 499999924 0 499999921 499999922 0 499999919 499999920 0 499999917 499999918 0 499999915 499999916 0 499999913 499999914 0 499999911 499999912 0 499999909 499999910 0 499999907 499999908 0 499999905 499999906 0 499999903 499999904 0 499999901 499999902 0 499999899 499999900 0 499999897 499999898 0 499999895 499999896 0 499999893 499999894 0 499999891 499999892 0 499999889 499999890 0 499999887 499999888 0 499999885 499999886 0 499999883 499999884 0 499999881 499999882 0 499999879 499999880 0 499999877 499999878 0 499999875 499999876 0 499999873 499999874 0 499999871 499999872 0 499999869 499999870 0 499999867 499999868 0 499999865 499999866 0 499999863 499999864 0 499999861 499999862 0 499999859 499999860 0 499999857 499999858 0 499999855 499999856 0 499999853 499999854 0 499999851 499999852 0 499999849 499999850 0 499999847 499999848 0 499999845 499999846 0 499999843 499999844 0 499999841 499999842 0 499999839 499999840 0 499999837 499999838 0 499999835 499999836 0
499999999 1
0 2
499999997 1
0 2
499999995 1
0 2
499999993 1
0 2
499999991 1
0 2
499999989 1
0 2
499999987 1
0 2
499999985 1
0 2
499999983 1
0 2
499999981 1
0 2
499999979 1
0 2
499999977 1
0 2
499999975 1
0 2
499999973 1
0 2
499999971 1
0 2
499999969 1
0 2
499999967 1
0 2
499999965 1
0 2
499999963 1
0 2
499999961 1
0 2
499999959 1
0 2
499999957 1
0 2
499999955 1
0 2
499999953 1
0 2
499999951 1
0 2
499999949 1
0 2
499999947 1
0 2
499999945 1
0 2
499999943 1
0 2
499999941 1
0 2
499999939 1
0 2
499999937 1
0 2
499999935 1
0 2
499999933 1
0 2
499999931 1
0 2
499999929 1
0 2
499999927 1
0 2
499999925 1
0 2
499999923 1
0 2
499999921 1
0 2
499999919 1
0 2
499999917 1
0 2
499999915 1
0 2
499999913 1
0 2
499999911 1
0 2
499999909 1
0 2
499999907 1
0 2
499999905 1
0 2
499999903 1
0 2
499999901 1
0 2
499999899 1
0 2
499999897 1
0 2
499999895 1
0 2
499999893 1
0 2
499999891 1
0 2
499999889 1
0 2
499999887 1
0 2
499999885 1
0 2
499999883 1
0 2
499999881 1
0 2
499999879 1
0 2
499999877 1
0 2
499999875 1
0 2
499999873 1
0 2
499999871 1
0 2
499999869 1
0 2
499999867 1
0 2
499999865 1
0 2
499999863 1
0 2
499999861 1
0 2
499999859 1
0 2
499999857 1
0 2
499999855 1
0 2
499999853 1
0 2
499999851 1
0 2
499999849 1
0 2
499999847 1
0 2
499999845 1
0 2
499999843 1
0 2
499999841 1
0 2
499999839 1
0 2
499999837 1
0 2
499999835 1
0 2
846930887 133
714636916 27
424238336 43
649760493 136
189641422 149
350490028 112
102520060 190
967513927 13
540383427 40
303455737 172
521595369 211
726956430 67
861021531 32
233665124 112
468703136 67
801979803 179
635723059 22
125898168 69
89018457 143
656478043 11
653377374 229
914544920 171
756898538 34
973594325 198
38664371 65
184803527 163
424268981 91
749241874 206
42999171 112
135497282 246
84420926 55
827336328 84
159126506 86
632621730 96
433925858 63
84353896 124
1100546 82
548233368 64
585990365 184
760313751 43
356426809 87
889947179 26
709393585 38
918502652 153
474612400 4
264095061 182
843993369 176
984210013 239
749698587 226
956297540 94
463480571 45
975960379 184
892066602 217
927612903 97
603570493 67
660260757 152
485560281 51
593209442 36
894429690 115
947346620 194
270744730 190
633108118 31
7905772 97
822890676 231
791698928 209
498777857 67
524872354 247
572276966 86
703964684 56
600028625 219
40332872 28
120048830 232
515530020 3
573363369 20
77486716 208
631518150 90
289700724 46
168002246 118
439493452 96
760243556 171
622597489 129
338888229 14
438792351 91
269441501 193
