250 250
0 64 10 28 184 78 122 137 234 117 171 77 164 26 183 97 24 195 13 247 19 7 243 103 60 170 100 72 65 190 17 218 235 49 129 187 205 87 198 108 91 228 241 106 236 58 63 96 155 62 134 160 182 73 223 12 105 53 50 15 192 57 74 139 202 11 101 142 51 211 179 169 90 149 86 114 45 42 107 180 213 240 159 148 244 219 110 79 141 93 172 186 56 154 46 167 14 16 21 31 194 147 116 5 59 125 204 157 70 161 84 80 81 39 104 22 8 9 95 146 156 38 121 68 99 43 119 232 144 23 226 212 69 102 158 37 66 128 143 36 217 76 112 214 20 2 35 197 92 113 174 199 29 206 166 32 163 229 94 135 165 30 173 55 131 82 162 83 185 201 175 189 85 191 136 222 132 181 145 88 133 150 47 177 140 48 196 237 138 6 220 245 40 118 109 246 120 193 54 27 67 238 115 225 242 41 4 207 18 176 215 130 71 233 126 89 221 44 224 216 61 152 52 1 209 34 111 231 33 25 203 188 3 230 153 127 178 168 248 124 227 75 123 210 239 200 98 208 151 0
2 1
14 1
73 2
13 1
4 3
59 1
41 2
58 7
67 2
27 4
3 1
27 3
58 4
27 15
52 11
54 14
52 7
29 14
61 11
17 5
65 14
26 6
65 14
69 2
7 5
64 2
53 9
72 4
45 7
51 12
41 12
59 11
37 6
47 12
13 11
42 7
61 1
51 2
36 13
57 8
68 8
24 4
20 6
63 4
49 3
4 5
71 14
22 9
24 14
46 4
48 6
16 12
19 2
30 5
31 8
68 4
41 3
82 13
32 14
19 10
65 4
48 8
77 6
29 1
65 6
133 1
127 7
52 6
6 8
51 6
62 8
64 12
86 11
99 4
21 7
31 5
26 9
105 2
132 14
15 13
102 2
78 12
7 14
117 11
41 14
14 7
19 14
112 10
14 5
104 9
117 13
117 8
45 5
128 10
117 4
45 19
63 13
121 6
8 8
28 7
53 12
2 13
117 12
122 7
98 2
71 1
44 1
111 5
63 5
92 18
123 14
126 10
125 18
63 8
65 1
1 18
1 1
26 4
125 19
127 2
127 18
127 16
4 8
125 11
38 13
55 11
55 10
77 6
121 4
82 5
46 7
28 4
71 1
120 16
7 9
91 11
99 17
15 17
36 17
129 8
14 2
89 17
80 2
127 16
84 6
69 6
87 10
93 10
85 18
122 10
127 8
96 16
117 17
127 2
40 6
26 2
131 22
73 6
48 11
69 9
59 7
116 15
70 13
102 12
130 11
105 13
83 10
121 6
16 19
73 2
118 21
18 9
66 5
85 2
120 20
75 14
85 21
44 21
100 6
32 11
60 6
54 10
38 4
80 11
34 21
86 17
53 1
126 10
132 14
65 19
72 12
32 19
98 10
116 14
110 15
53 16
52 7
83 4
68 13
128 19
108 12
71 9
11 9
125 20
93 20
28 5
121 17
129 10
26 18
35 5
61 14
84 10
113 21
78 30
34 9
114 21
70 1
124 24
10 11
35 22
68 22
1 3
60 19
121 20
57 6
122 23
62 1
67 14
16 22
112 8
70 19
93 9
85 13
45 19
113 25
31 26
79 23
123 17
106 10
86 19
45 14
25 17
90 29
42 12
36 26
57 7
112 16
53 5
16 23
250 249
