250 250
0 89 150 94 167 92 243 29 209 71 148 69 25 54 34 43 99 140 68 200 160 5 98 28 145 194 146 231 72 235 246 151 166 101 56 121 53 40 161 110 211 173 219 201 77 234 70 13 19 35 103 133 30 242 122 126 79 245 168 3 228 100 8 86 143 10 76 239 48 7 15 218 180 18 125 206 32 207 21 128 67 26 127 119 216 111 109 189 183 107 193 175 24 185 105 176 4 45 33 141 156 131 198 134 191 223 84 248 123 57 58 64 116 78 157 132 38 135 147 144 174 226 230 177 27 149 22 106 195 233 17 12 130 136 188 47 74 225 20 2 236 75 138 73 44 152 213 93 137 153 90 202 1 247 199 203 62 240 82 181 104 196 87 108 41 217 238 63 6 165 80 37 65 229 170 169 81 85 51 178 9 237 83 61 49 124 221 164 214 114 117 224 36 129 52 192 11 139 241 91 97 50 60 204 31 46 227 118 190 113 154 88 215 171 197 142 244 42 208 112 186 159 59 172 210 120 232 212 155 222 39 163 162 158 55 16 205 66 220 95 115 182 14 179 102 96 187 184 23 0
16 2
37 6
2 5
30 4
2 1
24 4
1 1
35 5
7 12
17 1
4 8
14 2
26 2
12 5
22 5
4 6
64 3
35 1
37 10
34 7
36 10
26 8
30 3
59 2
57 3
44 8
18 3
12 2
11 4
2 5
59 9
33 11
43 9
22 4
51 5
16 7
49 2
50 2
18 1
39 8
5 2
8 4
10 5
23 30
13 10
42 17
33 20
40 9
52 12
49 3
1 16
99 27
3 5
63 19
46 3
33 6
48 18
75 1
42 27
63 28
45 17
86 18
33 27
92 24
97 19
52 5
96 12
33 10
15 16
91 7
14 27
63 24
51 18
39 7
50 5
98 23
56 19
89 14
24 18
29 5
79 2
31 23
43 4
29 4
21 21
98 28
20 7
75 25
2 3
75 18
141 10
44 17
20 16
38 6
49 16
11 16
101 2
10 2
20 19
96 7
16 15
104 9
83 25
90 6
23 2
136 11
61 2
54 10
65 19
99 17
127 6
99 12
98 11
22 29
75 29
11 15
59 8
127 21
60 18
37 23
124 23
97 14
116 15
115 12
48 16
98 26
40 17
103 19
18 22
9 25
72 4
97 12
75 27
117 11
91 19
32 7
55 18
61 25
103 21
116 29
8 20
99 25
82 21
23 11
34 15
71 16
64 24
5 16
86 21
22 7
111 26
54 23
12 28
63 14
105 20
110 16
128 14
37 2
36 17
21 7
58 8
25 14
22 4
21 24
133 14
10 20
34 13
20 12
23 8
95 18
70 8
81 12
20 26
30 6
138 16
69 10
125 1
30 13
83 20
103 26
41 19
11 19
103 4
9 9
64 1
9 11
142 25
109 22
114 21
68 26
71 29
30 11
96 21
67 9
82 29
1 14
106 4
50 24
111 12
105 1
134 5
20 9
79 8
18 2
56 21
160 16
85 21
35 12
49 28
104 26
117 15
146 23
55 28
56 22
130 21
48 24
32 6
129 23
153 12
130 6
35 5
71 23
77 28
100 24
100 5
150 28
46 20
5 19
17 26
83 5
153 19
72 17
70 26
157 20
31 25
104 22
156 9
83 13
155 3
55 29
147 17
32 14
41 23
145 20
70 12
122 18
97 5
89 4
126 8
250 249
