250 250
0 194 237 100 214 240 22 79 198 173 248 167 201 139 205 189 178 134 136 121 150 6 209 94 171 158 160 133 191 141 95 28 232 25 127 45 154 117 107 206 31 138 123 184 26 202 85 44 200 144 218 24 220 103 102 223 170 217 91 213 234 4 182 70 93 98 81 210 140 106 166 71 39 92 176 66 177 37 54 175 116 225 151 27 190 233 43 126 152 16 96 62 33 135 143 47 146 51 187 180 110 207 132 156 101 169 192 193 1 245 186 76 115 58 41 63 181 53 50 172 65 128 32 42 52 74 222 38 99 243 113 120 86 67 12 226 145 137 30 108 7 246 34 165 185 163 77 142 11 153 174 161 55 49 104 155 90 238 23 29 80 75 129 73 162 147 20 89 241 224 64 84 168 118 159 5 122 236 183 244 131 208 125 221 61 57 68 229 188 197 8 196 203 216 235 119 10 195 247 227 179 215 211 2 230 36 97 112 3 228 18 69 17 72 148 15 239 59 124 242 83 199 105 21 9 164 35 46 14 157 212 60 231 111 87 219 109 88 78 40 204 82 48 149 19 130 114 56 13 0
4 2
3 2
3 1
1 1
1 1
3 1
5 1
4 1
3 2
1 1
2 1
22 2
20 5
20 2
5 1
23 1
11 3
9 4
7 7
9 1
1 3
12 16
4 3
7 14
8 10
19 2
6 8
19 13
16 13
12 6
9 12
40 2
29 12
16 14
34 10
26 3
26 11
15 11
28 15
22 9
33 6
16 16
35 12
26 5
1 8
32 13
82 2
35 5
37 11
80 11
13 13
72 9
72 5
10 10
32 9
66 4
79 3
1 20
31 4
25 2
52 16
39 3
39 4
51 8
37 2
9 14
30 1
29 2
1 15
11 18
35 16
60 17
77 19
71 16
64 19
40 2
22 9
72 18
31 4
53 17
79 9
15 15
28 17
57 6
54 1
39 17
29 8
26 15
51 14
10 11
29 6
30 2
72 11
34 10
44 14
66 6
81 18
36 6
39 4
7 2
32 5
76 13
48 12
38 12
77 59
24 7
59 6
70 39
46 48
85 1
49 52
72 46
9 20
73 57
36 28
83 11
77 50
46 23
42 37
72 35
69 31
9 11
47 17
27 2
34 23
58 35
5 14
8 37
57 42
75 4
58 49
52 25
57 19
54 6
50 19
4 36
14 19
37 18
27 40
30 34
57 39
33 9
72 50
126 2
26 45
7 51
14 11
74 49
5 3
21 6
111 50
49 39
24 47
122 35
11 38
59 16
19 7
65 30
10 50
65 28
13 4
71 32
25 8
101 52
90 34
109 12
52 29
78 32
114 47
19 13
100 22
23 7
124 55
2 57
46 38
33 5
14 9
39 42
54 29
63 54
18 39
50 31
42 11
51 18
66 58
86 46
16 38
53 8
45 23
22 24
48 12
36 27
94 6
118 38
117 32
81 58
19 12
103 32
101 23
38 23
110 24
25 43
92 33
59 43
86 6
34 52
87 28
42 37
28 37
34 22
31 4
81 15
16 49
57 19
119 57
86 55
55 10
89 48
63 12
110 13
28 13
8 16
39 48
5 2
100 35
27 18
34 47
92 20
22 1
107 30
110 40
49 50
16 26
45 52
26 30
123 7
66 53
50 18
125 44
54 32
99 22
45 53
55 2
112 39
119 48
123 14
47 9
34 58
74 1
250 249
