250 250
0 163 135 124 221 65 38 204 128 165 232 197 87 78 219 206 125 110 193 190 229 225 131 50 1 99 148 63 42 210 146 164 209 192 166 46 191 101 247 91 5 216 184 105 97 141 181 149 45 76 157 222 168 161 114 189 195 88 93 20 119 73 74 118 35 84 213 59 36 186 24 47 200 29 152 8 67 6 49 44 138 19 109 120 16 151 241 212 3 154 243 158 233 90 41 132 150 48 133 235 112 185 23 64 172 12 77 207 121 40 68 177 7 26 140 171 79 34 194 81 52 142 234 147 139 62 129 13 111 39 70 115 4 95 37 137 100 130 51 28 94 134 123 188 239 205 30 174 237 211 240 71 208 15 159 25 176 144 21 72 236 10 17 199 33 11 136 167 57 162 18 218 223 32 55 27 75 113 61 242 14 179 80 226 248 66 217 117 215 104 58 220 231 202 96 53 153 83 196 169 56 43 9 145 187 175 127 224 2 122 203 54 180 98 178 244 228 89 92 31 183 126 85 182 155 160 102 198 86 214 60 143 173 238 246 106 82 170 108 107 245 103 22 116 156 230 227 201 69 0
2 1
3 1
25 1
11 2
6 2
4 1
23 1
16 1
16 1
24 1
12 1
15 1
16 1
1 1
24 1
6 1
13 3
23 1
4 1
12 1
20 1
23 1
8 1
52 1
133 1
5 1
107 1
121 1
68 1
41 1
59 1
5 2
6 2
86 1
104 1
66 1
90 1
19 1
66 13
25 8
43 3
12 1
82 2
7 1
63 4
26 3
132 1
38 4
106 1
1 6
1 10
88 1
1 1
3 1
128 1
20 9
15 3
111 2
31 5
45 11
105 2
62 5
69 1
132 1
48 5
117 1
128 1
101 2
101 1
2 7
125 1
20 5
85 3
90 1
68 2
41 2
110 2
79 3
74 2
74 1
113 1
7 6
34 2
100 2
2 6
33 8
14 1
46 2
107 2
32 7
30 3
67 3
47 2
27 7
94 1
8 6
56 2
4 35
114 1
17 28
51 8
70 12
70 11
28 11
131 1
4 18
104 5
14 5
58 9
78 9
45 7
41 8
25 1
89 9
99 5
31 24
31 11
128 1
127 1
25 4
54 7
62 9
18 4
40 5
139 1
135 1
128 1
7 31
104 7
63 16
54 1
50 1
95 1
69 17
80 14
4 21
1 23
93 11
94 8
73 10
136 1
65 3
73 15
76 7
23 7
103 1
80 11
110 6
107 3
36 13
27 17
84 7
19 12
59 10
114 1
78 6
66 1
79 2
40 14
104 1
94 7
100 5
3 22
111 1
41 7
87 2
66 4
66 3
9 15
82 1
76 5
59 8
16 9
47 15
124 1
52 13
30 5
96 1
126 1
115 4
55 16
26 1
73 1
81 8
28 21
35 23
60 11
16 25
56 19
98 8
19 18
118 1
124 1
42 23
101 1
70 8
4 3
71 2
93 7
55 12
7 78
97 13
39 40
46 48
63 1
96 3
81 29
78 17
35 49
78 1
136 1
126 2
36 7
115 12
80 6
30 47
32 58
91 24
26 43
58 13
24 7
135 1
25 47
101 15
11 19
28 43
109 1
49 16
82 21
48 21
135 1
10 29
99 2
13 26
57 25
120 4
102 20
21 13
51 18
91 21
37 11
41 26
52 12
96 18
79 13
40 44
65 2
138 1
3 14
250 249
