250 250
0 173 27 180 72 214 137 155 33 36 172 90 6 41 233 121 118 12 191 145 151 17 182 22 203 126 67 238 63 213 50 220 146 19 227 206 98 117 229 21 40 101 247 135 196 100 205 192 1 96 107 79 78 228 94 231 106 42 153 194 47 152 125 66 92 55 242 123 83 32 28 248 207 190 114 75 138 104 84 244 82 46 174 109 161 134 52 239 197 183 43 56 116 108 204 113 44 8 64 29 148 45 175 59 105 246 187 10 171 217 158 212 241 245 18 74 179 16 237 210 30 139 13 236 129 86 39 62 181 2 23 24 124 85 26 225 60 189 160 87 71 31 232 219 199 48 93 130 76 122 147 4 240 20 170 195 166 209 215 150 120 112 234 168 243 97 154 57 149 208 193 115 133 9 226 230 177 53 77 184 128 198 110 140 188 178 68 70 49 7 165 103 91 143 164 95 119 221 80 169 185 132 201 73 218 202 224 216 111 157 102 14 141 89 136 51 11 211 163 25 15 58 3 159 223 38 88 34 142 54 131 235 69 61 99 186 65 222 35 37 127 81 5 167 162 144 156 200 176 0
32 1
9 1
16 1
8 5
25 4
24 1
23 1
1 3
14 1
24 1
43 1
20 1
25 1
26 1
19 3
15 3
11 9
30 1
29 1
38 1
2 62
41 1
32 12
1 52
37 5
6 4
33 12
33 2
32 1
39 4
23 25
3 28
16 7
19 21
34 6
30 18
15 32
37 6
10 26
27 22
29 17
8 35
29 8
3 3
8 21
32 7
13 24
34 11
41 1
37 1
21 5
7 44
36 2
23 13
7 22
9 41
42 1
28 5
37 4
24 10
11 9
24 26
10 46
1 46
16 2
24 22
32 10
7 33
38 6
32 1
11 1
27 1
40 3
41 1
21 13
13 14
12 33
1 40
18 33
11 21
23 3
11 17
9 22
19 17
30 17
26 2
36 3
37 8
38 2
3 44
80 1
55 17
38 13
24 24
15 34
51 17
19 29
27 17
34 5
60 10
22 27
134 1
126 1
23 19
6 18
1 23
46 40
31 2
54 27
65 13
74 14
132 1
72 15
129 1
121 4
6 8
93 16
28 28
27 36
27 38
79 1
74 18
1 21
29 17
113 5
52 15
18 3
55 11
133 1
106 7
130 1
2 59
38 25
18 39
18 10
33 6
122 1
20 21
68 7
16 20
27 17
132 1
93 10
56 5
105 1
109 1
20 29
9 4
30 28
17 20
109 11
33 9
118 3
116 5
104 4
105 6
7 4
95 2
77 2
43 40
97 16
116 1
2 1
53 15
16 28
2 58
72 14
38 21
122 2
24 20
55 8
113 4
93 7
16 25
9 25
104 13
112 3
76 22
115 1
35 3
92 11
16 13
55 35
110 6
126 3
131 1
61 32
59 32
97 5
88 13
79 22
108 10
107 3
71 9
85 19
46 5
73 12
11 38
51 9
103 2
81 2
100 8
10 19
44 36
27 10
39 38
12 38
121 4
107 5
119 3
29 39
32 13
109 2
71 8
89 19
129 1
99 14
35 21
129 1
109 1
98 16
55 29
11 13
92 19
110 2
65 18
123 4
128 1
19 16
127 1
53 22
103 3
84 11
21 37
117 5
21 40
67 29
117 1
64 30
64 18
131 1
11 22
22 14
118 1
66 26
94 5
66 27
6 57
41 5
250 249
