250 250
0 27 35 122 177 3 101 194 130 50 245 54 96 234 227 168 102 66 230 10 120 97 156 134 110 197 178 11 29 238 240 232 20 124 113 137 112 174 62 60 144 7 239 192 190 12 207 69 72 100 165 5 49 30 222 215 205 90 241 25 107 32 151 138 47 70 164 243 83 242 139 145 163 186 210 44 58 65 140 125 48 184 116 221 68 108 43 61 52 231 8 173 13 150 87 133 2 84 111 26 37 218 9 160 14 64 237 74 158 143 196 115 78 127 82 89 155 18 185 104 198 142 162 235 217 117 244 17 93 91 233 247 224 161 31 39 141 1 67 187 46 123 75 172 225 228 16 189 77 33 119 229 132 208 99 41 128 38 109 169 40 200 171 51 166 4 15 246 223 149 203 170 175 121 199 21 55 56 98 118 157 22 181 148 153 79 213 147 42 211 129 73 23 76 106 114 131 85 195 204 94 191 220 188 152 236 206 34 103 24 105 182 248 95 212 92 214 183 180 136 63 193 202 57 86 176 71 126 154 219 45 6 53 59 209 146 179 167 80 36 216 81 19 135 159 201 28 88 226 0
1 1
3 1
4 1
7 1
6 1
36 1
32 1
34 1
19 1
27 1
38 1
30 1
36 1
22 1
9 1
24 1
3 32
2 23
10 8
14 4
18 12
24 4
17 3
3 8
22 8
34 1
12 15
34 1
25 7
11 8
25 9
19 8
8 7
52 1
46 2
37 2
13 12
36 1
10 18
47 1
20 4
2 24
15 3
26 9
41 6
15 7
39 4
41 1
7 17
2 26
27 1
16 4
67 1
34 8
22 9
22 14
29 1
43 6
11 5
51 4
17 4
16 15
65 1
37 1
12 18
39 12
26 13
38 11
52 5
3 16
52 2
31 14
3 26
67 1
57 1
26 14
55 4
49 5
17 8
42 10
83 1
44 8
15 1
47 7
58 7
33 2
36 11
6 12
47 12
35 6
62 5
69 3
46 7
64 6
65 5
54 8
46 11
70 1
20 28
56 9
79 1
79 1
70 5
23 20
30 10
32 13
23 13
62 12
76 2
23 5
66 5
38 16
56 1
82 1
16 12
29 14
12 26
32 3
26 19
48 8
58 1
69 3
13 13
23 5
21 5
50 7
40 3
22 11
50 10
63 7
22 21
47 1
27 18
81 1
22 2
22 7
64 4
59 3
81 1
77 1
31 8
39 6
68 1
25 15
39 12
28 10
23 22
59 2
1 15
7 8
38 3
35 4
36 11
60 6
54 5
60 6
42 7
69 2
42 6
35 6
1 1
63 4
24 22
55 4
35 10
70 4
54 6
71 4
81 1
23 20
56 1
58 2
46 13
48 8
24 12
15 18
65 5
28 2
74 1
54 8
78 1
52 8
59 4
52 10
10 20
11 26
79 1
16 18
39 3
75 1
75 2
80 1
16 15
73 1
54 8
12 11
59 7
22 22
15 25
19 2
40 15
34 14
65 5
16 24
8 8
34 12
80 1
66 5
48 2
16 6
61 2
65 6
8 9
35 9
44 7
65 5
6 76
42 31
18 19
36 36
47 13
76 1
15 54
45 12
5 62
23 16
20 8
38 26
9 41
42 22
62 9
12 29
61 2
51 11
63 14
38 28
27 25
9 54
44 15
27 49
80 2
21 50
50 8
78 1
12 15
65 6
39 32
11 6
18 39
250 249
