250 250
0 233 56 132 216 205 232 147 112 231 190 202 73 119 128 27 66 153 139 170 172 155 192 193 90 200 110 33 145 213 187 38 136 44 75 14 10 224 135 15 49 9 77 109 154 197 169 30 79 131 210 162 63 11 228 54 113 60 116 7 62 195 243 188 16 141 168 43 59 209 230 96 87 129 125 245 215 70 107 95 37 227 51 48 94 64 40 83 46 138 127 5 174 238 24 39 226 1 123 50 4 76 234 183 159 137 158 173 204 101 167 122 8 151 117 69 23 219 61 237 99 146 45 93 248 157 13 242 102 28 89 185 21 246 17 180 20 244 3 12 126 47 67 165 52 194 100 229 71 105 239 88 177 207 186 118 179 235 29 57 150 81 156 36 189 161 144 214 181 149 176 206 225 221 18 34 65 160 58 84 208 111 55 130 108 191 120 212 72 114 199 140 25 80 82 203 218 97 171 2 78 152 240 142 124 26 133 222 175 91 182 98 92 143 106 217 223 236 6 247 220 163 164 241 104 22 178 198 42 184 201 121 85 32 211 148 166 31 196 103 134 53 86 41 74 68 115 19 35 0
3 1
4 1
14 1
33 1
19 1
11 1
9 3
22 1
5 1
31 1
20 8
17 1
15 1
32 1
2 1
24 1
26 1
28 1
10 1
29 1
18 1
13 3
19 1
11 3
22 5
4 1
31 1
9 4
22 2
110 1
100 1
57 3
101 1
96 1
31 2
36 3
107 1
68 2
22 3
89 1
69 4
59 1
26 5
16 2
75 1
10 2
78 11
12 5
12 1
57 1
65 4
32 8
70 1
30 7
94 1
31 7
51 2
1 3
12 5
98 1
51 2
42 2
69 1
45 1
14 8
46 14
22 8
103 1
41 6
68 4
15 3
48 4
51 5
48 4
109 1
37 1
52 3
88 3
92 1
2 2
13 11
69 2
29 1
26 5
72 1
85 2
2 4
12 11
10 11
2 12
104 1
16 2
85 1
26 6
47 1
30 16
36 2
108 1
4 8
107 1
12 8
53 7
35 8
30 1
45 2
102 1
37 5
69 3
51 2
69 8
94 1
48 1
70 11
71 16
98 3
70 4
21 1
71 3
86 1
106 1
105 1
14 6
63 6
37 3
96 1
50 1
75 1
94 8
46 1
46 5
49 4
27 9
5 3
21 11
51 2
18 10
20 5
44 4
60 5
95 1
37 1
64 5
49 7
121 1
51 7
95 2
85 2
84 1
20 12
2 7
85 3
9 6
2 2
118 1
83 4
116 1
33 13
29 5
101 1
92 1
49 5
34 5
57 1
41 7
107 1
43 8
120 1
110 1
5 10
22 3
84 3
7 11
1 8
11 10
2 5
78 2
41 1
87 2
32 7
74 2
107 1
41 1
77 2
3 21
65 9
14 10
23 8
99 2
62 5
107 2
104 9
41 4
85 2
49 2
44 35
107 3
19 5
116 1
34 23
110 2
39 21
70 1
15 7
107 1
117 1
12 68
104 4
46 9
60 10
113 1
116 2
100 3
109 5
44 30
59 6
98 6
10 15
85 1
97 6
109 6
13 41
52 30
49 4
91 9
65 18
119 1
42 1
14 25
112 1
78 19
38 3
110 5
115 1
72 1
56 4
17 30
84 14
4 56
100 6
109 3
104 1
85 1
59 5
41 44
12 9
19 44
102 5
62 10
7 54
250 249
