10000 10000 10000
1 4195
1 3345
5 2267
7 2976
3 1973
1 756
3 1960
1 4157
5 802
1 14
1 4722
1 4941
2 1261
2 874
1 3113
1 4386
1 1258
2 2677
2 5002
3 324
3 2925
1 5403
2 6000
5 1176
3 2221
1 3847
2 5302
1 4693
1 4837
3 3102
1 2944
1 3540
2 2499
1 816
1 1408
1 1845
4 1338
2 2167
1 6506
1 93
3 294
2 5040
3 1388
1 237
1 779
3 3078
2 1930
1 1451
2 1078
2 4891
5 2145
1 5404
1 3726
6 1956
1 4569
2 5624
1 2224
1 2368
4 3326
2 1379
3 2802
1 5765
5 779
1 5821
1 251
2 3160
1 1617
6 1489
1 3518
1 3281
1 1952
1 3969
1 6284
7 1523
2 3066
5 1018
3 732
2 1017
2 1442
1 2082
1 850
6 1619
6 1433
3 4720
7 2317
3 2607
1 2356
3 1486
3 329
1 81
1 5756
1 481
1 1586
3 1314
1 4726
1 427
4 1567
1 3692
2 5603
1 5065
2 5079
1 2528
1 4932
1 3800
1 1804
1 3595
2 2632
1 827
1 3398
1 552
2 934
1 3002
1 3706
1 4714
1 4151
1 2857
1 2556
2 1925
1 1374
1 3899
2 1334
1 4933
2 3178
2 503
5 2130
1 6528
1 5001
1 6249
2 1611
4 1139
1 3407
3 1071
4 27
1 6468
1 2117
1 5009
1 5796
3 470
1 6146
4 2441
1 3230
3 5107
1 3776
1 6010
2 3743
5 2301
3 2393
1 3238
2 2756
2 3073
4 2227
1 1155
1 774
1 4105
2 3932
2 6359
1 1262
1 2392
3 2613
1 690
1 1716
3 2509
4 3044
1 1569
1 796
1 1324
6 3214
1 2611
1 4733
1 5896
2 5274
1 1711
1 896
1 6515
1 5002
1 5482
2 5121
1 4039
1 4619
3 1161
5 1364
1 641
1 1722
7 3279
1 1492
1 5636
2 3883
1 4188
1 5084
6 475
3 554
1 1378
4 1447
1 3747
2 3257
3 2988
3 2813
4 1647
1 924
1 697
4 2433
2 5117
1 2382
1 765
1 416
6 1121
1 1556
1 3511
1 1460
1 885
1 2555
3 971
1 3167
1 3645
1 2273
1 218
1 577
1 1968
1 132
4 1252
2 3497
8 474
1 3613
4 1642
1 681
9 1201
2 209
4 1028
2 4671
2 1668
2 496
1 2775
6 2380
1 1527
2 4236
1 4181
1 2292
1 4248
1 1721
2 5149
1 4919
5 3306
1 784
2 4239
5 1611
1 2005
1 6290
6 720
1 3681
1 2293
1 3484
1 603
2 6541
1 330
5 4285
1 4729
4 490
1 1109
1 568
3 2622
1 2732
1 1974
2 6305
2 664
1 2087
2 660
1 5778
2 1930
1 4485
1 2323
1 1515
1 1117
1 4609
3 1758
1 2421
3 3238
1 3271
3 1800
2 534
1 4304
1 775
2 1482
2 5218
1 3850
1 1055
6 229
1 5885
2 1958
4 2873
1 302
1 4954
2 1603
1 3064
2 1019
4 1290
1 89
2 2669
1 2179
1 3018
3 491
8 1457
1 2800
4 1069
2 2751
2 4888
1 964
1 3206
5 464
3 3360
4 301
1 2688
4 2723
2 1599
3 4389
1 4793
2 2752
2 2700
1 3304
2 5154
1 5738
1 31
1 3005
5 3156
6 758
1 5423
1 3960
3 3261
3 4744
3 2356
2 1275
1 1670
2 2317
1 3471
5 3387
2 3476
4 2057
3 3053
1 4610
7 2992
3 232
1 3696
1 439
1 5485
1 5394
3 1676
1 3779
1 2156
1 1729
7 260
1 4654
1 677
3 1274
1 3191
2 275
1 6486
1 1849
1 5215
1 2997
1 3271
2 6484
2 5888
3 3625
1 4093
1 5917
1 6019
1 2504
1 3480
2 4363
1 1699
1 2692
4 684
1 1314
3 742
1 3253
1 3813
6 1273
2 3245
5 288
1 3537
2 610
3 545
1 577
1 3055
1 2606
1 2450
5 1852
3 1123
2 793
2 5316
2 1592
1 4463
1 5552
2 1805
1 397
3 336
2 2101
3 3027
2 2581
1 769
1 4370
2 790
1 1997
3 1389
1 3369
2 5129
2 314
1 2891
2 854
1 4840
1 40
1 4901
3 2736
1 6488
1 5362
1 339
3 1663
2 777
2 1009
1 1625
2 6227
2 3562
3 4120
1 2395
1 2330
3 6424
1 6587
1 4499
2 4656
2 402
1 35
1 4724
2 4221
2 3539
2 1739
2 2323
1 1053
2 268
2 3648
1 2567
1 2714
3 4538
3 4772
1 2555
5 2423
3 1083
1 2374
1 1089
2 2651
3 1894
2 5845
1 6479
1 6345
1 5570
1 2484
2 587
1 150
1 1570
1 1995
6 2953
1 5555
1 4358
2 2074
1 5798
6 1157
1 2074
2 188
3 805
2 1132
1 5029
2 184
2 1987
6 1613
2 5945
3 1370
1 1520
1 746
1 5991
2 704
1 4797
2 6241
7 2124
2 2974
1 5808
1 4918
1 2801
4 3283
1 1313
1 5037
3 1808
2 2279
3 1809
2 2475
1 1635
3 3245
2 6484
2 5541
1 3562
1 5789
1 2483
1 3278
7 1978
2 1646
1 3758
1 5081
1 5739
1 3403
1 3177
1 1917
3 1917
1 6233
1 1221
1 1938
4 500
1 1134
2 5540
1 2392
1 515
1 1240
3 1810
1 83
1 785
3 1239
2 4694
1 560
3 2148
1 1367
2 5159
1 4844
3 93
2 3562
1 3493
1 1546
3 3005
2 1068
4 378
1 1096
2 4907
1 195
2 6490
2 1319
2 2054
1 4268
1 335
1 2588
1 5803
1 3122
6 2024
1 3006
1 6384
1 2734
1 4578
5 2677
2 1693
2 5028
5 3049
1 1365
1 4013
4 823
2 995
1 4291
1 461
1 253
1 6270
1 43
2 5865
2 2387
1 5105
1 5075
3 6201
1 1121
1 444
6 437
1 6501
5 20
1 5012
4 3030
1 2517
3 4996
1 6189
2 2706
1 3767
1 3993
3 5360
6 2469
2 3531
2 1020
1 289
1 6360
2 1643
3 1943
1 6370
1 5753
2 1473
6 1587
3 2293
2 2890
2 4050
2 5847
4 2192
1 2497
3 81
1 2533
1 4291
1 3766
1 5213
1 3309
1 1188
1 5835
2 1255
2 6175
2 2425
2 3149
3 31
1 4730
1 1391
1 4342
3 1729
3 3187
1 4030
1 2391
3 3530
2 6529
8 3378
1 2979
2 2278
1 6237
1 629
1 4024
1 4605
1 1928
1 2622
2 402
1 952
5 1559
1 6260
1 112
3 1143
4 255
1 2905
1 1358
1 6414
1 4498
1 5035
1 2753
2 954
1 3076
1 6216
1 436
3 5442
1 2021
2 3213
1 2885
1 2680
2 3891
1 5828
1 1783
5 1534
1 6082
2 5224
1 840
1 3897
1 52
1 121
2 2126
2 4275
1 1043
4 2552
1 767
1 714
2 1662
1 776
1 5230
1 3203
1 5633
2 2768
3 1717
1 276
1 2075
1 6122
1 5441
4 1795
2 5500
1 2265
2 3811
2 812
1 2112
1 2543
1 1371
1 4233
2 3687
1 2689
1 3834
4 528
1 1898
2 927
2 4598
2 85
1 1858
2 1024
1 2687
1 756
1 728
1 942
2 6215
5 965
1 240
1 2961
1 569
1 2480
4 2180
6 906
1 110
2 37
2 720
1 6370
1 361
1 1841
2 2635
3 1921
1 1685
2 1481
1 6029
2 4903
1 6204
1 5472
2 109
1 3414
3 4939
2 2471
4 77
2 3175
3 1204
1 2085
5 1871
1 3461
2 5633
3 1313
3 1917
1 2681
2 3789
4 2797
2 2892
4 2465
6 2457
3 21
1 4688
3 822
2 1001
2 6510
4 1487
6 257
1 58
1 4938
1 4900
4 376
5 2567
1 3909
2 1077
6 1677
1 2738
2 1392
1 6206
1 6068
1 3480
1 6305
1 5561
1 121
3 2078
3 845
1 1551
5 138
1 5660
1 4739
1 3704
2 3800
1 5601
1 2019
5 2557
6 2459
4 2245
1 526
1 6356
2 1194
1 2997
2 5989
5 2962
4 1916
1 1962
1 2030
1 6129
2 2040
1 3157
2 5202
2 925
2 6446
3 335
1 1402
2 2491
1 3356
1 1881
1 1039
2 3228
1 2984
2 2995
2 6136
1 675
1 3883
3 4453
4 619
3 3244
1 3360
2 2943
2 2036
1 4516
2 2634
2 1172
2 3285
1 4990
1 1525
2 1340
1 3096
2 3376
1 6166
2 5318
2 2883
1 1898
1 5120
2 1926
2 4536
4 2253
1 838
1 579
1 1938
4 1150
2 3357
2 3332
1 4618
1 4958
1 587
2 5182
2 3829
1 4737
1 5102
2 1976
1 4011
2 770
1 214
1 4123
1 131
1 2400
2 5718
3 2377
2 991
1 5835
1 70
1 6020
1 6024
4 18
3 3321
1 1051
1 4637
2 4906
2 4651
1 2014
1 3776
2 6394
3 257
2 3943
2 1989
2 3114
1 5509
2 6029
1 3907
6 572
1 4657
1 5952
1 1365
1 2440
2 391
2 1006
1 4505
2 2198
2 579
3 1271
1 1248
1 3981
8 56
2 392
4 4654
1 6043
1 6049
2 1042
1 5342
1 4120
5 300
1 1564
1 4407
1 3676
2 5748
1 1532
1 1109
5 2899
2 6350
1 5732
2 5615
1 2147
1 6185
1 6281
1 2027
2 3722
1 5385
2 4240
1 628
5 3142
5 786
2 542
1 862
3 1689
3 1073
1 1736
2 596
1 2177
1 5840
2 2419
1 1657
1 3334
1 1759
1 2552
1 4765
1 1017
1 5116
1 3844
1 6047
2 682
2 1904
1 3134
1 188
1 3346
2 1888
4 179
10 840
3 195
3 2745
7 2547
5 2708
2 6518
5 1715
1 50
3 4751
1 4493
7 2822
2 5492
1 2625
1 1048
1 2341
1 3563
1 2377
2 1380
1 1380
1 1977
1 2046
6 57
2 4134
1 4726
2 3312
1 3942
6 2696
6 2391
1 4750
1 165
2 5853
5 2374
2 3698
1 1046
2 2750
3 2382
2 4612
2 5749
1 2563
1 3615
3 278
1 2320
3 1309
4 1898
3 77
1 4334
1 684
2 4444
1 1226
4 2924
5 286
1 484
1 1332
1 4157
1 5538
2 1227
1 1599
1 317
2 1590
2 2918
1 5015
1 6107
6 854
2 4006
2 3162
2 17
1 5414
2 4016
1 2463
4 1192
1 2510
1 3366
2 5512
2 770
3 3959
1 386
1 5234
2 993
1 719
1 4354
3 1716
1 5163
1 2169
2 4550
1 5767
1 1701
3 1470
2 2950
1 4936
5 677
1 4093
3 6507
2 2373
1 1201
1 1261
7 1436
1 3009
2 4268
1 4262
2 6548
6 2360
1 1651
1 884
4 3230
2 5874
3 2038
1 5808
3 3919
2 467
3 827
2 3107
2 3660
4 155
1 4855
2 2894
1 6179
1 3411
5 417
6 1521
3 474
2 2464
1 805
6 545
1 476
2 5045
2 3350
3 3772
1 6070
1 5540
3 2985
2 3403
1 987
1 252
1 3079
3 1334
5 2502
2 3641
1 2783
3 3272
1 3004
6 2084
2 286
3 5145
2 1890
1 2300
2 244
2 943
1 6403
1 5954
1 2130
1 1905
1 5550
1 5197
1 542
1 1090
1 2794
1 6139
6 597
4 770
1 4508
1 2584
4 2817
1 1593
2 2748
4 945
1 3739
3 890
1 5237
1 5604
2 1979
1 5162
1 2058
1 2438
1 1840
1 1044
6 523
1 1199
1 802
2 3815
1 3517
6 3060
1 425
1 6059
1 5001
1 5996
1 4511
3 2819
1 1717
4 2428
1 6083
3 1323
1 688
2 810
1 988
2 1089
2 998
1 352
1 869
1 5248
1 2834
3 20
2 1674
2 5990
2 601
4 827
1 879
1 2920
1 5181
1 4878
2 2098
1 3171
1 5805
2 4670
1 3533
3 1505
1 734
1 1135
1 154
1 3920
1 1506
1 5581
2 1686
4 1668
1 5704
1 709
1 4270
3 2109
3 1497
1 4720
2 1081
1 6477
1 1720
1 5626
1 1696
1 1041
1 1599
1 2970
1 3115
4 1468
2 6146
3 1888
4 1258
1 6185
1 1595
1 2518
2 3852
2 1671
1 5127
6 413
1 2161
1 6591
1 761
1 2570
1 987
1 3930
2 1065
5 2744
1 6373
4 1476
1 1981
2 2035
1 4628
2 3216
5 2427
1 3368
1 2295
2 3814
1 622
1 5649
1 429
1 2841
1 5526
4 2161
6 3278
1 1103
6 3212
1 2736
1 3054
8 1341
2 1243
1 3748
1 2169
7 2297
6 90
1 2344
3 2783
2 1318
2 121
2 5114
1 2809
1 5895
2 112
1 2495
2 6446
1 2450
1 381
4 3110
2 1185
1 2396
2 5833
3 2979
5 1953
1 485
4 1601
2 1160
3 5818
1 2031
2 2608
1 6068
3 2145
1 5091
2 5737
4 2045
1 5597
1 3891
2 1035
4 5778
4 296
1 3760
6 780
5 2236
1 2284
1 2171
2 3529
3 1388
2 953
1 3267
1 3014
2 1860
1 5660
1 4852
1 3727
1 154
1 4250
1 50
1 6361
2 1551
1 4830
1 1716
1 71
3 4452
2 3850
2 4405
6 1474
1 2652
3 873
3 6153
2 6361
2 4885
1 3776
2 1761
8 2840
1 2646
3 2904
1 3757
4 1529
2 1134
3 1126
3 927
1 4759
1 6046
2 5089
1 5377
1 1453
2 1921
6 2202
3 4977
2 4502
4 2564
1 3135
1 1782
1 4050
1 5599
2 5108
7 243
2 6398
2 3228
1 4608
1 6109
1 5070
1 1056
3 1706
1 4035
3 274
2 2082
1 1641
1 4432
1 1982
4 7
1 5056
1 2297
6 2855
1 4704
5 2521
5 1899
1 5419
2 6180
1 1630
1 2371
1 3761
1 5205
6 2992
1 107
3 5645
1 280
1 520
1 4632
1 1345
1 188
5 2127
5 409
1 463
1 3361
1 347
1 4992
1 2215
2 5900
1 5435
2 2897
1 6077
1 3963
1 3184
2 931
2 1127
1 266
1 2657
2 1062
2 6387
2 3813
1 1033
1 1250
1 929
1 3869
1 3775
1 4481
2 2548
5 1642
2 2453
1 2859
1 2860
4 2642
3 1786
1 4134
2 1262
1 5670
3 2329
1 5310
1 2131
1 384
1 4208
2 6514
4 3175
2 3763
2 4772
3 639
2 5946
1 978
2 34
2 304
1 971
7 710
1 3542
8 584
1 3938
2 5640
1 3595
1 5704
2 3396
1 5902
3 4924
1 1533
2 1215
1 5847
1 1733
2 6055
2 5887
4 1395
2 456
1 2643
1 2214
2 3631
1 896
1 414
1 5141
1 4770
1 746
1 1383
6 997
1 5532
2 3947
1 5100
1 4584
1 5786
1 5700
1 1037
1 6457
1 1176
1 4971
1 3964
1 2008
2 2202
2 5485
1 798
2 208
1 1222
1 3783
2 678
1 4324
1 765
2 1886
6 99
1 2497
2 3068
4 1436
1 4725
2 4647
1 997
2 911
1 3386
1 2066
5 3279
1 1975
3 2146
2 528
1 6220
1 4283
2 682
1 6156
1 5722
3 1935
1 5585
2 5939
2 3224
2 2399
2 1134
1 148
1 5450
2 5982
1 1910
1 4108
2 6588
1 1328
1 5854
1 2937
2 394
1 5885
2 5528
1 4358
3 87
1 5732
2 1901
1 655
1 2262
3 521
4 1772
2 1553
1 4762
2 131
1 6234
1 2820
1 1306
3 1799
1 3177
3 6412
2 474
2 1181
3 5216
1 4163
1 817
1 5734
2 6386
1 201
1 998
2 422
1 6561
3 640
1 4490
2 3152
2 2833
4 1556
1 3802
1 1092
1 117
1 2870
2 1351
2 4728
2 4536
1 5474
1 1441
5 2660
2 4307
3 1973
5 885
1 5353
1 4893
1 2516
2 3082
4 358
1 3086
2 1347
6 3284
1 1055
5 771
2 2982
2 1215
3 829
1 2960
2 5645
1 5704
2 3848
1 4635
6 1754
1 3674
5 1295
1 4086
6 707
3 5456
3 2068
1 5593
1 956
2 65
1 4533
2 836
3 2458
1 2859
1 2856
1 5134
5 2127
1 389
2 4366
2 2524
1 1375
1 2745
2 3059
2 2154
1 543
2 2647
1 1205
1 170
3 2027
1 6340
1 6155
2 804
1 758
1 1357
1 5260
1 2767
1 6306
6 2247
1 4827
1 4472
1 2918
1 1578
1 2300
1 5868
1 5958
1 2438
4 746
1 1263
5 2032
1 1345
5 2871
1 4301
1 1643
1 4505
2 4232
1 5915
2 838
1 4759
2 948
1 2269
2 2615
2 1658
1 2463
1 3939
1 2912
3 99
2 2063
2 119
1 6192
1 1016
3 3061
3 2140
5 718
4 2596
2 3396
3 2147
2 3448
1 4817
5 2942
2 3059
2 1541
1 1115
2 4522
1 2378
1 6518
5 316
4 115
3 2698
2 1759
1 996
1 1149
1 118
3 2266
2 4424
3 960
1 3548
1 2785
1 2838
1 3153
1 4040
1 761
3 2906
2 6113
2 5073
2 1026
2 1594
3 1749
2 2069
1 3260
1 4566
1 2724
2 3881
2 1903
4 2181
1 5289
2 3097
1 414
4 1147
1 1119
2 790
1 5753
3 3365
1 4666
2 2326
1 352
1 1548
1 4870
8 827
1 5847
3 205
6 1050
1 3857
1 2699
1 87
2 5486
1 374
5 318
1 305
4 580
1 4054
1 914
1 5712
2 292
1 5842
1 1901
3 2636
1 2098
1 2197
2 5737
1 4263
4 1652
1 4887
1 799
1 3269
1 764
4 1298
1 2106
1 4387
5 2865
1 901
2 1826
1 2469
4 4422
2 4325
5 2072
1 2064
1 2973
2 1087
2 5751
6 1508
3 2918
1 6448
6 2931
1 3432
1 6144
1 6122
4 2372
1 965
2 1539
4 1784
1 6298
3 5107
1 3793
7 3056
1 2953
3 1092
3 79
1 3297
2 5597
3 1743
1 6116
3 4596
5 2988
3 750
1 2670
2 2994
1 3007
3 4547
3 993
1 1451
1 5816
1 1617
4 3066
6 1000
2 4020
1 2459
2 3950
2 2076
2 230
5 1775
1 4558
1 2602
1 5872
2 4062
2 6028
1 2031
1 1640
2 849
1 3280
4 518
1 2304
8 3053
2 1319
6 1416
2 2255
1 6542
1 6178
4 836
3 959
1 4673
1 4187
1 5440
1 2246
3 3042
5 327
1 5062
2 1212
3 8
6 271
2 1787
1 248
7 1303
2 1338
2 5922
1 5180
2 1400
1 2652
1 5851
1 1934
1 5790
1 5545
1 1297
2 4501
1 3250
5 3218
1 2992
1 6469
1 2807
5 1418
1 1474
3 2234
3 3282
2 2350
1 6208
3 3970
2 6475
4 1319
4 976
1 3139
2 1287
2 5246
1 5781
3 88
1 1040
1 2872
1 5347
2 2160
2 1661
1 874
3 1222
2 5800
1 1393
2 6531
1 4035
1 4135
2 1465
7 2193
2 880
1 331
2 2321
2 5394
1 1151
1 773
1 5161
1 1001
1 4272
1 3804
1 810
4 3305
1 1556
2 853
3 3040
4 1819
1 2835
2 1395
1 1540
2 2454
1 1278
1 5006
1 215
1 3812
3 852
3 4684
2 2919
2 5111
2 3592
1 3754
2 5277
3 5404
2 882
2 1518
5 2357
1 1396
6 1176
1 676
1 3276
5 77
1 4804
3 3301
1 3257
2 3680
1 5272
3 486
1 3799
1 954
1 3534
3 29
1 1982
1 2364
1 5498
2 2964
1 2462
1 3240
1 1241
2 2717
5 1627
7 1453
7 3299
1 3953
1 4224
1 452
3 4185
2 3271
2 5465
4 921
4 561
1 5441
2 6302
2 3650
2 3938
1 369
1 6373
1 2030
1 102
2 533
1 3350
2 844
5 1854
4 2479
1 4314
1 1283
2 1231
4 3161
1 606
1 989
3 2751
4 683
1 1727
1 2084
1 124
1 3602
3 2657
1 5556
1 2650
5 2462
2 3813
1 2956
2 6171
1 5155
3 2296
1 6310
4 2638
1 5631
2 781
3 2325
3 3120
1 6130
1 4730
1 2719
6 577
1 2975
1 493
6 1290
1 5817
4 3296
2 5329
3 3082
2 4208
1 1216
3 3312
2 27
1 5056
1 3640
1 1893
1 1976
1 4616
1 3369
1 3663
1 2602
2 478
5 2501
2 85
1 266
1 6302
1 5519
2 4865
1 2319
1 2703
1 1166
1 5483
2 5112
3 2033
2 4078
1 4314
3 2625
1 2014
3 1234
3 1233
5 1086
1 4193
1 1126
5 1457
1 3698
1 1144
2 2743
2 701
2 1632
1 251
1 619
2 3830
1 6574
1 3134
3 1314
2 2733
2 1832
5 2294
1 6378
2 4076
2 3671
2 2173
1 892
1 5801
2 1761
1 3646
2 4605
1 618
3 5058
2 3220
1 6174
1 5245
1 6074
1 4692
1 6139
6 902
4 3295
3 2324
1 5970
3 2878
4 1725
1 2512
1 2703
1 4030
4 2836
5 1646
1 3955
1 579
2 2059
1 3118
1 2857
1 1230
1 6521
1 1822
1 844
1 790
1 1540
1 485
1 6353
1 3768
2 2400
2 3347
1 3515
1 5702
1 2479
1 2715
1 2103
2 2925
2 491
3 3026
2 5444
1 6292
1 6249
1 5391
2 929
1 5100
3 844
1 4843
1 1964
2 5336
2 2163
1 6358
2 2180
1 2232
1 4156
6 3054
1 1677
3 2387
1 792
1 2617
1 642
1 2688
6 734
3 3079
2 2134
1 4174
4 578
1 4167
1 3849
1 2247
1 701
3 1952
1 4774
2 2797
1 5598
1 2785
1 943
1 5122
1 2951
1 93
3 2814
1 3126
3 799
6 1353
3 5890
1 1006
1 3000
1 4875
4 3138
5 1231
2 2692
2 1305
1 231
2 2719
5 2441
9 1351
1 6480
2 4374
3 3939
1 204
2 2995
3 1609
2 5408
1 576
1 3499
4 1753
1 2796
7 1065
5 1638
3 960
1 1884
2 3812
3 1058
1 539
1 4501
2 3781
1 919
1 2392
1 5535
1 4037
1 6590
1 5996
1 2354
3 1058
2 3362
2 4824
5 2592
1 5335
2 1634
4 2323
2 625
1 4843
2 2601
1 2794
7 3066
1 5095
1 3528
2 3668
1 4827
1 570
2 5735
4 374
1 1637
2 2030
2 3700
5 1231
2 2910
2 3157
2 3096
1 1713
4 960
6 3399
3 4990
2 2638
1 2862
3 3401
3 1408
1 3576
1 1449
3 1455
1 1306
1 5900
1 1242
2 695
2 3921
1 1356
1 5311
1 2974
4 330
3 1418
1 4269
3 5992
2 2399
1 5354
3 834
2 912
1 5811
2 3556
2 70
2 3139
1 5451
1 4416
4 1551
1 6460
4 1395
1 5586
1 1860
5 2800
3 1670
7 71
2 60
1 431
2 2855
1 6039
1 5929
1 889
1 3215
1 3890
1 2873
3 6243
2 4192
1 185
1 3646
1 5116
1 3416
2 3954
2 942
1 3863
2 4696
1 2477
1 2519
1 6245
1 5663
1 4995
2 4581
3 1987
1 4061
3 3127
1 5016
2 3818
4 1011
4 521
2 2171
1 6122
3 1507
2 989
3 1379
1 3616
1 1050
4 2458
2 488
1 1058
4 2893
2 1820
1 3315
1 2376
1 62
2 2796
3 2696
2 3325
2 2749
1 2103
1 4718
1 2922
2 4921
1 813
1 3428
2 563
3 6401
5 1153
3 166
2 4308
2 3647
1 5766
2 898
2 2115
1 6239
3 2288
3 282
1 5704
2 1633
1 3485
1 1739
1 2618
1 3690
1 2866
1 495
1 949
4 2749
2 2232
1 2771
1 5592
1 695
1 3679
1 5868
1 4816
3 2785
3 970
1 4072
8 2329
2 6257
1 5087
1 3140
1 4638
2 1158
2 3333
1 1014
1 1150
2 5799
2 4268
2 2096
1 2220
1 1632
1 1406
1 5714
1 2445
5 1434
1 6284
2 3676
1 2323
2 4268
2 5404
4 3281
1 998
1 3475
1 1980
1 4071
3 3233
2 5031
1 1282
1 2781
1 348
1 880
3 526
2 1442
2 5837
4 1980
2 1094
1 5055
1 1502
1 2084
1 5376
4 2017
1 3631
1 929
7 51
3 432
2 1827
1 4781
2 1243
1 369
5 546
1 4525
2 6597
1 4010
1 1568
1 5541
3 538
4 2052
1 158
1 1471
1 1441
1 5024
2 2159
1 3085
1 3757
3 2810
1 5785
5 1206
2 3449
1 1455
1 5877
6 1199
4 662
1 2695
1 6357
3 1983
2 3069
3 5017
1 1724
5 2937
5 1386
2 244
1 6241
4 1758
2 419
2 1586
2 1232
1 1541
3 2531
1 2117
2 819
1 1874
2 2758
2 676
1 926
1 5118
3 2739
5 1204
2 1183
1 2255
1 4788
1 6271
1 663
1 3661
1 1352
3 3171
1 1926
2 3998
1 704
1 2642
1 3294
1 1936
1 4881
4 162
2 1684
2 3104
1 1511
1 2175
4 2647
4 2986
1 809
2 4590
3 4105
1 2494
2 51
1 1049
3 3119
2 4115
5 307
1 3547
1 3481
1 4787
1 4789
1 4387
1 3067
3 1809
1 4253
1 2960
1 5094
1 1781
3 6107
2 870
8 120
2 661
1 6530
1 5596
3 4826
1 5138
1 5492
1 6437
1 6165
4 1549
1 6349
2 2481
1 5429
2 3928
3 688
2 1142
2 176
2 4342
4 976
3 601
1 1442
2 1035
2 848
2 486
1 2303
1 2812
2 2012
1 3240
1 2006
1 5480
1 1466
1 4062
1 601
1 4172
2 5510
1 5169
2 3590
2 5114
2 3773
1 5615
1 2866
1 4807
2 3455
5 890
1 2633
3 780
2 3639
1 5810
4 154
1 1484
1 4695
1 2486
1 203
3 3852
1 4335
1 1410
4 1224
1 4536
2 5705
4 2911
3 2407
4 80
1 2060
1 1567
1 2455
3 6063
2 2657
1 3587
4 1304
1 5134
4 419
1 6047
2 454
2 794
1 5975
3 1186
3 956
1 25
8 1876
1 4195
2 4804
5 2096
1 5324
2 1587
1 907
1 4617
3 1927
3 2566
1 2572
1 5197
1 1118
5 3397
2 6577
2 678
1 6354
2 2345
1 2263
3 1173
3 975
1 6259
6 551
2 3824
4 158
2 94
2 4286
1 1029
4 3182
2 5617
2 6068
1 4445
1 751
1 819
1 4117
1 3796
6 3285
1 3022
1 4792
2 2506
3 2071
1 1880
6 371
2 1537
1 4227
5 162
2 3196
2 482
5 1462
1 306
1 3573
5 2677
3 3038
1 413
2 1847
3 1189
2 5412
5 1665
1 3689
1 6156
1 2862
2 1377
2 4893
3 4326
1 2529
1 2961
2 2633
3 6527
2 1589
2 937
1 481
1 5269
1 2265
4 2888
2 5732
2 1533
2 3573
1 1159
2 1948
1 6533
2 3724
6 3113
2 73
2 1097
3 5342
2 1109
2 1210
1 5430
1 2269
2 6476
1 5234
3 5675
1 5666
1 2812
1 337
1 3240
1 1944
1 35
3 623
1 201
2 4290
1 884
2 2967
1 6387
1 6579
3 1019
6 1879
1 3724
4 2564
2 2431
1 5659
1 3834
1 3341
2 59
1 4709
8 672
1 692
1 4569
1 5321
3 208
1 4481
3 2984
3 1185
2 5968
2 457
1 1175
1 1686
3 2710
1 6079
1 3458
1 2045
4 3248
2 1533
1 1807
3 1283
4 2952
4 1515
1 117
2 898
6 3083
2 1226
8 1508
1 3955
1 3148
1 859
1 4617
1 1423
1 4598
1 1308
1 3125
1 3484
1 3868
2 6250
3 1101
5 1402
1 5435
3 1280
3 184
4 2138
1 3444
1 1022
2 4551
1 599
2 3630
4 727
1 891
2 968
2 6324
2 2955
1 2341
3 1731
1 5430
1 3254
3 3282
1 5434
2 2549
1 78
2 3330
2 559
3 1260
1 2436
1 3761
1 931
1 2913
1 6291
2 3487
1 700
2 2462
1 5637
1 2374
1 4071
4 4265
2 3684
2 1992
5 2226
1 352
1 5077
1 4816
1 1432
1 584
7 2172
4 3244
5 436
2 3377
1 54
1 6003
4 1466
1 1129
2 4368
1 318
5 838
1 988
2 3993
1 5392
1 4068
5 1887
1 891
1 3570
1 3711
2 5095
4 965
3 2246
1 449
1 6049
3 1818
1 2689
1 2304
3 2390
3 2133
1 6579
5 3357
3 3401
3 1988
3 2795
1 6086
4 3015
3 3401
1 4026
1 4879
5 2237
1 4386
2 5637
1 2063
2 2425
2 536
5 3312
1 2730
2 3591
1 6473
1 499
2 579
1 3805
1 6336
2 596
1 3476
2 4436
2 4480
1 6285
9 2590
2 1810
1 1375
1 3683
2 1453
2 2368
1 6112
2 2878
6 2472
1 6119
4 1628
4 302
2 3525
1 2034
4 967
4 698
1 3431
2 1569
1 4601
1 5744
1 3923
3 3232
1 120
1 5530
2 1914
2 5249
1 507
4 1993
1 4138
2 1933
1 5647
1 785
4 2637
2 3228
5 1938
1 1640
1 2051
3 350
1 1459
1 1748
1 5610
1 3750
4 1954
3 1495
1 5328
1 4965
3 3390
2 1818
1 1043
1 513
2 5474
2 4604
1 3898
1 2229
1 6507
1 665
1 5232
1 277
1 1317
1 1349
4 2290
1 981
5 2627
2 907
2 5713
3 1136
1 3374
1 5807
2 3279
1 2690
1 5924
1 3278
2 1685
1 134
1 5528
2 5427
1 2717
2 5727
1 5918
1 3329
1 3159
6 284
4 1717
1 3683
1 1069
2 4886
2 6577
1 6046
3 508
4 2566
3 5213
1 1756
3 1561
1 3536
6 2243
1 3209
1 1581
1 5325
1 2280
2 2389
2 5780
1 1791
1 3334
3 700
4 258
1 5978
5 261
1 2682
1 3725
1 149
6 3160
6 2149
1 3228
3 1565
3 3294
1 4240
1 3858
5 975
4 155
2 183
1 717
7 2612
2 780
2 74
4 2937
2 223
1 4407
2 3335
2 305
2 568
2 4280
2 1760
1 6471
2 3119
2 5122
2 6377
2 4551
1 628
1 2211
1 4511
4 39
2 2479
2 4452
3 5285
1 3596
6 1147
1 4996
1 1871
1 6115
3 2072
1 4933
6 3192
1 2885
1 1332
1 6523
1 5939
3 1956
5 38
3 2212
5 3026
3 880
1 2974
1 3696
1 377
1 2987
3 452
2 473
3 2292
3 3915
4 2371
1 140
1 5967
3 2962
2 1248
1 1202
5 227
3 2364
1 1120
3 5007
5 2926
1 3794
1 4819
2 1318
1 2163
1 5669
2 5059
4 3305
1 5894
1 2518
2 2462
1 565
1 291
3 272
1 5333
1 4307
2 390
1 4249
1 3705
1 4973
1 2748
2 3389
1 6144
2 4415
1 3397
1 4639
1 5508
2 3581
1 2189
1 3513
1 4535
2 141
2 4309
1 98
1 81
1 5732
1 1143
1 1583
1 3102
2 6248
2 5317
1 391
2 5251
1 5701
1 419
1 1994
1 4896
2 2204
2 2381
4 3255
3 1940
1 1000
6 2595
1 6462
1 1651
1 5725
1 2608
2 1699
1 3099
2 2693
1 540
1 2821
1 813
1 60
2 840
1 4690
1 1203
2 3555
1 2784
1 5615
2 1027
1 1417
1 6210
5 3010
2 4041
1 3806
5 3113
1 5878
1 1336
1 4251
1 1943
1 4023
2 3439
1 1460
7 3181
3 879
2 1652
1 5649
2 1028
1 1684
1 2395
1 1828
6 226
1 418
2 5277
4 2286
1 1929
3 768
1 2776
3 4350
6 1114
1 1036
1 6436
1 6198
3 2709
1 5193
1 1231
1 2381
1 4955
2 4781
2 5906
1 2382
5 3192
2 2083
1 2476
1 6035
1 1021
1 1697
5 807
1 4250
1 588
5 672
1 2884
2 6224
1 2624
3 1329
1 2329
1 1050
1 4783
2 5293
2 971
1 5341
1 4755
1 3387
1 634
1 5382
2 1890
1 3851
1 3918
1 1148
1 5778
2 495
1 1514
1 1544
1 5448
1 2062
1 3655
1 5808
1 810
1 1873
2 1968
1 750
1 6409
2 4079
4 1134
2 5061
1 5469
1 1864
3 5424
4 1860
3 3056
2 2017
1 4074
1 3787
2 4198
1 5972
4 3185
2 1229
1 4808
1 2859
1 6377
1 5458
3 4678
1 2655
2 6137
1 731
8 2243
1 5912
1 4027
1 1948
3 1160
2 955
1 3077
2 445
1 5499
1 6347
1 1512
3 722
2 5555
1 5302
1 905
1 4599
1 4914
2 5724
1 4196
1 3852
1 1808
5 816
2 5991
1 5150
1 3075
2 2791
2 4798
1 6581
2 2034
3 1789
1 4544
5 739
1 2321
6 2209
2 964
2 5843
5 711
1 3231
1 3540
2 1473
2 617
4 1782
5 3303
4 1029
1 3886
1 2963
3 253
3 2866
1 650
2 5424
1 1937
1 4413
2 2739
1 2345
1 3759
2 151
3 2732
1 1648
2 147
1 3634
1 6287
2 501
2 1692
3 1927
1 500
2 2731
1 5708
2 415
4 1763
1 32
1 230
4 2103
2 2322
1 2641
2 1708
1 6365
1 4568
1 2137
1 2050
1 4823
1 4699
2 2539
1 1469
2 5027
1 5709
4 2
3 2964
3 2155
2 4147
1 303
1 4944
5 3211
2 3747
1 6101
1 6266
1 1857
1 1493
1 3470
2 3672
2 1538
1 3515
2 2504
3 3183
2 4428
2 343
2 4042
1 2560
1 4416
1 3746
1 3827
2 5874
2 671
1 5895
1 6558
1 1842
1 1638
3 5520
1 6245
1 6202
3 1774
1 6431
1 2288
2 1221
2 3896
1 1888
2 373
1 4250
4 635
2 2206
2 93
2 952
5 881
1 6376
2 5397
1 2061
2 3736
2 6403
2 4904
2 86
1 1511
1 2449
2 1557
2 1289
1 1220
1 3755
1 4726
1 632
4 1494
2 2729
1 1575
3 4153
3 1609
1 1555
2 3330
5 2264
1 2256
1 42
1 3913
4 2825
1 5853
1 4896
1 5598
1 998
1 1257
3 1745
1 985
3 2049
2 3165
1 5356
2 4395
2 1294
4 2049
1 2984
1 3997
5 1089
4 133
4 1521
6 2957
1 1041
1 2683
3 3135
6 776
5 2049
2 6192
3 2381
1 2833
1 2364
1 1040
1 1816
1 6411
2 4980
3 4038
1 1242
1 183
6 1784
1 6465
2 2653
4 2073
3 117
3 1839
2 4702
2 3134
1 2439
1 3488
1 876
1 1874
1 2257
3 681
2 4157
1 5591
1 888
2 1250
2 46
1 5957
1 5632
1 1187
1 855
1 3650
1 1160
2 415
1 992
5 103
3 1212
2 2532
1 6228
3 2317
4 857
2 1781
4 2936
2 4409
3 2218
3 2246
1 3787
1 3811
1 6044
4 2048
2 6358
1 690
2 6593
3 1605
1 33
3 2725
1 3658
1 5413
1 1278
1 6520
2 863
2 3374
1 2921
4 2067
1 5807
2 1036
1 377
1 5034
1 2889
1 4397
2 1919
1 6063
1 3049
2 168
4 1400
5 814
4 2599
1 1178
3 709
1 863
1 2688
2 4452
2 3317
3 5687
1 5800
1 2660
2 3101
4 101
2 4745
1 6359
1 875
2 4349
2 1688
1 718
7 2335
5 1141
1 4761
5 599
4 4509
1 5740
1 2905
1 6312
3 2158
2 2602
1 2530
3 1621
2 3790
1 2399
1 475
2 858
1 2102
1 5622
1 2982
2 2657
1 2644
1 5825
1 3396
5 2577
2 3855
2 2490
1 5079
5 3066
6 3236
2 2289
2 1952
3 1944
2 1990
1 3180
1 467
2 640
7 1709
5 2641
2 16
1 1635
3 1
2 1956
1 1743
1 2504
3 2367
2 1945
1 5363
1 928
1 572
2 948
1 2241
1 3589
2 681
1 2285
1 2491
1 6507
1 3255
1 2245
1 1919
1 919
1 2459
2 1124
2 435
2 2166
2 5096
1 855
2 3307
1 6079
1 3461
2 180
2 4913
1 5181
1 3376
2 3575
2 3379
1 4896
4 1457
1 5817
1 1375
1 2755
2 3398
1 779
1 6088
2 2515
1 2824
3 6308
2 388
1 1085
2 43
1 5410
1 3244
2 4997
1 2816
1 2904
5 192
1 64
2 1290
1 1146
1 6508
2 3655
1 203
5 922
2 6547
3 5672
8 3246
1 5992
5 3055
6 365
2 3044
1 3964
4 2024
1 832
2 2496
1 4277
1 5047
2 1539
2 3133
1 434
1 4403
2 1709
1 176
1 1189
1 4894
1 5916
2 273
1 3381
4 1328
2 5133
3 1798
1 1352
1 215
1 1445
2 3176
1 3420
1 2108
3 3035
4 3211
2 4017
1 6032
1 4810
3 1651
1 1740
1 2432
2 1240
1 1480
1 6008
3 2924
1 59
1 5318
1 4807
1 6419
1 4956
1 4452
2 5995
2 1376
1 5936
2 710
2 3214
2 6257
2 2274
2 4499
1 3708
1 4681
1 5124
2 2782
1 3174
1 4153
1 2419
1 791
2 4637
1 5196
4 2217
5 1785
1 3824
1 1067
1 5160
1 2290
1 4252
2 715
4 1604
1 103
1 1798
1 2781
3 867
5 2510
5 862
3 23
3 837
3 2348
2 5701
1 5842
2 310
1 1831
1 1058
2 1768
1 2834
1 4674
1 1936
2 1229
4 1384
1 166
1 4753
5 2986
1 5667
2 4079
1 2410
2 1340
3 5475
2 4945
1 4670
5 221
1 2328
1 4771
1 1269
2 1605
2 3560
1 5356
1 2299
1 5605
1 3416
1 2208
3 952
2 627
1 1615
1 3238
4 359
3 2846
2 2110
1 395
4 2314
1 3687
1 1786
4 1232
1 2600
2 2297
4 2805
4 2166
1 3634
1 6360
4 816
2 933
2 2542
2 1516
1 1345
1 2983
1 4871
3 21
1 2883
1 4916
1 2160
1 2682
1 6365
1 556
1 2291
1 892
4 968
1 4103
2 162
3 1883
1 3694
1 2325
2 670
3 3984
1 1814
6 2010
4 2814
2 705
5 2363
5 2498
1 409
1 739
1 198
1 94
1 6262
1 372
4 1861
1 2689
2 1286
1 1502
1 289
2 1603
1 4930
1 6251
1 2908
3 5598
1 1571
1 4426
1 4032
1 3532
4 2580
1 4880
2 2956
2 2428
2 2177
2 4336
1 1148
1 2354
1 3278
1 4818
1 3025
2 3406
2 5386
2 574
6 1663
4 3367
1 4041
1 4061
3 449
4 1689
2 1355
1 5972
2 887
1 2130
1 358
1 5214
6 241
2 376
1 2542
6 314
2 1071
2 3958
1 4678
1 3619
2 2962
1 4488
1 4076
3 1337
1 6005
1 235
3 2601
1 3261
1 93
3 3274
3 2465
1 4248
3 343
1 3967
1 592
2 2417
1 4964
2 675
3 3086
2 541
4 644
5 1512
7 187
1 1499
3 3397
1 3768
2 3224
2 2252
1 265
2 2616
1 1405
1 6286
1 5874
2 3362
3 1603
3 1364
4 737
3 864
3 3481
1 5260
1 505
3 1994
2 5196
1 1002
3 3143
1 3777
1 1625
4 1175
6 2043
2 2030
1 1453
2 2432
5 4551
5 2888
3 3024
1 431
2 5757
1 6031
1 3054
4 2959
1 2185
1 1926
1 5013
1 2809
1 4768
3 1201
2 4817
6 1020
2 2393
1 1019
5 300
2 1334
1 2926
1 3293
1 999
1 4381
1 3384
1 4959
2 2063
1 3752
5 2405
2 689
4 114
3 1232
1 2946
1 1635
2 4796
1 3923
1 2383
1 4368
1 4168
1 552
2 2117
1 4865
2 2708
1 5004
4 285
1 6535
1 1929
3 3509
6 1035
1 5556
2 298
3 792
1 1495
5 2882
5 3384
1 4597
3 2326
1 6167
1 719
2 4023
3 2168
5 2136
3 2906
1 422
2 2100
2 4817
1 5970
1 4445
5 877
1 3788
4 1972
2 6333
1 6003
1 2436
5 867
5 2215
2 2319
1 4606
5 3382
6 809
2 2607
1 5863
3 1505
5 2987
2 4348
2 1995
6 3133
2 1645
4 750
2 2483
6 2069
1 3803
2 1861
4 1473
2 2976
4 2944
1 5906
1 1521
2 5426
2 993
3 4409
2 2466
4 1941
4 585
1 5057
1 4590
1 6151
1 1474
1 3099
1 4129
1 4894
1 3446
1 3875
2 5385
1 5060
4 888
4 1387
1 2833
4 817
2 5863
1 4198
1 2205
4 2677
2 1007
4 2790
1 4810
4 553
1 3075
2 5544
1 3231
1 3969
1 4343
1 5402
2 739
2 151
2 2106
5 1472
1 515
1 1192
1 995
1 6149
3 3166
2 2803
5 1064
1 1293
1 6558
1 314
2 426
1 6144
2 4309
1 1165
2 3497
2 1277
1 5448
1 3035
1 2168
2 4033
1 3410
3 2991
1 5260
3 2575
1 5861
3 1799
2 5161
2 6368
1 2477
1 2413
2 2908
3 2309
2 1326
1 3361
1 2497
1 633
4 556
1 1892
1 5946
1 6142
2 4261
1 2228
1 4987
4 3199
1 6074
1 6523
2 5399
1 6454
3 2334
2 5242
1 3159
1 1757
2 1418
1 5396
1 4690
1 1431
2 2748
8 2763
2 2866
1 1021
2 2184
3 2502
2 1344
3 2754
3 3054
3 2599
1 5099
1 1630
3 380
1 5111
1 4083
1 627
1 3133
2 3121
1 3075
1 1089
1 3746
2 6091
2 1101
1 5139
3 1813
1 6092
2 5601
1 1276
1 2503
2 5422
2 2228
2 1544
2 5234
1 6092
3 1165
1 5408
1 989
3 634
1 294
1 2233
1 1720
4 978
1 6511
4 6057
4 437
1 6441
2 4159
1 3508
1 6186
1 1101
1 1041
2 5291
1 4880
1 2603
3 250
2 364
3 1712
2 1676
1 2617
2 386
1 2725
2 3743
3 1759
1 238
1 2491
3 1548
1 1824
2 3777
1 5202
1 1280
1 3535
1 5366
2 5498
1 1308
2 6114
4 682
1 2949
1 4197
4 3033
2 6138
1 6081
2 2011
1 3498
2 4004
2 725
1 665
3 934
2 6024
2 232
1 2218
3 2403
1 6066
4 1616
2 689
3 2312
2 4126
1 2547
2 4810
1 3369
1 2272
2 1567
2 3102
1 208
1 603
1 1439
1 2683
5 716
2 500
1 5643
1 3476
1 430
1 5128
2 710
1 2126
2 62
4 1266
6 3081
2 3478
1 2508
3 6168
1 5028
4 1890
1 5260
2 1191
3 1417
1 596
1 1538
4 2833
1 5538
1 4441
1 5673
2 2574
2 5924
2 672
1 389
1 5714
4 3423
1 3204
2 4517
2 6312
2 6035
6 1074
2 4904
1 519
2 1511
3 4901
1 289
7 3106
4 229
1 3837
1 1712
2 2373
3 862
7 1344
1 5586
1 513
2 4673
2 1504
2 2578
1 3851
3 2974
1 2753
2 2055
1 1927
4 2321
2 989
5 3377
2 628
2 2401
1 5047
7 3255
1 2002
2 6427
4 277
1 347
5 1330
2 2844
1 1793
2 4308
1 2230
2 1728
2 6228
3 42
1 4092
2 3023
1 1100
1 6321
5 368
2 2749
1 3229
1 3168
3 3265
1 1804
2 1612
1 3932
1 6360
2 5166
4 436
2 4537
3 5920
4 3020
1 1434
4 2917
1 1597
3 407
8 1472
1 3325
1 3931
1 3803
1 5437
1 2855
2 5021
3 2367
1 1590
2 3127
3 1209
1 2457
1 5080
6 3393
2 5746
1 945
4 2280
2 1430
3 5020
4 1243
2 1016
3 2063
5 2151
1 3529
5 2099
2 4073
1 1969
1 3730
1 4473
2 42
1 4452
2 3088
2 244
2 2935
3 1667
1 1589
3 4979
1 2393
2 3874
3 3122
3 239
1 3149
2 5490
6 2206
1 189
2 4301
1 5488
4 2242
1 5439
1 317
1 5359
1 2214
3 602
1 1939
4 461
2 2592
1 5826
1 710
2 2642
4 1971
1 2302
1 345
2 2981
4 1532
6 2008
3 2738
1 722
1 3274
2 3251
1 4679
4 2415
1 94
1 3162
1 2982
1 1797
1 1872
1 3480
1 3048
3 511
2 3884
2 1184
2 1442
2 785
2 1371
4 3193
1 1233
5 2339
1 193
5 3313
1 2445
1 4190
2 4104
1 4587
1 662
3 1025
2 5601
5 1933
7 2387
2 1539
1 1275
1 2539
2 2807
1 3874
3 2121
1 4357
1 2147
1 1356
3 2493
1 2224
1 5579
1 3033
2 4157
3 2487
1 5314
1 5306
1 1185
2 973
3 3322
1 3606
5 392
2 1817
1 5656
1 3018
3 84
6 1103
1 5824
2 2392
2 3991
1 1143
1 4940
2 526
3 2806
1 3805
2 3709
5 687
2 4133
1 3833
1 8
1 5624
1 1780
1 2522
1 6244
1 3492
1 6558
1 6413
1 3669
1 659
4 3280
1 3242
1 6040
1 2783
5 1376
2 4136
3 5624
1 835
2 2101
1 2907
1 5473
1 251
2 3802
1 1017
2 2335
1 4536
1 3209
2 729
1 4492
1 4236
1 4749
1 4372
1 272
1 2080
1 2829
1 3771
2 508
1 2943
2 1053
1 4324
2 6024
2 2293
1 2600
2 2334
1 5789
1 3568
2 2250
2 4355
2 5803
1 897
2 95
1 6126
1 4267
3 302
1 3041
1 1965
2 3088
1 3035
4 512
2 2264
1 3811
5 2841
2 5499
1 1603
1 1266
2 92
1 3438
1 3771
3 6074
1 4600
1 2287
1 6362
1 825
1 1695
2 2692
2 6592
1 3227
2 5342
1 444
5 1868
1 4564
1 6157
1 4661
1 1174
1 6251
2 416
4 3992
2 2075
2 2233
3 2131
2 3749
3 797
1 713
1 3229
3 1502
2 5724
1 4728
1 349
1 4097
2 3085
1 4514
2 249
2 498
5 95
5 3327
2 1151
3 1967
2 3843
1 5805
4 1996
7 632
1 4924
3 2571
1 3224
1 710
5 1702
2 6488
1 3178
3 171
1 436
1 6283
1 391
2 2720
1 4134
2 92
1 6557
1 226
1 4589
1 1331
1 4533
2 1674
2 4331
2 1662
1 6276
1 3918
2 376
5 2565
9 968
1 3764
2 695
2 5168
1 4148
3 1790
1 3839
1 1540
5 613
1 979
2 5631
1 786
1 1337
3 1411
1 567
2 4142
2 921
7 2515
2 1233
2 4382
3 2547
1 4730
2 5951
1 3385
2 4455
2 4511
1 5791
2 4068
2 5408
2 2636
1 5291
1 2058
2 3200
6 475
1 493
1 6210
1 3898
1 6112
1 4047
2 152
5 688
1 5953
1 1876
2 591
4 2857
3 942
2 1113
3 1532
1 3099
3 2117
3 6561
1 3474
1 1535
3 3078
1 2556
1 92
1 5500
1 2272
1 4769
5 3263
1 3636
3 2091
2 4298
2 1325
3 2491
1 5385
1 255
1 945
3 2097
2 2212
2 2163
9 565
3 2332
1 6433
1 1242
1 4629
1 6360
2 1720
1 3994
5 2214
2 6078
1 1406
1 2297
5 2320
1 503
1 1923
1 3717
1 256
2 1272
4 1480
1 1801
2 3470
2 2443
5 1593
1 2421
1 4917
1 2995
1 278
1 1905
1 5769
2 4784
1 5230
5 512
1 5642
2 5084
2 160
1 3310
1 4948
1 6481
2 5395
1 1504
3 2871
2 1974
3 3127
3 2319
1 4985
1 4153
3 1933
2 3571
2 1081
2 585
1 4474
1 5339
1 2365
1 1254
1 6068
1 2768
2 2218
3 100
1 5489
4 3107
1 2238
1 1864
1 2646
2 1131
3 1059
1 6115
1 6079
1 473
2 547
1 1401
1 1476
2 742
1 1567
2 5487
1 5710
2 1463
1 1912
4 1062
4 2234
1 6361
1 5784
1 6175
3 37
5 2037
1 1325
4 456
3 1132
1 5145
2 5711
2 1022
1 4046
1 4122
3 121
1 6379
3 993
1 2727
5 1057
1 4364
5 1499
3 1603
1 5363
1 3635
4 1032
1 4214
1 5957
6 651
1 2859
2 2795
1 2200
2 5593
2 2365
4 640
2 111
1 1854
1 1742
3 1810
1 4937
1 3742
1 3616
2 5024
5 2468
4 3399
1 6238
2 3556
1 4387
2 4269
1 4084
5 2747
2 576
3 2922
2 1440
1 288
1 5938
4 1432
1 4053
1 6419
1 4630
2 4489
2 323
1 872
1 3565
2 5522
1 2095
1 1299
1 4456
2 3647
2 4113
3 2297
2 831
1 5917
1 2646
5 598
2 5525
1 414
1 3514
1 4755
1 6217
1 2272
5 123
1 5734
1 2629
2 4061
4 1954
2 2782
1 1460
1 5189
1 2074
2 2427
1 4802
1 4224
4 2451
1 491
1 1182
6 2903
3 2529
1 2087
1 2558
1 3254
1 1954
1 3615
2 486
1 3343
1 1811
2 1308
5 150
5 377
3 697
1 450
1 6427
3 3069
2 5207
3 2852
2 2766
2 1594
2 2379
1 40
4 3348
1 3334
3 1904
1 2200
2 5831
1 1183
5 1748
2 4930
2 2574
5 321
1 6591
3 1861
2 242
2 4855
1 516
1 4041
1 3971
1 5632
1 2239
1 4939
2 25
3 2090
1 581
4 1460
1 2759
2 1239
1 3422
2 929
1 673
1 5705
1 2631
4 2132
1 2817
1 617
2 1144
1 623
2 291
1 3407
2 3481
3 1941
1 4542
4 92
2 6360
6 1021
1 5319
2 4938
2 6211
4 2063
3 1149
5 1647
1 4518
1 979
4 1852
2 1689
1 5166
6 998
1 1658
3 6522
5 88
1 886
1 4904
1 3670
1 1971
2 6138
2 402
2 2952
2 771
5 1616
1 5599
1 2605
1 4557
2 3728
3 6047
3 1048
4 922
1 4767
1 4940
1 626
1 5072
2 6213
1 1226
1 649
1 6353
1 2751
2 2513
1 5630
3 2243
2 2156
1 265
2 5024
2 860
1 1244
2 2125
1 474
1 2637
1 3717
4 2201
3 5820
1 2738
2 6591
1 6118
3 5199
4 949
1 1139
1 1285
1 2840
4 2529
1 5366
1 2077
4 1683
3 3046
1 5995
1 256
1 2300
1 2031
4 728
3 285
1 505
1 1135
3 2235
1 3201
1 6302
4 1163
1 630
3 1382
1 138
1 1578
2 926
2 2724
3 995
2 4656
1 2559
5 1878
1 4204
1 1075
2 2155
3 479
2 2158
1 1482
1 4351
1 4934
1 3415
1 2019
1 1203
2 1005
1 2444
4 980
1 6141
1 5718
1 1651
2 1549
1 3735
4 3052
2 549
3 263
2 3984
5 1455
1 2756
1 1087
1 1537
4 1226
1 1782
1 6073
1 6593
4 1484
2 6162
4 3130
5 1610
2 6150
3 718
1 3594
1 1446
1 2560
1 6296
3 6247
2 5049
4 97
1 1514
2 3666
2 917
1 4215
1 3005
1 2040
5 174
1 2730
2 1821
1 2056
1 5519
1 2222
1 632
2 824
1 5176
2 6497
1 5154
2 4759
1 1066
1 5086
1 1506
2 2101
3 1219
1 3715
1 4279
4 3043
1 6541
1 485
4 396
1 4805
2 754
2 4071
2 4884
3 2263
2 3550
1 539
1 3576
1 74
2 3903
4 352
4 1434
1 158
1 2014
1 1042
1 65
1 2417
1 739
3 3519
1 3984
2 5721
1 1686
2 807
4 451
2 587
5 2588
1 1606
1 5361
1 5646
2 4881
6 1460
1 1808
7 693
2 2497
2 6060
1 5570
2 1139
2 3159
7 1541
1 3130
2 2036
2 4953
2 4012
1 6123
1 1310
2 5509
2 5539
2 1017
2 4995
2 1332
1 6243
1 4437
1 3253
3 2179
1 4224
1 4541
1 5344
1 4133
1 3447
4 800
1 6207
1 3315
1 3950
1 4361
1 6022
1 1248
2 1208
2 5543
1 4542
3 965
3 3294
1 2006
1 4365
2 981
1 710
2 1677
1 368
1 5970
3 1461
1 3773
3 1118
2 5663
4 108
1 1680
1 658
1 790
1 1284
2 2914
5 85
1 1062
2 3529
2 1406
3 2978
2 4294
3 5101
1 4274
1 869
3 5625
2 2084
1 137
1 767
1 3556
6 507
2 975
1 471
3 5608
2 6026
3 3025
4 528
1 6112
2 4210
5 1791
1 310
2 2721
2 5520
1 1753
1 822
3 1378
1 5408
2 441
3 5029
1 5506
1 3646
5 2668
4 1696
4 740
1 5234
1 5429
1 5374
1 6595
2 4184
1 727
2 119
4 2402
1 5833
1 747
1 3345
1 1920
4 3216
6 9
1 6301
3 3358
2 4761
2 3252
1 2716
1 6528
3 667
2 1999
1 5366
1 3282
1 2067
2 3972
3 2280
5 3304
3 1819
4 2616
1 34
1 1328
2 4082
3 408
5 1298
1 329
1 6111
1 2150
1 697
1 3027
1 6362
1 1212
3 3020
1 5249
1 4958
6 1308
1 4897
2 5095
2 1126
1 6136
3 1089
2 456
1 3920
1 6418
3 3151
3 2137
1 441
2 1276
1 3999
1 2178
1 6059
2 5565
2 58
1 347
2 1210
4 1704
1 5989
3 1077
2 4049
1 6051
6 3271
2 3140
2 227
4 1624
2 4174
3 2389
2 90
1 6087
2 4687
1 727
2 786
3 2329
2 3177
6 1012
1 111
1 1510
1 6250
3 1113
1 5166
3 2394
1 550
6 267
6 538
1 6261
2 3292
4 962
1 309
3 63
2 2342
1 3137
1 779
1 3948
5 2019
3 6575
1 5303
6 2877
1 5751
1 1935
2 2510
1 32
2 6037
1 2640
2 1030
3 638
1 3333
1 4491
1 5607
1 2507
2 1975
6 2585
2 296
4 641
2 941
1 3037
1 2028
1 5968
4 1021
1 1895
4 2745
1 74
2 3864
1 2367
1 299
2 2573
1 5661
2 62
1 3571
3 201
1 5201
1 3732
2 1548
1 456
3 2189
1 5444
1 4405
2 4646
2 5884
4 3338
1 4287
1 2386
4 2220
5 2478
1 4443
1 1349
2 6127
1 1817
2 3115
1 6205
2 4585
1 3422
2 4600
3 247
1 90
3 938
1 913
2 4066
1 2202
3 3355
1 3651
1 4017
1 753
6 1531
1 869
2 4221
2 3215
2 960
4 1554
1 2185
1 5825
1 2913
2 89
4 2200
7 1695
7 2150
1 6000
1 916
1 3601
3 686
7 2610
2 362
2 2340
1 1996
1 156
4 2687
1 1561
1 444
2 5354
2 2624
1 6101
2 239
3 4211
2 1551
1 1691
6 2734
1 4536
4 1114
1 6298
1 5240
1 3661
2 6119
1 5269
1 5394
2 5848
1 6038
1 628
1 1791
4 2671
3 1827
1 4186
1 531
3 6576
1 5030
1 1955
1 814
1 1274
5 2092
2 1995
1 1999
3 1675
4 1100
1 1620
2 23
6 2582
1 5850
1 2859
5 2528
1 5576
1 3126
1 6143
1 3895
4 4131
1 5655
2 960
3 2534
1 6446
2 2679
2 6287
2 475
1 6204
3 2081
3 3496
1 4734
1 177
1 1346
1 2043
1 5817
1 1933
2 968
2 5710
1 1864
2 1989
1 5920
4 2875
1 3253
1 4405
2 1685
1 954
2 5941
1 1510
3 3937
3 634
1 1274
1 6106
1 2277
1 6176
1 977
1 4921
4 3124
8 3201
1 6559
2 3015
1 511
3 2486
1 691
2 5992
2 527
1 406
1 431
1 563
1 5765
1 1592
1 4053
1 3259
3 420
1 6579
2 5490
1 5229
1 2089
4 2368
3 2845
1 4977
1 1222
2 1156
1 4947
1 6411
6 1535
2 3669
1 5036
3 853
2 2776
1 1102
2 3158
2 5811
2 3881
2 394
1 3762
1 410
2 1721
1 1526
1 4751
2 5394
1 6554
6 2340
6 767
1 4621
2 3336
1 6503
2 6007
3 3
2 2632
2 577
1 4580
1 2403
3 4869
1 4870
3 2424
2 2964
1 242
3 4963
1 998
7 325
1 1236
1 5541
7 3208
3 2109
1 6517
1 2660
1 798
2 2371
8 983
1 1526
1 59
1 6120
2 3317
1 1103
1 147
3 1581
2 4518
1 1060
1 4671
6 846
1 1580
2 537
2 1245
1 6007
1 3407
1 5725
3 1881
2 3285
3 846
2 2577
2 6161
2 6219
2 1650
1 4192
1 4084
2 2372
1 1704
1 3643
1 1123
2 2477
2 4235
2 1089
3 1731
2 3242
1 146
3 167
1 4743
2 3453
1 6456
1 2748
2 4540
2 5006
5 797
3 859
3 3093
2 2076
1 5950
2 174
3 395
4 1856
3 4410
2 353
1 2701
1 3308
2 3382
2 4508
1 2591
2 6112
1 3948
3 353
3 2720
2 2692
1 4597
5 2693
1 1085
1 1775
2 2249
4 523
1 5359
2 4132
2 5318
1 5408
1 1590
2 2382
1 3813
1 1280
1 3321
2 4206
2 755
2 4151
5 2686
1 2430
2 1545
2 5496
1 3187
1 515
2 1890
1 236
7 2908
1 3629
1 1338
4 1330
1 5727
3 2394
1 2344
1 585
1 2887
1 5236
2 6186
1 2063
1 4810
3 894
1 1976
2 5298
1 346
5 2350
1 650
1 4822
1 425
2 2431
3 2776
1 1127
1 1792
1 1529
1 4252
2 6480
1 5320
1 4356
1 373
2 1393
2 5224
1 5348
1 5097
1 6050
6 1967
1 2224
1 3630
2 2663
1 4338
2 777
3 1133
1 5141
4 821
2 424
1 5242
3 2729
2 3932
1 5467
1 3499
3 2270
5 67
4 4933
1 3674
1 4352
5 2858
1 2058
3 484
1 1145
2 4735
2 1556
1 141
1 1290
2 3305
1 5221
3 1222
2 13
1 138
1 4333
3 3047
1 121
3 2767
3 1386
2 3537
1 4064
1 3721
2 464
1 5138
2 5242
1 2311
2 2670
2 4664
4 1944
1 6246
6 233
4 2682
1 5167
1 480
3 2572
4 1353
1 1569
1 1548
7 345
4 1586
1 157
2 962
1 5491
2 1170
1 1271
2 1455
1 164
3 476
1 735
1 3297
2 2254
1 5460
4 1891
1 1994
2 5541
5 2999
2 3727
1 2240
1 2636
2 811
1 3192
1 619
2 2245
1 1517
7 2267
2 3170
1 5693
2 811
2 1845
3 3041
1 3385
1 5085
3 3327
1 4937
1 2337
6 1975
1 2515
1 2307
1 318
3 842
2 3432
2 5246
3 6204
1 4277
1 3183
2 4591
2 3218
1 4047
2 2404
1 154
1 437
1 1214
2 2711
2 122
1 4704
2 6494
1 2106
2 3227
4 1995
1 2669
1 4114
3 2694
1 4069
1 1944
1 871
1 3725
1 5287
1 25
3 548
4 5771
6 1866
4 705
5 1615
3 3018
2 3665
2 5865
4 261
1 404
3 5768
2 1170
1 1283
5 3268
1 4672
5 624
5 1610
2 1344
2 2944
1 1620
1 6355
3 996
2 3440
1 1809
1 4096
2 2748
1 548
4 2189
6 3285
2 5276
5 416
3 861
5 966
2 2843
5 2991
2 742
4 762
2 3469
1 4240
1 1450
4 2094
1 1610
1 5323
4 2252
1 951
6 1937
7 1344
4 3347
1 4257
1 2487
1 3350
1 4970
1 2403
2 5023
1 2377
2 3289
1 2048
2 1486
1 1338
1 4436
3 1908
1 3747
1 6300
1 824
1 3341
1 2646
2 187
6 302
1 3561
2 6112
3 1056
1 2916
4 696
4 1356
1 1925
2 2344
1 1743
2 2758
1 223
1 242
1 2468
4 2084
2 1458
5 3393
1 3939
1 1428
1 1508
2 5675
2 5284
1 3194
1 4321
3 2340
8 2669
1 6394
1 564
1 4409
3 2393
1 2797
5 2565
1 6422
2 3401
2 5058
1 54
1 3735
1 3717
1 898
1 4294
3 6583
1 4373
1 1958
4 1230
1 6185
5 3348
2 5396
1 2155
1 1394
2 5887
2 4785
1 4897
1 6258
4 1989
2 1826
3 3036
2 1169
1 3455
1 3533
2 3162
2 4146
2 215
4 2120
5 1180
1 5424
1 3046
1 4936
1 5488
1 3209
1 5243
1 2625
1 5572
2 6063
1 987
6 925
2 5306
1 2111
1 3534
1 4717
1 332
2 5204
1 5077
3 939
1 1435
5 1745
1 140
3 1826
1 2955
1 5579
2 98
1 3248
4 2339
1 6354
1 5987
2 338
2 1380
1 2807
1 4131
5 1120
1 3507
5 2741
1 1629
2 3595
2 2300
2 5192
2 1099
1 280
3 6416
2 2070
1 5106
1 5017
2 6007
2 5503
2 538
1 4606
6 1141
4 2787
1 20
3 3387
2 6071
1 4113
4 2361
2 3214
1 6126
1 5039
1 873
1 1218
3 2661
3 4837
2 2528
1 3152
1 6508
1 3688
6 1339
2 4993
1 2143
2 46
3 1152
1 6077
2 3168
1 1106
2 3254
1 5721
2 754
1 3777
4 2975
4 406
1 2922
1 4894
2 624
1 2371
4 2258
4 5847
2 1971
2 4849
2 4552
2 5769
1 4418
1 5182
4 1928
1 6283
1 2412
2 469
1 1273
3 5396
3 659
1 1155
5 2273
3 2748
6 2501
1 2737
1 3558
1 4697
1 3349
1 2577
2 699
1 2145
1 1521
2 2796
2 6445
2 4740
4 1351
1 5975
1 6580
2 2762
1 973
2 3730
5 2045
1 3630
5 164
3 519
1 4837
1 1502
1 382
1 5835
1 854
2 2609
2 2883
1 2218
4 1181
3 500
1 5314
3 557
2 229
5 2365
2 6221
2 5845
1 851
1 3423
1 3896
2 3172
2 3526
1 1964
1 3028
2 158
1 4172
2 2621
2 2983
4 1214
5 1773
1 5917
1 5891
3 4968
3 841
1 264
1 1063
5 553
1 2353
1 742
2 620
1 4186
3 1775
3 630
3 2934
1 2211
3 1823
1 1649
1 2360
2 3377
1 1839
3 2080
1 1423
2 4643
3 3173
1 5430
2 22
2 2001
4 287
1 3881
2 3652
1 1698
2 272
5 619
1 121
3 2391
1 5693
2 979
1 5927
2 127
2 534
1 1292
1 1069
2 2626
5 2542
1 2065
3 1884
2 2262
2 5053
1 1355
5 2577
1 1867
1 1590
2 3441
1 4110
3 2974
1 4349
1 2384
2 1272
1 5857
2 6181
1 2540
2 3372
1 6568
3 1021
2 4187
3 2450
1 6022
2 4706
1 3909
1 2774
1 904
3 3532
5 949
1 2758
1 5253
2 444
2 4232
1 795
2 2025
6 2401
3 1222
4 2126
1 1504
2 571
1 2891
1 5147
1 3972
2 3786
1 5314
1 2238
1 1695
1 5860
4 1910
1 2714
2 5321
1 3947
1 6087
1 4457
4 5
2 3164
2 765
1 662
1 3508
1 3195
6 2571
3 759
1 2050
1 2867
1 4057
1 5281
1 78
1 3902
1 2256
1 1058
1 4324
1 640
1 446
6 57
2 2561
4 3270
4 467
2 2584
1 1253
2 2212
2 5204
1 4762
1 4893
3 288
1 5339
1 1926
1 380
2 1046
1 479
3 5446
1 6422
2 2864
1 4460
1 4761
2 6288
3 1407
1 5283
2 5132
4 2333
1 5091
1 1864
1 4376
1 1405
1 5864
1 2406
1 2759
1 465
1 6499
1 4016
1 6118
1 936
2 2175
4 882
1 6219
3 3009
1 4623
3 5820
4 458
2 1974
5 855
2 5670
1 285
1 1278
1 1068
2 6416
4 1538
2 6487
6 2034
3 2188
1 6567
1 712
2 141
9 2342
1 3814
2 912
2 5623
5 2070
3 1715
3 2101
1 959
3 2870
1 1470
6 3341
3 349
2 753
1 4845
4 2903
1 5340
2 3652
4 216
3 5729
1 6425
1 1628
2 3050
2 3047
2 5232
2 4530
1 5329
1 4723
2 3735
1 495
3 3821
7 1709
5 1571
4 303
1 4378
1 2046
4 1485
1 5035
1 312
2 5821
1 528
1 3906
2 2117
1 2372
4 791
1 5393
5 2843
4 2431
1 2198
4 5587
5 3152
1 498
1 2314
1 6567
1 6286
1 16
2 2163
1 2941
1 2987
2 1178
1 3061
1 6204
2 4518
2 4926
2 6233
2 2839
1 1461
1 1631
2 4754
2 2287
2 616
4 775
1 197
1 3764
1 1385
2 4887
1 1348
1 5749
3 1868
1 4395
2 4998
1 3666
2 4662
1 5987
3 595
7 1249
2 3889
5 2539
1 1688
1 4335
1 2404
2 4324
2 2257
2 2139
1 5394
1 332
2 3205
2 5004
1 945
2 2839
6 1467
2 940
1 4872
6 1837
3 5094
1 5801
1 6468
2 1606
2 1915
1 3182
4 823
4 1944
1 285
2 2636
4 2067
1 564
2 1976
1 3002
1 4000
1 3040
2 1487
1 5782
1 145
1 6246
3 1700
1 881
4 1204
3 454
6 2981
1 4501
3 1889
1 3272
3 2345
3 1339
1 2502
2 2113
1 1974
1 781
3 770
4 89
1 1985
3 1056
1 31
1 4942
4 1999
1 3003
3 728
5 508
1 5256
5 2710
1 2147
1 5067
1 2883
1 234
1 6211
1 5390
2 4722
1 2047
1 31
2 1198
5 2935
1 4174
2 6299
1 2278
1 276
5 1465
4 1944
1 742
3 3234
2 2667
1 5368
3 1558
2 1685
2 3338
1 543
1 5722
1 1862
1 6550
3 2033
3 6143
1 1897
1 1918
1 1942
5 2377
3 802
3 613
1 3697
1 2482
2 3618
3 2000
2 2958
2 1536
2 508
1 1687
1 6152
3 3058
1 183
2 1449
4 2034
3 5134
3 527
1 1365
1 718
2 2431
3 73
2 3080
1 3600
1 3611
2 2368
1 2406
1 4888
2 891
1 857
1 1046
4 3108
1 4257
1 3258
1 1798
2 5986
1 1564
1 3844
3 3634
3 902
5 2742
2 3456
2 1506
1 5665
6 2700
1 2455
1 6008
1 5078
1 5352
1 5031
1 5841
1 5148
9 19
1 1260
1 1228
1 6474
1 1590
1 5897
3 4087
1 4351
4 220
2 2502
3 1965
2 2399
3 1037
1 3533
1 3331
1 2170
1 879
1 4510
1 5221
1 5372
7 1152
1 3487
1 5992
1 5129
3 5673
4 5766
3 1753
2 4810
3 2326
2 231
2 2919
4 2287
1 2352
3 1779
1 3186
2 2352
2 960
1 2639
3 372
2 4025
1 3437
3 3309
2 2662
1 5796
1 1797
3 4486
3 2366
1 6068
4 2833
2 2748
2 119
3 1843
1 642
1 3905
1 5281
3 319
1 4379
1 737
2 1121
2 2311
5 3314
1 2004
4 2912
1 1668
2 564
1 3204
1 6019
1 1981
1 1591
1 6401
3 983
1 720
3 3129
1 2506
2 4467
1 2382
1 4581
1 104
5 1098
5 2633
2 2059
2 1703
2 3541
1 124
6 1960
1 695
1 294
2 2046
6 42
2 1142
1 6349
1 779
1 6159
1 2862
1 2415
1 802
1 1831
1 1657
1 3341
2 5390
1 1815
1 3869
2 4529
4 589
2 941
1 3671
3 366
1 1743
3 1165
2 2076
2 5910
1 202
1 2742
2 1754
4 1082
1 6335
4 1770
2 2047
2 3765
2 3908
3 5789
1 2107
1 1942
2 914
1 4686
1 5311
5 3188
1 2522
1 6000
3 2259
1 2998
2 5739
1 193
1 2868
1 2924
1 4193
4 1908
1 2282
1 998
6 2256
3 1593
1 5217
4 3158
2 432
1 6056
1 5621
1 5062
1 4281
2 1379
1 2139
5 1852
2 2622
1 2603
2 5768
1 6429
3 2375
1 1162
1 4895
8 913
2 3095
2 1321
1 1679
2 1666
1 884
2 2324
1 5018
1 126
2 4566
3 1189
1 6371
2 2982
1 1382
1 477
2 5232
5 307
1 6132
1 6316
1 5124
2 2963
3 1882
1 1156
2 2769
1 5547
1 2974
1 4788
1 3552
1 126
1 4108
1 5815
2 1104
3 2377
1 5054
3 2299
2 6562
1 4918
4 302
1 879
1 3266
1 2448
1 4371
1 4491
2 2307
1 4400
1 1781
3 5353
1 5442
1 4308
2 5943
1 1606
3 917
6 1518
1 3317
1 3914
1 2451
2 5613
1 1157
1 4618
2 5376
1 2206
3 2065
4 2692
3 2462
3 3099
5 3791
2 944
2 4307
3 68
3 2257
1 1483
5 3239
1 4834
2 5914
2 4475
2 2020
1 5892
1 4579
2 4011
1 3906
2 1548
1 3798
1 3511
1 2260
1 3889
1 3027
1 414
1 5164
1 58
3 1695
2 4531
1 1292
2 2431
1 3400
4 185
5 3121
1 2196
4 3197
1 5126
3 2339
5 1170
1 3465
1 453
2 1257
2 604
5 1579
2 330
2 1974
1 3720
1 743
1 4474
2 2849
2 2630
1 6251
1 6124
1 5498
2 1627
1 1161
1 1531
2 450
5 1516
2 1261
1 4151
2 3245
1 1086
2 3453
1 4975
2 766
4 1002
5 2875
2 5334
1 2219
5 1339
1 3508
2 1936
5 1271
3 1053
3 797
2 1962
1 4666
4 370
1 5283
1 19
1 3411
1 2272
4 1489
1 5927
2 5188
2 5670
1 3414
4 425
5 3297
1 6414
1 5630
2 2467
3 486
2 580
2 3075
2 1839
1 1759
5 2749
1 4983
1 1753
5 1425
1 531
4 549
1 5727
2 5000
2 1521
1 486
1 2101
1 866
1 6364
3 852
1 5835
1 4618
2 4325
2 4189
1 65
3 131
5 647
1 5081
1 1812
4 1716
5 2826
1 1733
1 3721
7 1613
3 6542
1 2208
1 3244
5 2811
2 4096
1 4803
1 4164
1 1646
1 2828
1 787
2 1496
2 3809
1 4597
1 3629
1 5359
5 1306
1 1441
1 6214
1 924
1 711
4 15
4 1588
1 279
2 2030
4 1354
1 1542
2 6358
2 5346
2 4152
2 4411
5 1408
3 1042
1 3899
1 5180
3 1096
4 1380
1 5749
1 5807
1 470
7 2050
2 1170
3 1584
1 4119
1 3811
5 747
2 2158
2 83
1 659
2 3713
1 529
3 2040
1 376
1 358
1 1238
1 615
1 3193
2 3159
1 5832
1 6088
1 3765
1 2012
1 4894
1 677
4 2156
1 2864
1 1703
1 1595
2 2452
2 5999
1 1735
1 3157
2 468
2 770
2 1557
1 5505
1 5157
1 2945
2 5210
1 2987
3 735
2 250
5 1924
1 5660
1 2297
1 2942
3 3017
1 5059
1 2413
1 6278
1 5334
2 238
1 148
2 6255
1 1977
1 3798
7 3186
1 31
1 6100
3 1507
1 5602
1 2735
1 6310
1 2610
1 2997
1 3053
1 4424
2 2684
3 2017
3 2086
2 803
2 4645
3 2847
1 768
3 353
2 1978
3 1663
2 350
2 3124
1 4733
1 1632
2 3972
2 1106
1 2063
1 1467
6 3086
1 4047
1 299
1 5112
1 3167
5 1922
1 2190
1 2432
2 221
1 2549
2 5509
1 6361
1 986
2 3660
1 3343
1 1931
1 4068
3 1601
1 451
4 2763
8 1325
2 3486
1 5796
1 4202
2 1647
1 3428
2 2285
4 3086
2 4565
1 5581
2 2508
2 3605
3 2894
2 1326
3 2231
7 799
4 1363
2 4485
1 5831
1 185
1 6543
1 3121
1 6376
4 2166
2 13
1 1915
4 2535
3 1342
3 1616
1 2071
2 2048
5 1393
1 3690
3 362
1 475
1 4452
1 3208
2 1144
1 713
5 811
4 1793
1 1972
3 541
2 85
2 182
1 5778
1 3827
1 6387
2 1808
4 306
6 1796
2 716
1 521
1 3695
1 5184
3 4170
5 3133
2 5576
1 4384
1 2933
1 3379
1 61
5 2991
1 5931
2 1168
1 2487
4 863
2 2590
5 1872
4 2178
1 4099
1 1778
6 1659
5 1183
1 352
1 5054
1 4535
3 5108
1 2172
1 2454
1 1476
1 6421
1 3751
2 2020
2 1116
3 2933
1 3751
2 3255
1 362
1 841
1 3416
5 544
1 824
1 6150
1 2004
2 3303
3 641
1 2300
1 3768
1 4404
2 1275
2 331
2 1588
1 818
3 2696
1 3091
3 285
1 5455
3 1540
2 3395
1 4739
1 2449
3 2127
2 5816
2 3739
2 2126
1 383
7 533
4 403
2 5425
1 2389
2 4343
1 6184
1 3401
1 142
1 6236
5 1282
4 3091
1 6075
2 2600
3 1002
1 1223
1 315
1 2471
1 2942
1 2925
1 609
2 566
1 1572
1 2938
2 438
2 6348
3 11
2 4526
1 3219
1 6435
2 5821
1 5587
2 2758
3 3014
1 3399
1 278
1 3537
2 1772
2 5961
1 4078
1 5425
1 4021
1 5439
7 228
5 826
6 3098
2 2060
5 1684
1 508
1 248
1 821
1 6064
3 736
1 4172
4 1858
4 3165
4 159
2 1246
2 2531
1 3203
1 343
1 3056
1 4036
1 1206
1 5537
1 5714
1 2181
1 1351
1 1403
2 4479
1 3869
2 2362
2 5874
4 2271
5 138
1 5998
3 3400
1 2536
4 2683
2 5751
1 2161
6 2985
2 6364
3 3097
1 5249
1 1974
1 1693
6 2582
1 407
7 2577
1 5233
4 1745
1 3346
1 739
1 4002
1 517
1 2713
4 2529
1 1466
2 2018
5 2831
1 5617
1 1388
1 5352
1 4183
1 2000
3 1339
2 706
3 1910
3 2113
1 4965
1 2068
4 1053
1 2219
1 4759
1 776
1 5192
1 95
6 2840
1 2669
2 5317
1 3684
2 5271
2 3991
1 966
1 3772
1 6263
1 2616
2 5505
1 4376
3 1915
2 2403
1 1082
2 1930
2 1134
2 3333
1 1244
1 5235
2 4619
1 6314
1 5700
2 1716
2 5065
2 3312
5 1824
2 2721
2 3381
2 255
5 2716
1 2031
1 2777
2 1992
1 3669
1 4367
3 1037
1 6315
1 1179
4 548
1 584
1 4639
1 6019
1 752
1 2534
2 5541
3 2265
1 5270
2 2992
5 1216
1 3409
2 1755
3 1829
1 138
1 645
2 1188
1 1260
1 1367
6 1625
1 5573
2 1779
2 2416
1 5819
1 2201
1 4300
6 1125
1 4811
2 551
4 2562
1 887
2 3135
2 6237
1 5638
1 767
2 693
1 3125
3 3478
2 1221
1 4245
1 6048
4 784
2 147
1 1171
4 2343
1 413
3 162
2 4824
1 4535
1 908
4 2073
3 134
1 1586
2 6063
1 3017
2 2831
1 6599
2 5378
2 4674
1 2749
1 4176
3 2198
3 3229
1 2109
5 2988
2 1085
2 1263
2 670
1 3493
3 6009
1 4668
1 4734
1 983
1 6556
1 420
2 3656
1 79
2 4326
9 760
2 724
7 1540
1 4270
1 401
1 725
1 1911
4 2354
1 4733
2 402
3 2453
1 5863
4 1585
1 5871
4 2051
3 526
1 2838
1 733
2 199
1 570
1 2005
5 1030
2 1694
1 3903
1 4881
1 3714
1 5836
3 5252
1 961
2 5515
1 5025
1 2828
2 1244
2 6024
2 2736
2 4659
1 2366
1 2473
4 1810
3 2815
2 2574
1 1160
3 4180
2 3528
1 2524
1 4927
1 523
2 2660
1 2195
3 681
2 912
2 4530
2 3648
3 2583
1 1124
2 3276
1 6515
1 1353
4 1123
1 5485
1 957
2 2518
1 4135
3 1131
2 119
1 4941
1 895
4 3205
3 1779
1 458
1 5585
1 5971
2 2842
1 4941
3 2760
1 2976
5 2401
1 3843
1 2663
7 522
3 247
3 87
7 1142
1 1200
1 3050
1 3529
1 6425
3 880
3 1055
1 713
1 478
4 1198
1 6430
1 6449
2 1004
2 3686
1 6199
1 6224
2 4384
1 6208
1 3420
1 827
5 3378
3 820
2 4533
2 5998
1 398
1 4944
1 4203
2 5186
1 5774
2 110
4 850
2 577
3 1649
1 3262
2 1503
3 1282
1 1259
1 4595
2 2829
2 4881
1 6446
4 401
2 1067
1 6531
1 4142
1 3148
1 4503
1 2065
1 3265
1 3838
1 5981
3 1104
3 2495
1 2447
8 1219
1 131
4 1520
2 722
4 2209
4 2440
2 1994
1 468
4 919
3 5363
2 2506
1 6203
2 4406
1 2079
2 3096
1 3334
2 4346
1 2080
3 2412
2 4950
1 4663
1 4583
4 28
4 3150
1 6198
1 1768
1 1183
1 5614
6 1254
2 1025
2 940
2 965
2 2012
5 131
2 1404
2 2382
3 6269
2 2008
1 4457
1 2369
1 6470
2 3182
4 645
1 2125
1 114
1 776
2 1438
1 5952
7 2522
1 3733
1 2818
1 4823
1 600
1 4729
4 1956
1 3130
1 3383
1 2556
4 387
4 1669
2 1100
1 940
1 873
5 3130
1 2688
1 3858
1 4137
1 1816
3 1977
4 3554
7 18
1 5700
3 3401
1 1136
4 2558
1 4722
3 2290
5 3029
4 1428
1 672
1 2493
3 3147
1 5330
2 1234
1 6471
2 6346
2 6211
7 2760
1 2435
1 5592
1 6226
1 4199
3 4649
2 4909
2 3322
2 584
8 2996
1 2906
1 4125
1 2884
1 2877
2 2691
2 3294
1 1386
1 3764
3 1043
2 1591
1 4432
1 1230
1 4569
1 1077
1 2665
3 964
2 2129
2 606
2 3083
1 3240
1 4839
1 2639
1 1567
1 2178
1 1385
1 115
2 183
3 2812
1 4911
1 327
3 2056
1 6369
1 3244
2 4684
2 880
2 522
3 2574
2 6262
3 4251
4 68
1 2894
1 2624
3 2965
3 1967
4 5225
1 5275
1 3665
2 3057
1 6123
3 359
1 5473
8 1914
1 6171
3 946
5 54
2 1240
1 900
1 2528
2 2236
1 3257
3 176
1 6368
5 234
1 5457
1 3819
5 800
2 1572
2 1689
2 2027
1 135
2 1769
4 5171
2 736
2 475
1 6100
3 4435
1 3083
4 5386
1 5187
1 387
2 1160
5 2452
5 1896
2 226
2 3088
2 6541
2 4419
1 3264
6 2655
3 981
1 3329
1 2197
3 3043
3 2224
1 4031
3 1326
1 2884
4 2541
2 643
1 5156
2 3194
1 3318
5 2990
1 5216
4 244
1 404
1 4357
1 411
1 2786
3 158
1 5161
1 326
1 926
2 2526
2 1058
7 1726
2 1042
1 6356
2 6281
1 1367
4 2817
1 1320
1 381
1 1699
2 1383
1 2409
3 4088
2 2003
1 3901
1 2882
2 933
2 6301
1 3161
1 4975
2 2145
1 4747
2 6210
1 6146
1 199
1 3996
1 2446
2 2866
2 4874
4 2921
1 2656
1 4354
2 2065
1 5473
2 1244
1 3527
1 2402
1 3377
1 5080
1 6558
3 1281
1 182
2 1274
1 2298
3 1411
2 5673
1 3063
2 3806
4 1566
1 2114
1 4914
8 750
1 4596
5 708
2 5597
2 1406
1 6319
2 2017
2 1956
1 6193
4 968
2 2847
1 14
4 2683
1 3521
1 4569
2 65
1 5480
1 2793
3 923
1 622
7 2659
1 154
1 4043
1 6595
1 1025
1 4386
1 4289
1 5231
1 2279
1 2268
3 79
4 2035
1 3806
5 244
1 975
1 5863
1 5504
1 4421
4 2332
1 3204
2 758
1 4458
3 2397
4 1462
1 6426
1 186
2 1307
4 1641
1 1361
1 1173
2 2304
1 1793
4 2123
4 846
1 3520
2 1115
3 621
1 6374
5 3081
1 6466
2 2786
4 2071
2 3804
3 1334
3 4754
1 178
1 966
1 4863
2 135
1 4272
1 4298
2 1184
4 541
1 6101
4 1426
2 3676
4 2475
1 2759
1 1370
1 3253
1 2283
2 2767
1 5396
1 3477
2 6350
4 1472
9 1688
1 6225
3 3612
1 4787
1 3587
1 3103
1 6070
2 1668
2 3226
1 2524
2 4233
1 4837
2 2249
1 4016
4 2002
2 2034
5 1757
5 1569
1 1595
1 3647
2 3323
1 5788
6 1195
3 5532
2 4391
6 752
3 3199
2 1882
2 3198
1 1417
4 1830
2 4072
1 567
2 353
2 5074
1 725
1 469
1 2631
3 1761
1 3246
1 2127
1 1505
1 6361
4 1484
2 2959
1 5685
1 767
3 5588
1 318
2 1891
3 2412
4 1107
4 867
1 3374
3 3360
2 877
1 1794
2 4351
1 5583
1 3040
2 2657
1 6477
3 1869
1 2804
2 1440
1 6531
1 4744
1 655
2 1537
1 3930
1 3858
1 3436
3 2232
2 2653
1 557
2 1205
1 3721
2 872
1 472
1 5937
3 1015
2 5600
1 2855
1 2092
1 2741
3 625
3 1467
3 1780
1 1051
3 1690
2 6034
4 4273
1 1259
5 639
3 3030
3 2645
1 5686
5 2441
1 1098
2 320
1 934
1 1240
2 2341
2 126
2 707
2 2998
1 5885
1 3690
2 119
4 4096
1 1632
4 839
3 723
3 3323
3 2022
7 479
5 643
8 3174
6 2252
1 5953
1 3848
2 3008
1 1299
1 1150
3 5973
4 2577
2 1012
3 789
7 1390
2 1171
3 4871
2 1670
1 4503
2 1995
1 1941
7 142
1 2486
3 6349
1 3368
1 722
1 1540
1 2067
2 2705
1 5828
1 1939
1 4645
1 245
2 1078
2 3022
4 3312
2 2952
1 2718
1 5745
1 542
2 2175
1 4321
3 1342
1 2553
5 2102
4 990
3 3254
1 2688
1 5328
1 631
2 2680
1 3432
1 2153
3 1755
2 4268
1 321
1 255
3 161
1 1480
2 6556
2 3538
3 1508
1 2403
1 6439
1 2908
4 3093
1 5568
1 267
1 1638
3 947
1 1036
2 1272
3 355
1 2015
1 5142
1 2019
1 2858
3 3127
1 21
1 3125
1 2300
2 188
1 1585
1 776
1 1064
8 409
1 70
1 3869
1 5865
1 328
1 2386
3 4542
1 3218
4 3301
3 5350
1 5756
1 5755
1 5366
3 1686
1 2541
3 1530
1 3836
2 3082
1 1331
1 521
3 6155
2 3782
1 552
1 6525
1 919
2 2777
1 4067
2 6541
2 831
1 4576
2 2952
1 4999
1 5958
2 4061
1 3329
1 5797
3 4727
1 2215
7 530
4 2614
2 3760
2 3238
1 4715
6 2275
2 1491
6 2728
1 2872
4 794
1 1350
1 590
4 2772
1 237
1 2740
1 641
1 2893
2 261
1 773
1 1358
2 4351
1 4214
1 209
2 3114
4 1047
1 584
1 3388
1 6292
1 2454
1 5483
3 974
1 616
8 1460
1 4505
2 4141
2 1995
3 2017
1 3763
2 2164
1 586
2 2053
2 1739
5 2358
1 4929
2 1293
1 40
1 3904
1 6470
1 3346
1 2681
1 4444
5 1668
1 2533
1 4067
1 3269
1 4759
2 2474
1 132
1 1136
1 5336
4 420
1 5843
1 714
2 2118
2 939
2 3886
1 643
2 5922
7 2646
3 2756
1 3775
2 2635
1 3344
4 1879
1 749
2 1562
3 2538
1 4355
3 1441
6 1094
3 2993
1 2468
2 1966
2 26
1 6385
2 5581
1 5014
1 4175
7 2479
1 88
1 2606
5 2219
4 2634
1 503
1 6015
1 1686
2 601
2 2758
2 6370
5 816
2 731
1 3001
1 3466
2 2683
1 3309
2 3045
1 5559
2 1779
1 4963
1 2840
1 5024
2 467
2 5531
4 2663
3 1685
2 543
1 121
1 957
3 36
2 1325
2 4518
1 1643
4 2806
3 4451
2 629
1 2173
2 1960
3 961
3 1228
1 1505
3 1649
1 5692
2 1765
1 284
3 2919
5 1245
1 2905
3 1267
1 817
1 652
4 2003
1 6337
2 3288
1 3210
2 6351
2 45
1 1343
5 755
1 630
1 6181
2 1560
1 6558
1 5369
1 4496
4 993
2 3851
2 5912
2 614
1 1801
1 2791
2 1061
2 56
1 304
2 3434
1 6003
2 4172
6 2945
5 982
5 1371
1 533
4 656
1 6536
2 4956
2 2102
3 3204
1 2332
3 6234
1 5105
2 6582
2 942
5 262
1 6024
1 957
1 5184
2 3278
2 1061
1 6586
1 189
1 1371
4 2720
3 2717
6 2554
3 1317
1 5414
5 2985
2 4060
4 5339
1 718
1 602
1 3000
2 1983
2 3400
4 2309
3 4483
2 83
2 1826
1 2137
1 3961
1 5047
5 1927
5 2078
2 4959
3 2424
8 175
2 1492
1 1922
3 1616
1 5413
3 2985
1 1936
1 2060
1 5768
2 1968
2 4216
2 2361
3 1037
1 4137
1 3621
1 1544
1 5302
1 5946
5 1818
2 5669
1 3856
1 2893
1 3073
2 929
3 6268
1 867
1 3165
2 6380
3 2613
1 2298
1 5144
1 4223
1 4275
1 811
1 388
1 5919
1 1728
1 2853
3 2836
2 763
4 311
1 3242
1 1051
1 3504
1 1551
1 230
4 486
1 1468
1 5827
1 1084
4 5267
2 2030
1 2242
1 4822
1 5427
4 1872
5 3188
1 134
1 6033
3 783
4 428
5 1073
5 1440
5 989
3 2764
4 575
2 1279
3 2775
3 923
2 3213
1 120
1 1090
1 6537
1 2620
2 1366
1 6198
2 2620
1 4724
2 3655
1 6565
2 831
1 1964
2 1338
2 1181
2 1727
1 5050
1 5616
1 4444
1 5902
1 2570
2 4166
2 2692
3 1571
2 3595
1 4537
4 3306
2 482
5 693
1 5932
4 4636
1 4103
3 1067
1 4455
1 5433
2 6080
1 3950
1 108
1 2220
3 6461
1 3408
4 1470
1 4897
1 6432
2 2708
1 6588
2 5332
1 1913
2 2882
3 2995
2 97
1 2778
2 4174
4 1098
1 2433
1 1625
1 3179
1 2770
5 3254
1 548
1 4832
1 5088
1 3784
2 743
1 756
1 4657
2 893
2 6084
1 2572
1 2646
2 5477
1 2042
2 2812
2 162
1 1682
4 2198
1 1192
1 1686
2 5316
4 3290
2 2159
1 1948
1 2498
1 2130
2 1557
3 2566
1 532
1 2620
1 1879
1 4926
1 5921
2 4588
2 4056
1 1020
1 1636
3 2723
3 2794
4 2028
1 5843
1 748
1 1268
5 26
1 6461
1 3543
1 218
2 3222
1 1906
6 2178
1 4
1 36
3 1004
4 2781
2 6067
1 5076
1 3537
2 4445
1 1798
3 2847
1 4614
1 4757
1 2840
3 2884
6 2123
1 4073
2 734
2 6356
1 801
6 1095
1 6063
1 3246
2 2815
3 4246
5 3400
1 4010
2 3079
3 2320
3 2521
2 804
2 488
1 6280
1 3003
5 1376
1 3610
1 3222
1 5291
1 6321
1 2511
3 1676
1 461
1 5212
1 3369
4 3362
1 968
1 2239
2 504
1 6025
2 874
1 3474
2 1648
2 5841
3 2026
3 728
7 1315
3 2584
5 2421
2 257
3 1603
5 882
2 2338
3 520
1 3228
3 5391
1 691
7 1445
1 3686
6 208
2 5792
7 915
3 942
3 756
1 4224
6 1173
5 2399
1 1393
2 2032
3 2287
3 294
1 6295
3 2293
1 4147
2 1665
1 2034
2 3205
1 6505
1 4844
3 1522
1 5189
2 1869
1 909
1 2605
1 2318
2 668
3 1146
1 1404
1 1621
2 4479
7 1511
1 122
4 2316
1 3284
3 22
6 354
1 2932
3 1118
1 275
1 1238
1 3396
1 2873
1 2378
2 2334
3 1114
4 1233
2 2872
1 2418
5 60
1 4582
3 2076
2 2083
1 1945
4 1745
3 1728
5 396
1 929
1 4853
1 2723
2 3263
1 1705
1 4778
1 391
1 2826
1 4815
1 5408
4 1557
2 2643
1 6078
4 3100
1 3497
1 1728
3 5
8 3112
2 6292
3 1996
1 6121
3 112
1 3972
2 1552
1 3486
2 579
1 5812
1 1648
1 2209
1 5983
1 4148
1 1156
4 1375
4 2050
2 4142
1 543
5 2002
4 1231
2 5016
6 2337
2 2118
2 760
3 2800
2 5373
1 704
2 5844
1 6372
2 1592
3 3133
3 1456
1 3855
2 324
1 2661
1 1852
4 3145
4 1956
1 4096
2 4917
2 706
1 5615
1 2412
1 5310
2 2202
1 4138
1 1496
2 6169
1 1187
3 1196
1 2434
1 5773
2 2499
2 4872
1 1451
1 4049
3 252
1 4506
1 4623
1 4656
4 2522
2 2783
3 2857
1 2463
1 4075
1 3234
2 38
2 5681
1 1600
1 3626
1 628
1 3857
1 1779
1 5414
1 2223
1 2261
1 3019
5 1109
1 6012
1 36
1 4209
1 2868
1 4467
2 917
2 2388
4 1181
3 1326
1 5727
1 1947
4 118
2 3351
5 2442
1 4295
3 391
1 4985
1 1853
1 2553
3 2296
1 3094
1 1137
1 2092
1 1289
4 1481
1 3114
2 1733
1 2075
1 1969
1 4430
2 812
3 1750
2 3219
3 1096
3 642
3 5660
2 3912
2 1531
2 5796
1 1384
1 1703
1 3514
2 5008
1 1977
1 2094
3 279
2 415
1 4174
1 4107
2 938
1 3298
1 59
1 4770
3 1107
4 680
2 6452
2 313
8 3107
1 2764
1 1034
1 4224
1 272
2 5033
1 5308
2 5118
3 1665
1 1794
1 2244
1 3974
2 4018
1 3225
1 1776
2 5666
1 3121
1 6122
1 1366
2 3328
1 935
2 976
1 5275
3 930
1 1867
3 5510
1 5222
1 5688
3 1643
1 260
1 3015
1 5528
2 576
2 3443
2 4902
5 1084
2 1065
2 6493
2 3616
3 2788
1 5830
5 2220
1 2946
2 2785
1 5078
1 3532
3 6536
2 2061
1 5472
3 5937
1 3761
1 1718
4 2928
5 1382
1 579
2 4528
6 1651
3 2132
1 237
1 4142
2 4804
1 1975
1 2379
1 6008
2 1335
1 2472
1 5324
5 1651
2 1085
3 3243
1 1882
4 46
1 466
5 1506
2 3419
1 5714
2 709
1 1754
1 1466
1 5055
5 2725
1 567
2 5115
1 4240
2 2432
2 4220
4 1782
1 3237
2 4226
2 1475
3 3093
5 657
1 5648
1 6422
1 4962
7 3200
2 2277
1 5973
3 542
2 1215
1 2100
1 2371
1 1009
6 794
1 3523
1 4461
1 4772
3 1733
4 3169
1 1262
5 2913
1 5579
4 489
1 5934
1 1810
1 5510
1 3015
2 901
2 836
1 6
1 1673
1 3753
1 4399
3 30
1 613
5 1651
1 2055
2 2948
2 4214
1 5650
3 1257
2 2631
1 3981
1 6171
3 4509
3 2776
2 4129
1 4514
1 1145
1 1261
3 3710
1 4748
4 2965
4 1322
7 880
1 1550
1 1682
3 787
1 6123
3 40
3 1381
3 159
2 6421
1 1353
1 4616
2 4751
4 746
4 224
2 3816
3 1690
1 6337
1 5766
2 2113
2 722
1 1560
3 3306
2 3769
2 1703
3 2326
1 179
3 3080
1 3878
1 3254
1 154
1 6094
2 1734
1 3296
5 3037
3 318
1 2819
1 3585
1 3135
1 4775
5 1968
2 9
1 4861
3 5660
1 977
3 3348
2 3810
1 6076
3 701
2 4064
1 6215
1 5564
1 316
1 2949
1 128
2 4865
4 2086
1 756
1 3816
2 3073
1 1853
1 5705
1 278
5 1659
2 4155
2 5667
2 2297
1 949
2 267
5 3129
1 3811
2 873
1 6312
4 2131
6 1652
1 5340
2 4598
5 3329
6 1713
4 625
4 2020
1 4538
2 60
1 6257
1 441
1 1899
1 6270
1 4286
3 6455
1 5780
1 2128
1 5726
2 6278
2 6171
1 4901
1 1036
1 5999
1 3295
2 4944
1 3531
2 5313
2 3930
1 1384
1 2511
1 714
2 880
1 2276
5 3309
1 5843
1 3561
1 1226
1 2182
1 1533
1 1574
1 3895
1 3229
1 727
4 2376
2 5132
3 2216
1 2048
6 731
1 1677
1 5684
2 491
2 346
2 2080
6 881
1 3039
2 746
2 2103
2 5195
1 6523
2 3020
1 2240
1 5593
2 5718
2 1441
2 1848
3 676
7 3131
5 5684
4 284
7 3332
2 1079
1 6457
1 2370
3 893
6 888
2 6308
1 2552
2 1922
1 2681
3 1189
4 2887
1 5384
1 6554
1 4456
2 3812
1 3739
1 1830
1 142
1 5561
1 2862
1 2182
3 1383
1 4956
1 2008
1 5512
3 2586
1 2336
1 3977
1 321
1 5396
1 5137
1 2723
1 2626
1 5865
1 2851
1 1168
1 6155
2 1118
1 853
2 6400
7 320
2 3786
1 1251
1 6367
2 3979
3 2682
2 722
4 987
6 591
1 1934
3 797
1 5328
1 1591
1 2127
1 5692
1 4508
3 2471
5 1313
2 4828
1 5471
1 4028
6 1922
2 4747
3 1007
1 3420
1 283
4 1098
4 1101
2 3171
1 3377
2 5605
2 1372
2 3024
2 2306
1 4704
2 1400
3 1735
4 1590
1 4042
2 1000
1 2317
1 2504
1 2766
1 2951
2 1759
4 2662
2 1530
2 2840
2 2672
2 4426
1 6472
1 2001
3 1099
2 439
1 1199
5 3328
1 5551
2 6182
1 3122
2 822
1 4815
2 6483
1 6322
1 965
3 1390
1 5172
1 1253
2 2374
1 972
1 5207
4 2680
4 96
1 417
1 726
1 4316
2 2333
1 5084
1 6568
2 1009
3 1093
5 99
1 3713
1 100
2 6069
6 3022
1 1345
1 3302
2 3238
3 2220
1 2913
1 3202
1 3895
1 3964
2 2319
3 424
1 2104
1 2180
2 2487
1 6526
1 6512
3 3303
4 1465
3 1522
3 1912
2 3118
1 5255
1 968
1 3184
5 3117
3 2446
5 40
3 2834
5 731
1 2945
1 4085
1 5123
3 77
6 1128
1 3934
2 5279
3 4191
1 4370
4 3018
1 3292
1 2904
6 966
1 3171
1 904
3 3218
1 4256
1 5389
1 5789
3 6474
1 1396
2 1521
1 4712
2 2833
2 3754
2 3616
3 2606
1 1392
1 4172
2 2965
5 3361
1 2895
2 3731
1 2527
2 3935
2 6468
1 888
1 2385
2 2384
4 1548
1 3371
1 2141
2 2007
1 612
2 5709
1 645
1 171
1 4175
4 1319
1 5997
1 2515
4 2644
2 5674
3 2342
1 4565
1 2785
2 6252
1 34
4 308
2 2030
2 2062
1 3274
3 302
1 1625
1 3730
2 3682
1 1777
2 1694
5 367
2 3652
2 5080
1 6397
4 1032
2 1260
1 1290
1 5650
4 1409
1 2370
5 1955
3 3395
1 6006
5 2972
3 3927
1 5936
1 523
3 2384
1 390
2 3476
1 4610
4 2068
4 147
1 6331
1 4286
1 5937
1 5155
3 269
3 1165
1 3768
1 969
1 3170
1 1416
2 167
2 344
4 650
1 3248
1 3230
2 3500
1 2265
1 1776
4 5198
1 5521
2 4866
2 5330
2 3222
1 37
1 2423
1 5255
1 801
1 442
2 6399
1 4751
1 2245
1 1889
1 2765
2 3095
1 3139
4 2329
1 6204
1 1324
1 888
1 2512
2 341
3 232
2 5011
1 1391
3 1559
1 4883
4 2006
1 5862
4 2891
1 1775
3 1904
1 2536
1 626
1 3485
1 2490
1 423
1 3094
1 3400
2 3500
1 1859
2 2324
3 5921
1 3094
4 1409
1 5888
1 1155
3 2222
1 1062
1 1778
1 2711
1 2952
4 1752
1 4397
2 1523
3 736
4 2087
1 4600
1 562
4 121
1 4293
1 2702
2 433
1 6499
1 3048
1 1159
2 2108
4 3150
1 318
1 826
1 1691
1 3954
1 1165
1 4426
2 6131
3 1910
3 948
2 3767
2 2727
3 3375
5 1860
1 5691
1 3114
1 2296
1 2950
1 202
2 3469
1 2716
1 3738
1 1214
1 2545
1 1373
4 1062
2 77
3 1748
1 5401
2 5204
2 668
1 2222
1 4632
1 3587
5 242
1 2802
1 754
4 2208
1 4299
1 2184
1 4552
1 4227
2 1228
1 1183
1 5780
1 2437
2 3197
2 1642
1 77
1 5563
1 140
1 3531
1 5775
1 2263
2 3419
2 5067
3 5982
2 310
3 1487
1 1900
2 1551
1 5844
2 2531
1 6150
3 4642
5 275
4 1729
1 2038
3 2541
2 2388
1 1588
2 5244
2 2948
2 5526
1 5170
2 5181
2 4050
3 995
1 3672
1 1006
6 1643
1 734
3 1130
2 1976
2 1406
6 3329
2 186
1 1809
1 3167
3 56
1 218
1 3439
2 4984
2 1729
3 696
2 4897
2 1169
5 2837
1 1272
2 1714
2 1758
2 814
1 1673
4 2726
2 4726
2 1309
3 2564
1 3045
2 6145
1 2860
3 99
1 4484
4 1616
2 1060
2 1448
2 2994
2 4956
1 2720
1 278
1 4827
1 6288
5 1788
2 5794
4 376
1 68
2 6168
2 1116
1 5658
2 931
3 1610
1 3942
1 2482
3 878
3 760
3 2509
1 820
5 1437
1 5756
4 131
3 914
4 1275
1 290
2 4148
1 91
2 1775
2 1557
1 973
1 4246
4 1194
1 6268
1 529
1 2211
1 2516
5 371
1 3186
2 3732
2 2513
3 392
1 5867
2 2486
1 1818
3 6117
1 4996
1 3576
2 6392
6 2463
1 4852
2 1165
1 3213
1 6150
5 2468
2 5250
1 5237
1 6072
1 5636
1 3103
6 2232
2 3755
4 710
1 6228
2 2993
2 1266
2 925
4 1069
2 3811
1 761
3 2754
2 1025
4 1222
1 3508
2 781
3 2256
1 1710
1 5826
5 597
1 5824
1 2816
3 6537
4 2792
1 3371
1 3509
1 2178
2 2211
3 316
2 4601
3 4810
1 3502
3 124
2 4591
2 3176
1 2943
1 1191
1 917
1 1550
5 742
1 6474
1 2374
1 752
1 4385
1 5830
4 2758
1 5933
1 1499
1 4194
2 1595
3 2820
1 6395
2 4020
1 1074
1 378
2 1269
1 3571
1 3216
4 2813
2 1029
1 2373
1 1829
1 3318
3 3264
1 4359
1 5896
3 1847
1 4002
2 4621
3 567
1 4523
1 4787
7 343
2 2888
1 3338
2 2518
2 5499
2 1405
1 3835
1 6147
4 2579
1 2450
4 1487
1 3894
4 440
2 3623
2 3523
1 48
3 2668
3 2112
1 4727
3 231
1 1915
1 695
1 5601
1 4143
2 863
2 690
2 2748
4 3341
2 5865
1 4534
2 6231
2 1901
1 2153
3 3084
2 2515
1 4020
1 11
1 3761
6 140
2 2885
1 30
2 5897
1 1286
1 574
1 1421
2 1825
1 4630
3 2436
1 76
1 1660
1 3542
1 3849
2 2692
3 924
1 1838
1 6347
1 1524
1 3280
5 2512
2 3230
2 4388
3 3386
5 1776
3 1577
1 5286
3 2839
1 1399
2 3339
3 2196
1 2502
1 3563
2 3315
1 5538
2 5481
1 927
1 154
2 1883
5 1432
2 1670
1 4320
2 6594
1 4364
1 2638
3 1717
1 3483
1 5066
1 3405
4 1082
1 3773
2 1731
2 6027
2 535
2 2718
4 2024
1 903
1 1439
1 588
3 2719
1 3427
2 5957
2 5309
1 1133
1 3620
2 300
2 568
4 2742
1 2760
1 4516
5 315
1 6271
3 3156
2 4262
2 1522
2 4693
1 2676
3 1641
1 3228
1 5878
2 2121
1 3140
2 2233
5 2691
3 5197
4 2526
1 3488
1 3311
5 1453
2 896
2 2781
1 2091
1 2930
2 2541
1 4623
1 3359
3 1917
3 2892
3 60
1 3744
1 97
1 1218
4 2787
1 4754
1 5030
1 4311
1 4255
5 2693
1 6009
2 47
3 351
1 5301
1 5245
5 182
1 5457
2 2073
2 1691
1 2914
1 6556
3 1322
1 2535
2 932
6 2242
1 2367
4 2416
1 3709
2 6433
3 2558
1 488
1 6194
1 5913
8 2804
1 1571
1 4727
2 2542
5 600
2 563
2 2018
1 505
1 606
2 2725
4 1560
2 34
1 3788
2 1506
1 160
1 2912
2 1382
1 3263
2 6385
1 5168
1 6200
2 4021
1 2137
2 2677
2 5305
2 3367
5 2127
1 5508
1 2606
1 3527
1 2401
3 1536
2 2713
1 5638
2 2309
1 1667
5 2615
4 1245
1 5179
1 6505
2 5626
4 3204
2 2616
1 2187
3 666
2 1996
3 2919
5 3092
1 1696
1 5788
4 3391
3 3280
2 2103
5 1486
1 3671
1 1607
1 2153
2 5535
3 2921
1 1917
2 1836
3 942
5 2120
2 4118
2 2910
4 24
1 1974
1 4454
1 178
3 2657
1 3264
1 5147
2 854
2 58
2 4530
5 796
5 1282
4 2251
3 2241
2 4849
1 3216
1 3428
2 840
2 626
1 3144
6 848
3 3261
1 5815
8 292
4 153
1 4554
4 1168
1 2761
1 863
3 2317
5 3203
2 2441
1 830
1 6276
1 4275
2 5126
1 6036
2 6397
7 785
1 5251
1 5449
2 5197
1 646
2 3411
1 5222
1 3080
2 589
6 3132
3 2532
4 2286
5 1671
3 2099
1 5494
1 653
1 3115
2 2087
2 4388
3 1607
2 1787
1 784
1 3318
1 1885
1 5215
1 5520
2 98
1 1180
1 6175
1 956
1 2986
2 3498
2 1768
2 4471
3 413
2 5696
1 2569
1 985
1 2128
2 3715
1 3211
3 4138
1 1167
2 944
4 2661
1 4085
2 3155
4 3067
1 1267
1 6411
1 980
2 395
3 743
1 3347
1 5816
1 2441
2 2185
2 1604
3 74
1 3397
2 3011
1 1558
1 654
3 1304
1 3539
2 3323
1 914
1 5357
2 94
1 4342
1 3173
1 1448
1 4376
2 3381
1 3951
2 3382
2 2184
1 4764
3 127
1 4041
2 2873
1 5874
2 4206
2 3128
1 6176
1 4107
1 4769
2 3941
1 3852
1 714
2 1574
1 2022
2 6176
3 1596
1 338
3 1802
2 20
2 3575
3 1621
2 5203
1 1304
2 4605
1 5409
1 1721
2 6397
6 1091
1 2620
3 2000
1 5858
1 3152
1 5139
1 1716
5 3147
2 4469
2 1717
2 2754
4 3342
1 3261
3 2294
3 3349
2 4464
4 2577
1 3441
1 2222
2 2259
2 6544
3 1632
2 1674
4 20
2 6547
1 5716
2 233
1 475
2 3920
1 6241
2 974
2 3323
4 5587
1 6266
2 4394
1 46
2 2584
1 5915
4 2436
1 5046
2 2824
1 5982
2 2623
1 532
2 6500
2 774
1 5789
2 2893
2 2055
4 3
2 5169
6 1006
4 2295
1 3093
1 3625
1 2291
1 6439
4 2352
1 5493
4 979
5 2274
5 192
4 299
1 1820
3 248
1 5743
1 3100
1 188
5 2270
4 674
3 2918
1 4021
1 1365
1 398
1 288
2 5707
1 1948
3 1004
3 3311
2 947
1 5888
3 2928
1 1774
1 5489
1 372
2 944
1 6231
1 2609
1 5856
1 1731
1 6582
2 3301
1 1234
4 285
1 4932
1 4455
1 1907
1 2718
2 2262
1 4509
3 2413
1 1612
3 268
1 5935
1 2424
2 5800
1 5716
4 4953
3 234
1 3743
1 2432
2 4344
2 764
1 315
2 2321
1 1014
1 417
3 1287
1 3927
2 2773
1 2901
7 2998
4 3007
3 465
4 1164
3 1925
5 1908
1 5631
1 6373
2 3059
1 4803
1 1601
2 5354
1 5757
1 1994
2 1593
3 1530
2 371
1 3697
6 3075
1 1100
1 6511
2 4174
1 3382
1 354
3 465
1 6103
1 414
2 728
1 3801
4 1320
3 5207
1 1394
1 5756
2 3322
1 6598
3 6225
3 454
1 612
1 1300
1 3711
2 5662
2 13
1 6583
1 528
1 2426
6 2472
1 857
1 2159
1 822
1 4975
2 24
