1000 1000
-255598 719221
-441142 -761933
-588283 -65308
404135 -391435
126514 980488
822373 -632295
268742 987704
-96676 -28655
-642568 -432220
91146 -392843
-178743 62451
-793730 482897
312323 788070
578554 -628
-890542 476165
-976692 588429
279227 -181576
837199 352574
240238 -846180
-219540 -888367
-654190 354106
-116076 -645214
-23571 980468
367810 -218535
852537 795467
406355 553919
-549506 -319766
601302 -624357
845804 124171
-353165 169895
-97239 -316697
99356 -948642
-193791 -973810
-534839 -923225
287947 -848289
-129208 -306675
-141403 -559310
290686 996532
587631 -2670
-970029 803390
-536614 791431
700333 -562571
-745606 143368
-60916 168824
-124558 793546
388717 931182
-507881 -611039
935417 419826
876050 522912
664988 536284
965874 -900931
385701 282912
-301576 512602
-43052 -666125
581499 989456
-68201 148567
-332047 -550404
-356208 907570
-575949 611832
-176966 323402
-796777 384915
901880 825823
451139 294313
760708 -42747
-331121 -688963
535102 -545455
-771315 346961
-716987 -999606
535045 -533152
163932 234540
415326 115916
451228 644465
-382584 406988
-646822 -935622
-751798 395281
-211692 -426499
-825425 477343
-552001 -925107
-537864 -367974
-660453 -736343
816850 947402
953381 521831
25973 21114
-680240 -588298
244701 498277
57384 862190
572018 -411607
-580924 -24040
-609471 -632735
384893 580894
-438554 639974
-8328 -499793
667143 400198
-14899 579459
527801 -636639
-261726 5353
-88545 565358
-512469 533304
714836 -135405
-330955 -174972
237030 -16859
-235479 96978
-871948 -842956
11987 102014
868186 576694
619860 -10759
852132 -79849
824864 -541364
623518 700801
-465067 -855027
770800 929321
477051 585885
476364 736372
-418182 18562
524222 331029
351076 257507
-915376 -534511
-740342 823537
-887874 -997617
-655096 -777977
536339 835430
-669781 869702
972081 581364
-504809 115262
-532557 898819
-747060 -722436
432087 824696
870798 -99856
912561 -541811
248741 -349286
43396 -602663
-983795 -931020
-456840 -702076
-199760 965075
-251397 50322
-980818 -103650
-174512 615071
452150 -138153
665878 -940361
7750 -268191
-631036 378819
-657442 -89370
-588526 -928034
-744893 -444652
-372520 -758590
-995723 -117389
-868740 459848
-970149 -977586
536024 -559842
355626 437828
-587575 -898840
-678792 -618269
128906 -132276
256043 58418
-182300 121477
210529 969755
912351 -643693
-257026 -969314
-683157 286438
-563718 -963468
-917659 -167417
651680 959931
159777 -498046
-426325 857186
416737 559207
662766 171262
908950 -888571
-201947 -118316
192269 -437896
787593 -447120
776342 -491031
912711 130682
-911246 61489
709714 164540
819341 -6812
250606 -783775
-923731 -310812
-218088 -108303
379276 -614221
-979722 922783
-263596 -435025
-634162 -210909
-738611 291680
106875 -563237
352120 -333811
761166 559967
377790 845735
103165 949528
352853 -431786
-203126 -660634
-711330 -941085
-785978 297001
-843818 -238480
296213 -381093
-726055 998933
162887 -714524
680870 -619231
505937 -778712
148801 -760941
599448 41578
-987476 -340634
-515043 9627
-317892 679179
112959 -691884
-739237 568318
-943148 570540
553797 422069
-197901 12137
641903 690999
-227459 240680
-404201 -525864
620275 938091
-223444 -834737
-950888 763920
540360 -912786
-872299 -666719
271941 -670708
963846 811507
163675 -269453
611030 742382
-167427 -997565
-82469 575416
342479 506718
-465013 -327995
942014 625988
-965619 -133225
748650 -482153
497909 936100
336185 -84049
244119 -469077
788870 584686
717542 838747
535823 -737503
620527 439688
576059 -997757
-476607 597607
151504 952552
-536879 820590
926002 -612712
508843 -636350
-995099 864816
-342714 429926
-663033 -369531
348824 -747844
-276687 -472749
-554035 -584787
-179405 246926
253523 631603
631865 678499
-479649 501099
175457 41310
981358 -983115
-241836 -843820
473452 527485
-682249 -289081
387704 639225
359122 427546
85605 -58955
81418 -686169
499196 -12780
685063 215250
589218 901447
-140060 -822614
-172777 20618
-169115 627524
-988708 -275025
-711214 -598216
-558811 -452253
258146 -886539
413317 249475
926701 -213296
20037 -807349
725277 -490482
337823 -9875
-427545 -280440
-8517 -343143
469822 -47917
201836 -766503
-882333 -564321
331044 584675
861086 797652
336205 -455344
-260869 157023
-677584 516819
-344743 -520083
-611245 -510021
463835 -512585
942776 942052
237480 535053
688347 316282
-547078 547993
-663674 526072
532711 -90470
830106 -201709
91378 -187696
170112 -168038
-797340 -599175
508296 38546
104872 919533
756894 741926
587541 779974
991983 512320
656333 289260
-568654 -219323
-996359 -739685
-424289 412664
261385 -617447
537529 -976259
-27717 -959698
642849 -764455
783877 222027
124681 -416591
718746 -559834
482079 -436864
-91779 -883547
-983644 881582
930906 -505054
115171 417824
-102845 -962115
434629 20541
391815 420199
-193707 -911821
-731187 -676066
33474 -596778
456060 58798
-345485 968464
663379 869684
-828165 -487680
-31948 995873
-260909 -488669
-729675 -851029
564664 -197203
633049 -933071
6594 -450976
-831806 152332
-361186 854848
-278118 -636399
-433335 -569752
664762 -857121
947491 -120649
-529036 -873995
-174460 317844
-391369 -597231
852866 -923761
847951 -669353
-78115 -870341
222175 313498
542433 -347147
-947955 -746397
956131 749588
355662 -557260
339973 -840285
-882201 -472979
862793 105642
-885025 -116107
68322 -568837
105964 -216667
-373964 692286
72407 -787384
764211 -33578
-663327 15230
-661257 -666581
-922421 568526
381114 991849
-12272 395504
745368 121795
-179324 -370642
299354 -447228
-922837 494536
111984 -708868
-451046 17157
887345 266387
-696340 858297
-889183 22201
961794 525046
24786 457338
217665 -202170
-773529 -106280
-252402 224822
58595 -751684
147766 -693414
-728053 -51964
-720736 562383
780471 397211
239193 -107830
923602 -626087
657159 574893
441177 288540
47234 640238
312203 281653
10459 -301872
185084 94997
-741832 -446448
-640266 285417
658105 818482
128342 -190263
-766687 -949528
-437483 503837
-714605 -775623
521905 -851227
-167097 832719
115333 -571735
-750771 137012
-213261 -560578
75968 138963
-632656 -965147
378889 -76458
298004 -888107
-258790 902823
-682210 -69344
758564 887395
534180 -29055
613340 -197371
-748577 -304833
-693721 -617711
327064 192373
153805 -596726
301994 -51364
374724 -127098
-293525 876153
-977365 -591079
-581898 -496109
897142 139409
498078 800203
-361102 -500880
-908810 -979185
-329012 179622
-80601 580533
-419958 144380
212719 -169195
449125 -485009
793131 -817817
555740 313363
-762285 918198
-818839 241563
-587213 492932
-636849 394617
-749496 -392294
-81832 295934
951487 699743
-199455 -582715
562949 -187615
534780 525648
94875 176063
945145 -773022
886473 -407414
-881507 -275136
-335079 923834
887636 613756
843453 -664440
629987 509671
215082 -364991
173082 -250078
647280 697997
-261500 286300
182694 -76126
-711096 125828
768015 -125250
729450 -889485
-977783 -364137
621887 387487
729636 -953251
-963556 -873992
575103 -374110
754069 -568039
288840 -86924
-453805 -948923
-301316 -816858
588125 -447181
573890 -841324
-504834 846120
-350306 12820
124565 -558092
911053 856624
781966 200599
718993 -591371
610273 -801603
485766 -171971
-56246 367351
-242349 -771194
336383 452075
-653459 664129
741914 974311
324506 416127
263738 -520213
-602880 -274440
-790049 -853546
-37970 347944
179032 -861388
234369 788195
656187 961591
199735 -151579
774387 369498
-44413 743134
-49513 -937951
572248 -816391
-932585 -782186
-265497 810536
688471 -407998
916595 303669
478937 -38627
-96118 233170
-227738 -156506
-663829 -801846
-962531 -537925
-382293 210426
569096 -88619
781447 -715452
-640803 996403
-831804 931520
-715327 738498
494067 861401
-380631 -963729
688192 -902746
525893 289275
-573287 654398
893703 783799
401069 -243097
252317 -85346
-297530 102372
-884459 586392
174540 -315421
-557843 -990423
794814 -334
-786279 934976
-147668 245760
633945 -855069
-709979 464963
358002 778673
-142422 142203
-479354 -159846
299753 599529
-814374 830700
990774 -501202
-916500 -146235
-112848 -877598
-721293 383016
501264 512986
-874962 -848204
-492616 828443
-526038 -422786
533980 -101260
277644 527542
65703 633487
-743145 -111722
-344370 302276
-36681 -31469
494514 -815340
733452 -834425
-473509 398873
-702799 -17749
-202720 858976
705423 -765138
167329 522455
958483 407676
689180 29537
436529 348739
85059 -311558
465865 -529012
479987 -120032
-876274 280858
309172 -322984
-630329 755868
585536 501372
-276177 546797
-841612 -622316
415604 -138102
549703 324955
714330 -782481
-796532 -739865
815039 -506179
-93106 381757
935368 90913
3435 723332
673031 183678
373467 52655
-818138 -864814
324006 936512
-741714 95335
421568 996446
-149256 -892577
515550 679839
118186 -416837
157426 -655524
-984006 -811904
-294795 425263
782671 385450
489482 -2254
-334456 -227054
77452 -453530
-197329 343048
-651400 681774
-759307 552995
-242853 770871
710337 348417
807750 -956055
-846296 316761
-480550 420778
-120922 -568651
793407 -886601
930367 -805172
-841237 -345642
198622 244800
784467 -204193
-758578 -92424
420406 517373
-883516 -714332
770548 13150
803936 -108548
-778319 -178991
53799 564117
541302 85141
222635 945193
-917851 -230071
-224716 629503
-666181 796593
-356088 -145551
953568 -252656
-595823 -110707
-557863 -764394
721669 754618
-237224 228693
-228276 529748
-800642 580405
-523624 106954
384906 -726422
-587135 -52447
529829 -654157
-722478 922669
73487 -12862
632096 401618
-428600 793891
-203214 770533
-492761 -462564
-665767 -567591
797173 -592958
-799200 -300279
165989 80053
-259085 756709
633504 938954
-799743 -223220
-691575 636736
-854978 -710902
-687991 -246868
221617 329558
673326 -663246
461806 939854
917437 -333499
-702128 527057
-596048 -995644
-575285 -533426
-701811 546836
-138125 552801
355938 946317
411211 672086
-605144 540083
-997623 -682922
-322684 395700
336268 -872163
374176 -923117
677157 226374
405764 470173
-172494 141598
-221200 -2833
-918848 853130
-38825 906768
260469 765808
-901858 473975
-466261 917291
626172 583402
188127 -240428
-950252 572421
-906029 -310589
-562576 -956496
-588525 -943663
-524958 -765034
-228486 328085
-363028 -246872
95151 -1626
25717 -629246
-34745 183200
226141 289369
199185 -514158
-407807 752817
-986528 332620
185948 433067
-996733 -228578
789300 -90592
666014 -211984
147375 -518301
-907594 -949346
-955857 -766163
-88336 392068
186705 -145986
301373 -170952
-747928 -735815
-337844 -121488
-652978 631604
321475 355203
-272601 554512
925404 -539684
389570 -889102
159356 -198398
909507 704321
783516 355484
160972 336048
-681967 -711650
860235 -12890
-188203 955886
-81558 -887128
-553619 -611528
-45161 152880
-485505 -737843
558789 229489
-775311 -217605
796867 915294
-288490 496887
-712597 54174
-778551 -755238
119562 134157
-115631 -370420
-277954 -277251
236809 285683
-368491 255726
-12537 -937374
139008 -14476
184324 -812564
654980 136950
-463834 616809
582740 -714269
-64878 205861
587389 470544
94972 -984836
966208 636888
-309858 220900
414622 972657
509815 -615899
-183084 148727
639197 -126173
-516411 -325907
515617 869395
-322595 833435
750645 208452
569929 516020
78102 436631
-101074 692135
392775 -660811
-839661 557927
657581 -282113
970477 -19298
682399 295279
-174460 -268060
-581140 615540
-377695 494530
-653934 -673947
723361 307689
-787820 -241488
-164803 111381
242108 252776
364185 -378984
306358 711262
607051 -862145
192606 -242749
567999 -574981
114483 -333848
155476 -230185
948137 -610370
520768 144574
-846810 -604851
-458805 -479150
397179 -654811
85654 177579
-466959 -873681
-701770 -316008
-465593 -119697
-221751 869494
971368 -600352
414998 184522
527249 552051
392919 -65816
748330 -520494
-522068 73161
-913518 622983
-830836 -606920
340923 843323
-848605 -898619
511735 -643437
-176214 730484
408807 -590753
143100 -731163
748777 418608
848621 954628
-64803 384346
352988 -338961
224917 8883
-781063 -948188
182506 581164
564632 873183
319701 -967193
-85783 -817866
-848765 -646873
-858869 762582
-582056 -687496
-997248 -287367
256446 -296541
737825 -390533
-753811 -511637
703771 241772
759063 885467
-802713 16709
-251586 -468804
-370017 479866
-166076 -707299
469516 -503040
-773007 -651545
861040 -981259
745405 501177
-358467 856986
-142948 777899
907048 50029
145383 196018
-149076 -690312
757324 795508
508531 -578758
631285 397780
-317603 -790506
-676925 -248282
-180855 114933
130310 155521
-23609 674187
731974 422592
536751 -655345
822452 -250339
58500 -726332
451871 -848557
-815792 641800
630324 983460
-463002 -913349
211795 -488902
-45845 -716321
334413 829418
-109837 -553319
-688072 348935
138910 -225251
-280355 -292996
74312 551807
152630 -54767
927358 706703
619336 -653999
980469 378416
736542 -174157
-623306 125713
-804702 -816614
185187 186421
33454 826723
252336 2460
-685365 -798917
99780 -786200
627026 -786122
933176 -293090
-393950 -516951
-48197 350595
-658830 -659359
-465286 -85289
-89003 -948835
-557936 28303
93297 583341
774407 -356798
343786 -226851
404779 297544
-288247 -578052
-629782 194977
-750514 191068
-346777 89733
-489243 -795108
-918665 941002
-662389 -831639
-966822 314053
-958301 -762414
344458 613097
-170434 -601208
571495 -888995
-447761 277557
-355225 -140986
-616863 488751
-574917 403008
-541121 -168848
778206 -796154
925610 404218
533778 131524
-112800 -687808
699045 -668860
816642 375373
-316588 -100079
-917013 544338
-413624 841516
723455 302651
577866 405548
206841 833197
-661701 -363539
-153109 198243
-639125 164817
189890 413573
-307354 606831
-696443 352470
-961662 736857
-810367 -116529
-997250 977145
363293 957470
-47544 -788870
-576918 525456
-318191 320033
132329 -267186
937045 297912
-897263 -927246
281637 -489485
739050 812031
-660281 -265457
-900016 362496
990035 789924
-315166 883913
-598196 239711
271128 240306
236074 790435
754397 965479
-761136 -327998
-503596 -183868
-627704 140321
723217 232476
-798890 -568125
-622966 -10386
-76192 -421030
850336 562097
153452 -915128
-94529 565500
292233 -243965
-302973 338018
-810006 142949
-284734 -75436
847553 146462
117652 722772
-301639 -724905
-839304 -784422
-830576 760279
-232342 -837848
-803553 994800
-257708 947886
448058 289613
773203 -928528
-63244 -247750
-681421 720352
-821894 -906767
-155227 261648
730498 369887
-165553 523269
19236 -374162
-925592 776002
-406253 -855080
158527 827208
276273 -307196
600593 -405403
-553578 -642529
40577 386817
-312265 -253273
264390 566416
-59283 -385831
-349717 -33842
-704541 146243
-73493 -50441
269083 -493013
-649232 -449976
-710380 627821
604393 -104801
289140 -78242
414476 -629426
-896138 977472
867053 475657
-892596 894657
652806 -931617
985260 460494
-657876 -850028
-201772 209054
229813 -992654
565995 -256477
677559 295875
-655308 49871
680966 -499769
203445 -630913
-159332 -425017
818795 -248918
-600784 923711
80732 779965
636089 -375162
-517700 -101111
-406476 375741
914296 -633070
111157 663359
287940 565601
-618468 101929
890485 228191
679486 277623
-474902 435497
-476444 -810605
478361 248649
-706915 789459
219347 -337617
342194 535119
-643575 350826
409302 -812234
9808 324472
299948 757462
-802431 708745
409440 -828966
137925 -40210
-697089 -808047
779257 -294597
511977 -449219
658124 -17542
765648 -651392
881787 836165
240398 -491256
-952851 553589
874783 884437
814801 -216335
439815 980377
689632 -447994
-310231 578619
603457 334636
-707479 210398
-547833 44849
831721 912242
-282397 536388
-43919 -140707
705004 -944991
-551317 -958580
-735413 -182840
648102 248232
-289859 -436811
-547187 -540964
794679 -463634
-292489 831623
-496197 805430
-67145 992879
-397376 -264179
-911850 -491465
835019 -440236
296690 509367
983622 953401
-112193 359667
-707037 387534
-697902 163456
711289 -72227
-360238 -491043
995809 -637018
-39133 -868840
616639 15373
754693 461068
-850591 785647
-862701 553071
46030 -136512
65004 137294
-891089 -320953
950581 379771
599302 531921
-882030 441652
-163389 -452574
154921 271673
-146615 338020
455220 -702585
-111424 -211020
409553 552165
91911 813020
224669 -406176
409 -382528
-292613 -157177
77660 -438277
26984 -903173
448128 -377092
-329996 647074
231004 637646
175175 -977337
77345 -367682
412479 99094
-874082 945810
-880726 34797
-313744 -602267
824733 895265
-128022 497315
-995986 207414
-496636 -442658
-901064 -482514
933418 731228
-269366 -311678
-544884 -465691
851556 538245
-687534 -158220
-583851 -400426
583027 479788
588128 -245243
849363 -337296
368869 921319
914745 -327043
-415403 -131770
200269 403534
556589 424636
-94889 144961
358595 -393750
-538080 883457
547522 -832634
18097 883227
-110767 724688
-57830 928248
-921029 748226
-608747 785330
247824 -559055
232703 -884946
-735618 -161244
-435248 259398
-490925 580608
-591692 -401697
-703492 -187077
432193 880454
11500 -283484
887282 -86321
-93880 -994197
-897370 954994
-575136 278638
-649486 841085
892988 -990935
425826 277415
879390 -402441
446364 -724880
333878 805727
-439345 851069
70804 -721093
237364 -904577
836664 957784
-963135 -203207
235764 245194
-747865 79745
-893406 -925257
643935 -939779
271462 971104
276933 -893186
624716 -524686
979566 -351619
-654506 -149834
405353 -683958
-770153 -670478
489938 27477
63751 195438
-370306 -25655
903881 534882
-958977 229162
564186 104851
-274884 -112251
136376 -157135
-166977 -473568
826817 -681545
473928 -325340
-245647 -992996
10096 -705606
714097 696747
22474 -934310
-440075 -673198
914331 459193
-344729 558057
44073 430498
-30353 769271
-520035 729453
-123527 -213866
967811 544484
-194849 950879
-791903 -816716
-574241 407917
185165 60654
408475 -525431
487248 835818
576931 -746679
-581465 -60481
808598 -98848
880854 -646355
-727095 -521728
735255 420900
-741011 -133583
866275 249358
274142 -902522
317634 -561412
712659 -348944
-649794 420815
-940666 78008
947943 330561
-736241 251022
189492 -331142
588200 -850216
-689089 -61653
935306 439388
533846 220740
377452 144948
-965028 216867
-448473 26105
-197709 -875272
306591 -384875
-875746 336103
-42652 485773
978824 -527021
226036 286983
997738 -997553
-471945 831810
595155 -389592
268517 971881
-725071 -96888
-94858 565090
392225 -369679
554824 824718
-878778 245496
548004 -178293
630227 507923
4783 -284102
503856 -18981
-231777 -839894
-959777 -343443
-113676 -626674
806753 858205
-671502 60040
-520063 -896734
-667659 -606686
308698 -572102
986231 126574
49621 -42367
131902 -714100
504042 -754853
377790 -834454
-700107 -24663
-23491 -184417
-844161 -25946
189833 483903
791407 868189
-174910 -517237
-555061 -83283
-366951 203539
940788 -760854
-628605 -920425
867951 584883
-302152 589139
-889696 578753
-399830 381387
615494 -170803
412291 83239
375711 -550325
317117 382112
538776 380579
-703156 -342968
691836 -688524
101621 301317
-753466 -946365
-853916 212239
433678 -877930
-348939 -184681
-858189 -722321
-55566 -847023
-782790 93265
-4252 -227099
-152428 918479
758305 -213820
-593011 405662
-390583 163937
-936601 300966
378265 -697955
283034 957089
400536 740211
38379 -761621
-57264 -743008
-761259 -964307
-891222 720714
755586 288902
323869 -915787
-36668 917342
613223 164323
-352067 -307937
-787073 -214521
-873773 -586514
566922 -107202
195341 -385295
-789297 -80526
735234 42516
-903189 580079
-703313 629033
-974917 -295750
-661143 337227
-354795 616052
116876 -448181
138270 340393
605959 485078
47183 -780584
523593 877534
-748951 502143
204131 -669381
113598 -755642
-625265 -556386
22373 41161
952446 949617
-515520 624457
-243164 -85044
-331534 -951632
704105 -539094
-326974 16139
951533 628159
87133 710438
923817 -584155
-275655 -340911
-621072 489946
273088 -403899
-184096 852882
-727849 -779859
-654912 583953
-92491 -804478
142269 60039
353595 -825565
259524 -862248
-795377 22438
-623683 399519
111746 -16701
-612721 -946223
166680 287734
162082 -78618
906814 -163214
-659028 430862
-938705 -807909
-600063 -31681
-882044 -304529
382168 -2421
152969 163196
905602 -396642
872451 -577898
-172917 -413994
-243317 -50505
-597306 -504597
-288910 -292529
617773 334472
837540 -139966
-8394 -82038
-695717 -234886
421578 782957
579559 -607108
-195347 -576539
-413024 388093
-361802 -554320
754938 -878609
162175 248223
-561124 21562
-958552 -959202
-209341 -657388
-909030 -367181
883294 19586
-725062 -181176
-719660 -93453
40029 -23868
134209 -815541
700342 -698845
-53383 -953613
426550 700706
-142967 -351253
-638432 -386696
116490 -987469
-896291 281756
-710656 -208219
302086 -972667
-216097 -312442
-389616 848566
728216 -993663
-476187 956344
-570170 855960
-919688 300271
482194 383697
-431699 453099
-233017 -985348
291954 651384
292083 -47210
-31489 -548494
657679 -372978
-127612 2247
-746116 568814
-801416 -292990
13927 39823
-750618 -826221
-690281 -650833
66161 -393821
-973150 424812
324112 -581396
-592581 799139
-323260 190848
629706 525311
-974291 202278
98883 -120651
649647 -965479
-748202 -969261
-27486 -107494
-897342 940960
-40821 695486
680483 580845
27438 -357126
651914 440229
570602 -581280
-169096 405752
521208 150762
-511185 550968
953527 104498
-159389 300713
817089 -255555
337260 183261
-524064 -158232
-213427 -339718
-993504 -215380
111017 -29176
338705 201008
-351230 726991
-262800 -279321
876681 -343313
132824 -315223
265193 -858617
-20125 -754951
-586590 -608738
-998208 -499292
313804 295042
443284 918420
-105130 -145122
223674 861703
-210191 -740514
151850 160079
512211 48996
-707597 66077
-391900 -486017
-229160 -617827
-825349 -873845
-600857 -840440
-830844 -989926
663720 -119265
-846426 942335
-298098 845050
515039 131289
420525 395528
-902780 911614
843655 146000
53846 -80979
-634009 669764
-787697 -648498
-501895 259208
903868 276845
687758 940269
177252 -742255
732575 388116
-941680 -454367
-982470 434563
997264 672258
-26707 -520048
-425227 -26610
-346838 -784123
638783 -404167
335735 281318
-824487 -69209
510628 748837
-727754 308461
-32459 472421
853602 2494
-534720 -186442
766565 -719463
-678702 677988
118006 263853
-594100 -236094
487367 -894968
679721 116845
-966785 -706848
655376 518193
518322 59512
-965378 -643862
-864072 137940
-419956 -383378
480343 578169
-416455 -162546
37468 -425919
182845 -379880
-913815 -202902
778205 971333
605702 447729
761 -942726
-911071 778503
202723 -822826
995414 -633564
369360 160641
758315 401624
813428 186837
576052 -69576
-445159 94917
444306 -93592
227890 -602237
536741 -624112
-86892 82815
-221442 -851253
303344 627912
600322 -147828
898899 559523
648856 905633
-510269 -942278
-825903 903961
152676 -816170
565085 -29207
-305593 991508
-419852 -749265
-564854 -466380
-766937 -545622
82825 -393772
-829566 495659
-748342 406801
-864698 -125814
595080 -11794
708429 454026
171625 -349723
-570587 803564
-538690 643193
-137978 72804
-339121 114608
-595362 207787
755805 -675097
938826 652433
-529988 538389
-143070 319665
-378207 -243960
-649828 -719363
704296 116104
-719582 -443420
-789011 407063
507342 341118
794412 822542
-941023 -340794
349667 -525868
-141557 176234
-560154 582569
-323995 994490
-592522 86614
24047 565371
-438003 956320
438385 660992
808145 -443742
-90415 -123748
743897 -909783
-34139 306440
-951955 -316528
465479 -131169
-462798 805943
491511 -621233
-811316 -716778
-975769 964140
228823 -349284
-276671 -740928
-626290 -238404
671687 815847
-430016 226935
548247 502969
-487760 -904189
779178 -270290
-83734 -634047
901734 805941
806190 629842
-103247 -977152
454302 286292
-151996 -232598
-412226 733664
-584434 -590039
840646 934694
922734 403348
624144 437133
860904 781899
-799191 -272395
527915 492755
486459 682658
916008 -45890
-517244 492235
330124 886450
733004 220478
619531 873722
155377 940618
826684 293585
-462551 470591
382075 -433355
686406 -898662
-292118 508778
-714049 929690
-676459 -136817
-505972 -456480
-932602 697770
559354 191897
975358 318635
554850 843908
35869 -883010
-398684 -271313
147834 -819896
379390 186586
58988 -221416
62437 -665460
576225 -97903
852522 -15318
884301 523867
503790 703386
72548 686343
-63783 -280274
-814637 752485
-132629 527374
-732868 505441
-432333 -35565
768623 -95789
-778907 468062
-710883 -108085
658781 -159278
-77374 86102
242949 876254
-403062 -130777
-851313 209052
806008 -687856
342592 -956609
-118038 215352
99438 659612
223554 -855150
663340 209744
-774851 224680
-398200 360483
336361 24067
99673 480467
925267 -833013
-669469 -423370
-700266 887030
400320 -427838
900600 -371484
-160862 -545639
162493 -311744
-686399 939505
-552622 253939
-202607 295605
950723 -125682
-865884 616099
-301961 812625
-545539 90513
858471 60539
-964228 -545108
958165 375757
-492855 160968
-131679 683422
172246 -553573
697930 633439
137939 381161
783652 515486
-549990 -823010
-17146 292160
46669 276048
-880709 -620548
805033 -546670
656122 -662275
817553 297441
69831 -71693
123470 306914
907517 -644237
708484 62702
631159 229685
-930722 480630
-854274 243619
37288 894243
157325 -235121
499258 656990
-986281 -872341
235324 790984
557759 -213771
537881 -779037
-926940 -490169
519274 -991010
-731807 -437337
995912 940596
700131 -126387
-278599 -189451
-765850 -362530
56976 905503
-155324 -263204
277671 -941082
-209239 -895821
732118 -435875
209678 740171
125489 -276585
-569524 912139
53676 -728780
-781736 292718
68958 -361037
-871985 139548
381241 369901
-651351 -999016
920134 -905700
-231776 -986305
355133 -476238
519968 -48566
-735850 -122213
-208771 265528
-219103 33966
206620 -238284
309228 -864659
790207 388733
-258492 261622
963262 -844721
-390811 -939920
788953 -431805
-186487 974348
-610943 700075
524594 559185
686324 665380
206378 -821456
-851199 -833365
-604192 99432
-219999 198152
-782261 -717128
354883 666877
661075 -933367
-967716 -292418
8955 -53212
-99114 -197433
-581581 -327761
378967 -475763
805420 -729637
965748 358116
588428 -364374
430917 969212
-963089 -827630
518558 -774260
701308 -817873
-231799 -795092
508514 737891
855087 -435948
276250 78069
789349 358950
932268 -72271
-762330 -516537
-804687 147854
-424815 485781
-503182 -249374
-252796 -179012
843998 854386
-904772 -854809
-166675 -859511
999970 -852961
-507737 964501
-808491 820582
-888792 682521
-544026 -277552
-814129 781467
75239 976561
390821 -737874
925195 997331
-790792 -933280
616203 256273
857866 283395
-950250 15628
74197 965108
779690 -135872
-673847 592821
-103020 904147
-208136 -14210
853089 234271
-538245 84566
-401529 -580233
-862095 -578989
29305 768327
612121 -156998
-645683 -526705
-256549 -517738
262662 -484468
-783621 660396
950238 776637
-645675 674518
-616752 -972293
-173607 211088
688581 -202252
191224 659533
995671 -848732
-624030 -718865
-667206 134493
210589 944310
-136316 -227763
516656 -981292
-606250 -218492
265317 -777895
-179764 -868606
440526 -374140
514364 -486337
-572676 691401
-781342 668137
-224497 -622050
-524907 430478
895377 573728
520974 511348
167113 -49984
-605112 -576710
-183100 512282
783631 724799
-917793 -36192
-316100 778495
-556727 -936379
620221 -848712
509731 658365
148063 -522269
-671517 335454
-901047 280250
-1485 166133
691130 -250386
-908253 -736041
981137 -888047
-962002 915327
-937751 -834748
-129153 438720
854600 806171
356897 230844
584558 -824208
-176700 404493
628471 814062
-233597 -324054
235904 939183
239262 -799400
963665 -626725
-135172 966886
-411994 -62541
-645351 799735
672576 -901015
-522919 -968375
-369227 577013
-349864 529142
-641145 -103858
305752 -85874
468852 866244
-362331 -129258
-995284 214135
44356 82821
619422 823260
23191 917621
-88183 561430
-742494 -548958
-221236 208236
-583609 -970248
-621560 234534
4969 97316
-665113 -571729
480644 826054
53084 -582674
822826 -232102
975714 -228185
-735108 -327253
-801139 -18372
978203 401430
-243573 -551759
765884 -367293
-800738 -280799
803420 431643
-563371 668214
-476642 -590161
11250 837183
327122 -491772
326274 -62519
-334802 -544801
-64712 997638
376295 -924434
648222 941338
-420542 465243
611222 -791930
417471 219968
-979603 -287653
46773 -250040
-775069 -179362
-127824 -930105
702531 947723
-1730 266815
-307592 984073
444949 -742663
176196 -98507
440181 371162
378900 238305
-874806 -764245
-134187 38235
168320 293894
529507 -666485
-618110 758735
-478 -570162
-825553 347833
-885199 923367
-133399 237183
527147 108535
336231 329938
190678 617776
-248029 272580
-384175 -716590
869782 89921
303396 -87527
208126 22572
172929 -767634
-721658 -656
558026 -696160
-807634 -44601
512575 691869
385263 -398515
685450 -225257
858765 -68331
-64688 -293491
685052 -748604
29352 -403376
967342 -932006
160366 442168
-713312 -736818
-162554 -797546
607520 -877515
323067 715140
620897 -626435
-159237 138735
-750860 -263423
720170 703501
36481 -616022
219854 570666
703978 959928
-456749 -97244
-329773 -863058
-193977 -405062
439010 -94544
-771159 -565986
461394 -911165
648653 -441615
-581960 468759
-972382 -943303
127083 929572
86422 -962856
-284591 804265
595877 276260
313174 -727141
933373 94788
144285 -883778
-868174 -271060
-684482 937779
357079 -19243
-753099 -555120
-351602 54320
-255548 -511481
976604 192097
636886 119839
148846 -994876
260144 -885065
464451 -24795
225407 407272
-303049 480478
215379 14295
468699 536326
859150 -610417
663750 80090
329764 402963
135281 17815
949209 -640512
-384337 -780864
380745 -827256
894320 475790
-560015 974481
-664897 66141
472113 773952
-464193 -529950
-722817 -312472
789373 345049
-677938 -763299
742935 -104132
518341 -844479
864810 -84677
-771157 -652975
-771153 -837129
482446 731644
-542778 741902
-340366 -250034
138935 704731
-332613 948020
-793772 350622
923372 -726482
-582260 523828
593145 916620
-279306 545114
794656 -232069
-72242 -367802
-837132 -128898
312263 -806862
646406 -191096
-691733 -329354
637228 -618142
507780 388986
465921 126759
331029 -164182
451124 431176
-195225 636601
-29300 181389
-343795 257744
-439326 -905970
921649 632558
-227960 200882
446305 89628
543171 -494392
