100
41 88
37 16
59 27
29 2
92 68
42 48
1 99
76 94
98 34
62 10
82 98
14 19
1 95
78 54
70 50
100 5
80 86
61 2
79 18
13 31
64 88
27 38
77 22
22 38
16 72
51 39
46 43
97 5
25 89
69 35
73 75
92 54
81 73
32 12
53 88
12 46
5 67
82 35
12 28
34 6
44 4
76 7
83 26
30 66
67 23
89 14
90 55
95 73
40 56
31 68
15 14
56 60
19 46
12 61
84 74
49 8
86 43
97 50
20 89
83 6
21 86
49 73
57 11
52 6
27 96
62 71
2 85
13 48
63 61
23 69
90 7
78 33
88 20
52 88
11 99
55 11
50 84
94 4
45 97
93 10
4 42
40 37
60 18
49 50
47 1
33 79
10 39
86 66
46 17
46 58
62 36
14 10
38 29
3 44
24 38
2 65
9 93
2 87
91 48
