100
26 50
51 27
92 30
58 38
97 71
50 35
65 40
63 86
76 58
8 13
94 28
1 28
54 94
82 47
74 59
71 44
96 8
20 38
13 98
17 21
67 11
49 12
83 49
10 29
16 71
19 78
31 51
86 82
59 80
2 9
18 71
41 17
23 6
75 48
25 70
36 25
29 37
57 90
64 58
100 19
81 72
44 37
95 83
7 13
45 81
60 86
68 38
69 14
87 46
43 95
78 41
22 59
99 31
11 24
93 97
89 38
62 16
9 31
66 7
32 14
46 70
48 22
84 87
42 97
90 99
88 39
52 16
39 24
77 28
5 90
35 45
27 67
73 61
21 54
91 75
3 45
85 42
80 38
98 18
15 63
28 90
72 15
53 44
14 59
79 68
56 95
4 22
38 70
34 4
55 25
33 63
30 67
12 66
37 80
47 100
61 28
24 56
40 13
6 98
