100
78 51
85 35
58 57
52 93
64 94
23 79
93 53
79 95
65 89
28 85
60 18
56 79
41 5
34 98
51 81
46 29
1 78
43 70
19 13
36 61
10 6
7 14
83 18
32 79
6 18
70 33
24 61
3 1
80 7
90 43
9 49
57 56
55 7
89 19
27 57
26 18
13 28
25 77
62 40
41 90
22 40
35 80
54 4
39 55
30 9
59 71
15 25
87 81
81 56
75 69
94 18
71 67
50 6
47 81
99 94
91 22
69 37
49 68
4 45
12 79
17 57
100 54
96 40
66 82
86 46
68 86
92 95
76 56
44 18
88 86
33 15
95 38
84 12
42 45
63 64
37 9
29 48
11 81
8 63
53 75
98 89
20 8
18 4
73 45
72 45
61 45
21 52
77 66
82 59
16 49
97 94
14 3
67 52
31 74
2 98
38 74
74 20
48 98
40 63
