1000 1000
-883 -415
665 -2
67 -431
-445 -646
179 139
671 33
-844 377
189 -257
-731 783
-727 -982
-982 234
-957 370
-433 -848
126 821
816 812
-71 831
-570 -253
-581 -3
22 -192
-861 -109
-581 330
-148 -824
-680 289
772 531
-958 -262
-626 560
128 289
-7 951
-183 53
832 454
-918 -592
-975 -866
881 -799
748 682
-981 555
169 -125
729 -841
-719 295
-338 669
-911 -520
-273 -639
36 -685
-920 398
881 -501
318 320
41 771
869 117
-233 -484
-708 967
-625 -634
-167 -596
-353 -391
236 -829
694 85
877 -40
804 822
554 78
-202 418
238 677
738 -693
281 -240
477 197
-548 503
-624 -772
550 -786
21 -434
993 -202
-703 -326
-899 -593
97 -65
-299 -839
165 -180
-906 984
-301 -707
-1000 -785
-492 -827
-847 -258
-283 146
327 314
368 -946
-9 -264
-828 -891
-302 -675
-103 -299
441 733
170 340
-421 159
-570 -9
-697 -706
330 931
395 653
784 -212
369 103
681 -526
752 53
-135 -442
316 510
-335 -927
-988 -853
-810 -119
96 -305
334 545
-24 -647
234 730
9 -564
739 707
11 -602
-396 -256
-814 245
-797 740
-203 479
949 -155
-538 666
-880 569
62 999
-807 -798
170 -989
-587 -547
205 -325
-962 28
388 434
741 556
566 45
-331 -250
334 -532
243 -658
-457 610
945 -209
534 246
739 -402
-992 77
688 -94
-608 -782
792 407
66 25
262 658
26 -135
-515 115
558 729
-326 -811
-244 -678
663 -210
595 -441
-920 612
163 -782
145 399
202 54
-470 587
374 866
665 -685
31 714
-24 -598
210 -744
992 -602
316 193
-146 283
793 -43
146 -187
305 -807
184 687
300 573
208 135
-226 514
-151 -765
-859 615
469 19
26 -423
881 -588
-689 972
724 35
-294 -984
-504 287
254 815
262 168
-660 -182
469 -572
414 -509
-578 283
-216 632
-115 -62
-700 670
203 -273
-209 607
-548 -479
-20 -163
351 -33
614 -926
-462 912
981 -288
-52 -641
20 -853
-200 977
762 -993
621 81
-685 -907
-936 -315
-42 29
582 -252
-411 -459
918 893
992 900
156 -369
-163 578
54 -257
-766 -527
417 -802
-943 156
696 -708
562 -20
580 -4
616 423
57 -414
290 941
475 -249
-336 149
-433 -630
-129 -630
-101 -632
862 245
172 -262
-884 -162
241 175
290 -651
-351 -736
475 -608
551 -582
249 855
-306 -336
448 -830
521 764
-689 170
-252 -600
-620 -783
137 669
563 -539
723 -950
-433 -103
-326 -669
-848 -73
788 -625
-286 -43
-159 -333
-104 772
362 76
429 264
-81 167
347 -157
447 -292
-624 920
-730 414
238 852
113 -996
369 475
-672 314
236 -425
-949 -510
438 -552
-966 317
418 989
978 69
-475 355
17 569
-574 735
-871 -643
-40 536
-245 -187
495 -887
-62 498
980 601
838 -750
-40 -93
71 475
-650 326
-192 -402
-315 325
774 -993
214 856
-671 -721
773 -242
853 464
-604 -647
700 -995
456 411
479 997
926 413
700 934
654 90
-546 -431
-380 796
-682 746
-201 173
-978 -241
9 704
-683 -93
882 -951
817 -978
960 -93
-568 -884
728 98
-169 -915
-324 -356
238 776
-508 -860
265 676
-749 -476
967 558
-142 -230
609 184
-268 -824
-630 -240
-653 -667
60 -50
978 -432
-120 -746
513 594
782 309
352 -691
46 -778
144 -182
761 -495
789 853
-401 278
-14 -828
-842 -871
244 492
-177 -47
662 -644
-822 -452
-673 342
562 790
895 -640
-379 959
-691 -389
-365 -4
867 763
46 -102
467 -579
-239 -239
633 12
264 539
-192 878
-270 394
-603 699
392 -572
-788 -391
611 347
-61 -26
-395 19
831 32
923 -154
-326 258
950 952
-66 785
577 -863
-204 106
-705 -66
85 492
-646 665
-779 -606
-241 366
252 790
-183 -615
236 70
-78 859
306 75
900 778
721 -724
573 -417
-422 -193
-735 683
-484 713
232 103
-366 808
152 -57
-241 594
683 -637
-215 -265
169 573
45 173
505 94
-800 -429
-581 783
298 535
-634 855
773 175
448 452
821 751
874 -428
-394 227
-435 -955
20 43
-728 337
-990 631
112 -420
289 -886
-341 717
272 292
-170 -21
242 566
368 -873
611 249
292 37
6 -98
-392 -742
-766 742
-532 -426
205 674
-705 -406
562 -773
985 -323
408 989
-785 -850
722 -685
852 -948
388 274
-827 -894
938 897
419 -125
164 690
394 472
268 -273
-39 675
618 445
698 -815
773 983
-195 -160
574 883
163 283
-451 -853
-781 -337
-422 420
-406 -609
0 -790
-448 -842
-571 -149
-320 825
-876 808
-81 -302
-252 -376
906 -301
-956 836
-725 -859
829 227
-174 -603
759 -479
659 508
478 -825
-217 -823
-473 669
-760 744
-339 -380
166 -283
46 493
-915 764
734 673
761 136
-478 170
16 -718
927 783
896 -254
518 754
-132 758
-837 -402
-406 -981
-843 -337
283 -755
566 -214
-159 -887
-309 329
83 276
508 -144
-962 689
809 -257
-963 -122
-390 -144
-23 268
222 51
-287 -65
-718 -524
-297 -201
573 -972
-933 429
909 -241
139 -933
988 -119
-287 -370
13 56
12 996
-58 593
521 -710
-432 -90
-400 -768
53 -388
-217 -74
-834 199
433 -223
167 -711
325 366
206 -912
-25 -885
-374 -330
211 174
526 138
-967 217
-355 602
-955 -611
-780 -706
-266 -857
-891 -861
476 25
562 622
617 -128
-233 19
223 302
-998 260
424 -703
139 -724
-356 -444
-815 -561
24 -247
709 315
-689 -120
532 47
-189 -152
-413 600
-616 -459
259 269
-593 -481
640 830
604 -722
-244 160
-701 1000
-78 -733
-15 -875
503 -377
-491 296
663 347
-117 615
774 13
114 -537
-461 -244
-296 -843
315 942
367 -263
-363 8
-563 210
-974 185
-314 581
283 -739
-983 -737
813 -909
671 -8
-182 -546
281 116
442 319
-978 -916
-244 408
-857 -313
612 306
-907 -286
261 -202
577 728
649 667
-350 -938
824 -794
640 -585
328 601
-220 -728
-287 360
-924 897
917 -609
-455 772
-463 902
-633 -909
348 -531
466 -409
-326 -38
415 7
12 409
717 881
811 573
-542 244
474 729
859 984
147 791
84 -249
-497 -389
-753 15
933 -368
-706 912
662 915
-673 598
-401 -7
792 -986
-297 -863
997 -307
-941 341
-959 400
-840 -799
552 34
388 566
22 -421
358 -64
66 -353
-467 -584
-241 394
-278 184
16 -604
881 13
113 588
356 877
-289 683
843 -816
113 301
-755 41
-613 -763
374 655
941 -217
389 -677
-123 -255
-298 649
-265 858
-798 728
-259 -843
-735 -104
806 768
612 612
-796 863
-39 -632
550 -825
-536 -518
-907 -519
449 -208
971 85
587 946
-951 -215
-302 -203
409 75
199 -795
-46 696
412 298
621 869
62 -196
773 309
-744 530
63 190
-2 782
-373 795
-150 -475
883 -203
730 991
226 729
-922 535
315 828
-519 -335
707 201
722 209
-293 -271
520 243
231 779
-918 565
539 -838
879 205
546 -175
514 -821
-992 243
535 542
637 -199
-572 -33
-907 970
730 -121
777 -311
-500 -894
979 307
-771 963
985 -23
948 673
329 -447
265 -15
561 617
-185 782
715 361
987 941
-599 936
-237 -768
867 -421
210 -947
-215 219
-431 -321
-800 490
311 -388
840 -20
969 438
-519 345
365 351
-758 -59
-413 -498
844 208
505 813
244 800
252 -973
-895 139
-181 728
-513 680
-302 -69
898 -126
267 243
-70 459
-734 333
602 -767
-920 675
489 -294
246 -848
429 -869
509 -11
-104 -253
201 983
748 676
-294 -570
-969 54
305 -949
484 276
-551 558
-719 204
-516 341
-307 -755
177 547
-53 938
-650 -620
212 863
79 -450
46 -439
480 971
-563 -984
611 -271
-615 453
515 904
-380 -266
511 950
331 -419
160 41
746 676
-246 690
-493 -70
-270 242
921 -669
-140 270
275 483
-24 732
814 842
-542 324
-135 -37
-747 141
-535 941
-121 -776
-407 701
474 477
423 158
-672 165
-983 142
-382 -946
758 -417
-290 651
-826 740
868 226
-155 310
-426 172
772 653
-288 -94
342 -785
-413 -28
-102 -370
-939 679
-78 242
374 380
336 -939
-258 820
738 -457
-882 229
297 115
-304 201
556 404
-997 238
193 602
12 -59
299 907
438 -899
708 -442
400 200
89 -511
-833 -754
246 118
596 -25
-66 197
185 -524
410 -387
-159 954
735 282
681 -264
-121 -34
619 837
-30 -177
112 774
-226 940
656 584
-482 -132
-543 -874
-635 615
808 305
21 777
-560 -453
132 406
-194 16
857 143
106 874
360 -341
408 -824
-664 223
-486 886
369 91
-305 710
686 107
-558 505
231 992
-370 -891
801 666
504 77
-826 556
-807 -689
491 -443
-445 -392
-995 758
-395 -613
-281 -149
784 344
711 -425
-165 12
716 836
-276 356
-58 -47
-236 249
829 -820
497 -706
738 488
-720 606
-630 -294
-762 549
-724 304
667 292
-29 329
396 289
515 862
5 147
-406 -412
773 -82
257 251
-5 -852
-607 -368
-184 32
-890 -233
870 -468
-115 885
-30 -354
-983 588
857 -641
-214 -550
38 237
924 394
14 504
578 759
-556 452
630 -178
395 -898
-637 -457
826 842
651 740
327 64
-30 -394
-201 -272
-292 642
91 225
816 -711
-568 558
666 999
-412 -974
63 70
-75 -885
-50 32
-481 -320
-891 -238
-364 862
-284 -286
-710 -417
438 139
412 543
-28 -950
306 -805
-710 -979
-746 79
-25 500
-809 185
342 978
412 853
668 -583
-354 -562
114 955
-565 -221
-43 -650
-497 27
-531 950
-236 -183
-254 103
-292 -492
-244 -415
-696 43
908 627
-638 864
-449 -392
278 101
-569 357
43 -476
628 -422
165 884
703 -191
187 -958
565 -281
302 463
957 -217
633 836
197 -964
-429 -651
-731 -875
315 264
-532 631
627 534
-955 -922
557 903
-199 14
99 313
50 12
-140 214
-762 584
-732 -311
703 392
950 929
-945 973
-518 -251
755 -319
993 -892
-691 -602
-817 377
-997 -743
-659 2
-956 -172
-90 -740
-932 402
-468 -809
281 -938
626 744
969 -338
-682 724
-662 -150
-982 928
39 60
-662 -962
-181 -151
-391 -724
-792 936
56 534
264 -480
884 508
-326 892
-35 559
98 583
-899 -359
180 3
-132 587
-722 -284
-636 189
-573 612
71 -901
774 -314
-994 572
-908 -776
-26 871
511 903
999 11
-624 -501
150 744
-434 -83
708 392
-542 198
-25 -450
821 -44
-768 716
370 548
163 -939
-642 -445
-5 -412
-575 -225
-245 -221
-190 814
907 -797
759 -661
144 417
967 -874
-397 309
-154 819
-764 542
397 -857
-537 758
-584 143
58 399
-844 -531
-930 -213
-624 -513
-390 925
585 837
552 336
496 -121
831 226
684 -921
946 440
530 829
456 -78
882 745
-391 -213
-819 775
-388 143
985 506
-326 -735
-664 410
227 -622
-139 -577
-137 -406
290 -364
731 906
856 318
392 -334
-169 -797
309 -875
460 83
-51 681
856 -153
-352 549
361 90
-393 -29
195 -385
-125 -633
-351 858
372 -642
685 -557
-231 -581
886 819
229 355
-371 -654
32 -816
58 591
-517 414
-225 480
-694 -646
-869 522
-449 -805
-727 999
-25 -264
-525 -551
555 -89
-257 102
-679 -516
-745 173
-27 687
498 617
685 -421
827 -373
-234 -213
772 -740
-167 -829
-348 840
1000 -372
-263 -693
-46 -209
-693 -808
2 -269
332 -853
-933 -78
-809 -419
63 267
78 639
-128 -829
-310 894
-453 -975
352 -960
759 -738
-335 108
-720 -49
-322 -397
-124 490
-109 974
-12 93
91 552
850 -902
-589 987
-301 -18
593 959
256 695
32 28
-567 -560
578 -123
-997 -297
613 -388
-86 -21
-337 561
358 -137
77 -516
-505 -917
255 -174
455 397
-590 328
507 -996
801 -526
109 502
-683 -826
351 -387
-61 447
884 -235
-432 -470
-889 -98
693 -423
-578 404
460 470
631 53
-188 54
-21 493
2 146
-468 175
-473 -143
700 -717
221 -240
373 205
69 -620
510 -273
862 -190
-997 -228
-832 9
-570 310
-46 940
-181 -978
650 537
859 -623
903 103
326 841
-627 754
-410 -576
982 828
-444 -772
-576 391
208 -35
763 293
419 86
910 -87
-113 169
-950 882
57 -766
399 -694
943 -530
300 979
494 -455
-616 -97
282 -642
284 330
-761 -996
594 -660
-701 -882
-375 587
984 21
749 -656
-583 954
-446 16
-300 -410
-985 -151
101 -11
-621 289
-193 502
100 -263
-867 249
-143 -420
460 225
63 -426
72 356
828 263
-984 -155
-765 -736
-617 -297
-203 -888
-443 -208
254 783
-493 698
391 561
-462 -389
707 -880
-118 605
-34 175
218 788
210 891
815 866
519 -150
-321 -44
-566 -629
-398 547
-150 117
282 570
-458 -564
320 409
-904 -66
459 728
873 121
170 978
128 -180
-368 135
830 -331
68 307
930 600
823 -858
-965 -137
-177 325
538 81
515 285
962 195
-992 -321
-125 -577
703 286
670 -527
-15 -356
851 429
785 248
125 818
-424 -135
991 -160
-269 -712
581 563
512 -666
-692 543
-731 884
-385 -598
172 469
-252 968
-442 753
112 -331
-48 -99
977 -783
280 -794
-872 55
-54 -961
463 298
133 929
931 -981
983 63
-606 -81
-540 -514
-525 -646
224 153
-798 -298
663 84
202 254
-18 -355
-249 198
965 427
843 33
912 199
866 724
328 218
-318 -442
-535 -245
-13 189
-891 866
277 -600
-323 462
-917 79
692 -659
-75 127
-813 -864
627 -929
-24 957
468 -388
-179 -188
758 360
907 -910
275 -172
901 941
-687 959
-694 807
-959 -714
270 38
-777 -471
524 306
461 -672
920 -903
-393 -800
-633 -897
-281 192
295 -248
155 949
-242 662
461 921
209 419
311 16
-371 909
554 -647
881 984
670 155
367 -465
-614 263
858 -272
882 834
-292 538
-991 -179
831 -985
353 -428
625 424
421 -928
533 577
-489 134
-943 -383
-413 754
431 -589
412 -701
80 646
-865 843
-521 -525
620 -915
704 -655
300 -533
-972 676
-336 249
-118 755
-884 951
300 393
-195 -805
-91 992
688 -885
787 211
209 361
89 -439
332 -311
961 -215
453 -805
-434 975
342 -320
-561 -134
-670 -568
990 -131
88 -462
-494 -669
-493 104
-678 -192
-293 -122
989 917
-599 -90
752 -906
311 -257
842 -244
141 630
-892 969
913 396
133 529
-245 517
585 -114
-946 715
-158 263
-905 -555
14 696
-294 -961
641 434
241 447
134 -991
-968 778
-808 -222
-422 380
327 791
549 -453
-167 602
-464 871
-807 367
-727 -866
846 -963
853 535
-91 351
927 195
129 -299
-861 391
-707 364
-520 -47
-64 -162
-786 -764
-933 -872
394 435
-808 -409
6 -551
257 -135
-320 -462
676 116
637 303
-20 -684
1 -30
998 431
773 256
-475 866
-318 604
-842 810
941 -372
-588 -634
367 370
208 181
-235 -762
166 188
79 644
-42 -967
366 -680
-83 -732
548 -708
-592 508
474 -351
50 269
-923 819
-95 397
90 356
675 463
51 -789
634 654
713 319
-682 -50
-636 -339
-135 -876
819 424
107 -619
-630 -276
511 -528
734 -703
326 -791
-629 245
589 -434
887 299
991 -2
887 4
-312 530
-823 534
751 908
-54 321
-429 726
196 100
56 841
-127 -740
-906 821
-887 -822
71 566
277 914
-164 159
-627 295
-89 -629
608 451
-990 436
935 -636
78 492
985 -814
109 -873
-828 -587
816 -420
233 -769
187 563
835 -448
-419 600
710 -941
744 -640
-779 -739
-631 -217
555 -486
102 -575
-846 842
212 663
-515 638
-239 -85
-413 -38
82 -110
104 879
-185 -394
-211 315
8 -77
-428 -927
-964 -931
959 402
699 -910
-118 961
-273 -315
583 -871
8 682
594 403
288 -876
-245 -551
553 91
769 -271
-854 -770
796 -343
-978 -395
630 414
-312 857
-790 838
752 -548
699 429
497 -401
-521 206
-577 906
592 -540
-803 548
958 568
-31 882
56 811
251 324
54 821
508 284
-126 12
-518 -769
-723 -916
-285 -34
-402 42
595 297
-141 804
-522 749
736 709
-802 121
-290 995
-759 279
605 585
-961 -251
-490 166
-885 -450
992 -910
115 -147
-992 -273
367 -967
-124 912
-981 671
-520 582
338 -20
-961 832
626 368
551 347
-314 347
917 -219
-375 968
434 -236
-506 47
286 -128
88 541
136 -180
632 618
954 -996
0 107
-424 -71
-58 -314
137 545
-572 234
-618 -785
-107 603
-656 221
-341 875
274 136
-124 -798
637 -868
498 -942
-373 72
168 -659
32 -338
657 -554
427 -802
-618 740
892 -242
-764 471
463 803
-946 -757
155 588
47 -586
929 -683
-878 -148
-773 -959
698 -10
-573 332
630 613
-583 963
-689 365
-611 -130
839 543
-132 -179
214 62
-542 734
-289 -946
-135 521
338 611
-669 -719
-168 469
-840 -14
551 -259
-468 619
-996 -608
57 -15
972 -672
901 18
716 -586
789 79
-416 -269
-459 -382
-225 614
-783 -339
-184 540
507 -583
-137 -90
-679 -405
793 705
-557 -444
-463 713
-588 -436
377 800
839 662
761 -171
444 800
917 658
-479 164
-99 598
-82 -971
904 -363
-762 -284
60 212
209 -919
551 345
333 970
980 570
-126 -284
-217 353
-388 -124
137 101
926 662
594 483
881 790
-717 835
-498 754
213 -946
-847 -939
941 -953
-260 82
-918 -483
-879 275
331 668
980 628
115 -655
194 598
291 469
-928 -169
-75 358
174 -10
-657 -938
-373 -470
881 731
540 -600
712 517
730 -826
509 -60
469 -454
600 -542
-990 398
754 -730
849 803
-383 562
735 720
25 -202
-712 730
-72 208
734 -155
-361 254
-131 530
-476 -783
-486 -403
558 -880
279 -633
815 982
-596 -383
331 -643
418 -967
-385 -495
-279 988
-987 391
-10 -592
-850 955
328 -527
-734 9
-231 -369
-284 -276
-934 -844
333 -80
-417 -578
718 -451
-580 223
-554 1000
-396 -246
654 447
550 794
-64 -895
952 253
-29 -669
-917 847
798 -320
-78 288
88 883
-322 -299
-2 682
-740 -244
-302 -142
384 -80
694 -915
628 -126
-740 918
-979 -847
572 963
-480 362
324 866
-83 42
-426 383
-160 427
238 -482
-955 -208
-738 0
4 768
-29 -990
162 -631
545 519
728 -455
519 75
-585 12
718 942
683 649
-789 -651
-457 -560
-861 678
170 -350
-105 337
-486 -972
-468 442
443 -698
793 -53
-31 975
-279 329
-938 459
-862 -161
-133 369
-134 849
-288 -15
570 885
-556 -362
937 -746
934 -709
-78 805
-401 563
-260 -898
-308 -111
-993 -760
-738 133
-662 -39
-596 334
240 -288
623 -431
-10 741
-823 -187
-950 -428
-218 -446
345 -385
620 -622
-159 -437
385 -997
-101 -958
-893 -264
29 823
150 -426
348 167
479 260
160 -565
-326 308
358 -43
77 18
-176 571
-346 674
249 671
-641 -491
-57 627
-780 -388
-492 -109
-719 78
-393 -300
-197 -810
-894 48
-206 787
-984 -466
-935 39
-451 969
614 495
-406 745
133 638
-564 380
-820 689
785 597
283 154
-3 651
-871 820
264 59
590 -124
874 -798
-615 -195
664 375
-226 -432
-995 -194
370 96
-159 644
984 -749
739 528
976 -262
353 608
-722 831
-558 -456
-620 -179
178 240
-726 -713
24 -245
350 21
-881 -134
926 29
597 114
-567 434
-482 82
-577 -336
879 56
-612 260
-242 -594
862 -919
469 488
-22 -36
505 159
477 -851
179 558
-764 -606
-503 455
-793 -333
720 -1
-106 -179
382 -442
-247 -612
-898 -848
366 79
-996 809
-532 124
790 669
-284 778
549 284
109 -593
-158 267
242 889
297 -443
869 -786
292 912
540 -244
579 -895
21 117
716 979
-643 -60
-4 454
855 68
-864 -349
-935 -93
-915 170
-493 -881
809 -984
247 -789
-486 875
949 -610
74 408
-291 649
-135 217
766 666
-145 -363
954 -210
360 -998
-65 514
-99 -381
-472 -173
-179 -822
-413 -909
466 464
-66 928
88 -103
-256 864
-49 -243
-652 632
995 -568
-838 -948
653 573
188 114
121 -473
102 -913
69 -434
-84 529
-577 -839
-383 341
-573 314
168 -689
631 195
-118 37
-136 -745
930 -676
-525 -35
747 -293
365 993
0 -725
712 -538
-833 532
-405 623
331 -357
-655 897
-885 545
666 -257
465 153
-702 -212
-193 668
476 958
-209 -262
-402 526
685 46
-48 -81
381 619
112 206
975 31
-326 -64
552 -557
170 881
-53 852
-838 -984
-508 -736
926 259
106 -907
510 274
-203 -316
622 195
-849 -627
-562 107
-122 117
852 -157
-492 742
-971 -143
695 -827
628 694
-653 365
-468 -293
630 -622
813 -179
-657 -491
-370 469
-796 283
-879 -693
-366 437
-980 649
-492 -793
791 277
949 272
-614 537
-25 799
-532 -907
426 -287
90 -994
929 -575
-825 -929
745 858
-617 260
-943 -669
511 286
525 844
902 -412
204 -183
821 531
-748 902
-41 156
312 -742
-562 -869
-234 759
857 -474
801 334
527 167
870 585
166 253
390 -338
124 841
-826 581
362 373
480 6
-127 95
62 429
