1000 5
85 137
-173 70
48 -63
-160 114
132 88
193 -115
-118 -199
-87 107
39 -163
-156 -18
-100 -41
-143 166
-146 192
-54 104
-109 199
-166 123
54 103
90 -158
104 -190
184 123
-88 -71
-5 -128
153 141
-122 36
9 -36
34 -96
-140 41
125 -98
-196 179
-102 -118
68 -183
-187 -109
183 -30
-141 -93
18 -111
-23 102
6 -62
-153 68
106 -132
-124 -5
-118 104
-117 -80
8 140
70 34
6 99
-127 -26
14 -173
-86 -170
-155 102
-155 -192
130 183
-136 -196
189 59
-84 -123
-198 92
144 8
144 -91
119 3
94 -129
135 -120
-138 -72
-60 -47
53 -156
-106 97
137 -110
-99 -43
56 -94
5 189
-20 175
-70 58
149 -1
61 -113
38 172
-110 140
-197 -85
-24 53
199 -103
-7 -8
15 -152
99 -124
66 -119
137 -131
-122 64
-125 -47
37 -58
-74 97
-97 13
-91 46
96 108
-21 -80
-99 117
-7 87
93 -96
54 -133
-40 188
9 90
124 90
154 126
98 179
109 -9
-8 -2
194 181
4 178
-176 -128
-12 153
164 -131
75 -54
-29 -155
46 -142
52 144
72 -27
59 171
90 -118
13 -19
83 73
47 -82
118 -54
86 -154
43 -3
53 174
-61 89
-197 -39
173 -81
-70 -47
20 166
-167 9
-137 -112
-127 175
79 86
-44 -64
12 79
-32 -53
88 -116
-28 49
53 125
-159 -88
-139 -141
62 -63
167 1
90 179
174 -58
188 -145
42 38
-62 26
38 62
-164 -11
-79 -43
27 101
-15 -8
-197 87
-19 -127
67 -116
-195 57
89 -39
-144 -77
152 -177
-122 -90
-140 -134
168 116
-80 -150
42 59
199 -54
-67 184
-171 -133
81 -128
190 93
132 147
169 76
-171 -23
129 118
-25 131
132 -29
50 129
-72 83
-70 18
-84 -10
-144 107
2 -3
-28 185
-52 24
22 39
-76 41
93 151
-170 -77
157 -93
11 88
179 -28
-193 -116
-5 -73
-165 -51
15 -200
-171 126
-125 -105
-192 193
9 184
195 147
-188 146
-92 123
-5 -45
-126 124
-52 63
-172 161
-48 -85
89 -102
-97 118
52 -26
-45 121
121 -16
104 7
145 15
43 1
196 134
-136 80
125 27
154 32
-103 92
194 61
-20 -165
70 -166
132 173
58 -43
-10 -162
39 -5
20 162
-102 -99
-195 89
-129 197
0 -16
-20 -91
170 -87
84 143
-6 -112
156 40
42 -48
-113 89
26 175
-153 11
-200 24
103 11
164 196
-160 -92
49 96
-135 -106
171 110
175 -133
-120 -170
32 169
-95 93
-56 77
-177 73
-135 33
154 -34
5 -176
-97 191
148 38
-36 -147
43 -148
107 -122
107 52
54 -187
-190 -114
-179 101
-87 -59
-40 151
-46 161
-99 187
64 152
-151 133
-18 -53
39 160
-159 -117
-181 -77
21 50
-98 35
80 -3
149 -117
94 33
-67 176
-62 -190
-115 22
32 30
-119 124
151 60
154 -92
-112 -193
137 54
-61 150
-161 3
-170 -156
-142 -194
-146 -36
-198 -162
-122 -3
156 -34
77 -64
-103 -174
0 139
-161 10
-56 -13
53 -99
67 -10
35 105
113 3
-36 -21
170 104
-148 57
-27 -99
-48 -195
-1 139
-111 43
76 65
-169 -172
81 53
-177 -37
-28 5
129 -112
199 -177
98 -140
133 98
-121 -30
50 190
58 -82
163 -42
-151 -150
150 130
-75 40
-50 -37
152 -173
-57 82
132 154
-86 96
125 -50
155 26
-174 -177
77 172
179 -8
121 39
-48 5
40 -158
-45 122
-68 40
-116 164
-87 30
-44 70
-37 162
125 -81
18 -58
21 -124
-91 90
-61 -37
-65 200
174 -66
-97 65
-97 -190
34 36
-122 51
-141 -49
145 98
189 -32
-151 164
36 32
139 100
139 -125
-140 113
-22 -60
-25 76
127 -170
92 -144
-109 148
21 188
115 12
-122 -197
-31 81
-154 -45
94 119
-70 50
-57 16
-23 -197
-19 62
79 -148
-9 -134
-65 -29
59 -63
-162 85
175 103
-137 -14
-62 65
175 78
128 -200
181 87
-122 -121
-56 -178
60 -71
-53 116
55 96
85 -183
88 4
100 -153
64 -174
190 46
-198 43
-12 -169
35 20
-163 -139
-13 -94
-111 103
-145 110
155 168
-31 -160
-150 -79
-149 -123
-93 -164
-117 -156
104 -25
-152 63
42 -156
82 194
68 67
-12 -21
-197 -138
38 21
122 48
-148 -20
-34 -106
-71 111
-92 186
155 -126
-9 -153
-19 -1
126 5
35 -154
-147 -153
87 22
-128 95
-196 137
-185 59
99 23
-23 -127
-18 125
-171 -111
-104 8
-122 -36
-12 -56
5 44
62 17
-150 130
176 -172
-8 36
24 -160
19 -187
8 -84
-194 -138
21 176
-31 172
35 53
-159 105
-60 79
-62 -58
-17 158
-65 35
178 -184
84 176
117 79
-75 -108
188 -112
109 135
127 155
-194 59
7 87
74 -142
18 64
134 -161
53 -13
-165 -152
-162 -50
116 32
-74 83
141 -132
-116 180
148 -159
-59 119
136 49
116 81
-107 -87
-16 26
89 -109
176 -101
18 197
190 -65
-86 43
17 -14
-58 48
109 -49
34 19
-48 -159
-85 -144
67 -67
138 102
124 27
-162 -126
148 -105
-20 42
63 48
-167 140
-105 -137
9 -111
127 34
-79 -155
-14 -35
26 -199
-165 65
200 133
-106 -169
72 -47
-86 130
27 -58
-79 161
182 84
-129 -189
-54 -141
174 52
-97 40
27 108
63 -91
-61 105
24 166
-175 -119
-79 155
-109 -6
132 -88
170 133
-33 113
-120 30
21 -196
184 79
16 -50
76 60
-165 70
165 103
23 98
-50 -141
54 -54
-22 -160
83 -165
-41 81
116 160
129 -48
-88 -79
-61 75
19 -73
-160 136
8 121
-196 -17
55 131
-60 148
181 -150
0 50
23 6
-172 -93
191 -62
52 -165
-64 -78
-60 117
-49 123
88 -167
-27 -161
-47 -110
146 48
-153 -23
-61 -172
101 118
181 105
-95 -126
-41 101
-57 -72
52 -18
129 -12
28 56
-85 -122
76 -80
-33 -91
-103 -118
83 168
91 -29
14 -191
-109 147
-74 31
156 38
-125 46
-141 23
122 136
-34 49
41 -184
-72 26
170 -38
-76 -168
180 38
47 -70
-100 46
-94 -12
136 17
180 -13
81 93
-56 -71
-146 -46
-147 -6
147 150
124 -6
-83 61
100 -120
88 97
84 -53
-24 172
157 -141
5 120
-83 -26
-33 -141
121 -100
-187 196
-75 43
-149 -77
-42 -130
76 -60
-88 -131
77 160
-90 31
37 19
-176 44
50 -60
-35 -173
180 57
-128 -199
-30 175
1 -134
14 189
-169 77
-91 170
28 170
160 114
-109 -129
134 -23
162 159
-196 24
-1 48
-152 75
160 -106
-171 195
-148 -38
-119 183
-193 124
-156 200
-106 -160
124 -101
-129 -100
173 92
43 65
170 -170
165 167
89 182
74 -92
190 -163
-78 -171
-2 -185
-194 116
-199 50
-57 51
124 -12
-41 -173
63 -176
148 -34
-37 -161
80 13
143 -125
183 -200
-111 46
40 6
106 -115
37 79
182 -145
-173 52
68 -163
92 -8
137 -158
132 -105
-51 -117
-66 -132
70 36
50 -145
-71 186
-16 -15
-114 -21
-4 -175
-196 60
-162 138
-185 84
133 -127
-74 85
-120 8
-143 158
145 -191
-25 123
22 193
132 136
153 -137
31 101
68 69
191 -66
-168 106
160 31
-81 -56
-95 112
-21 -192
168 -168
-135 188
-124 99
-178 13
-84 -1
-144 -172
172 -34
-109 -194
103 102
148 -81
-4 51
-32 24
-183 -113
154 10
158 -159
-69 -78
-144 199
130 172
43 -54
-195 200
-66 -77
-38 -114
33 -93
-45 -66
91 -10
-138 -35
43 -100
-16 -69
-146 160
-145 86
-123 6
46 76
188 50
64 -50
113 169
54 -180
187 -86
89 1
101 117
-178 70
171 -6
89 148
135 -32
160 58
-175 -80
147 -200
-144 73
56 128
166 187
46 192
108 18
46 -174
-11 -35
-85 183
-187 -115
-199 153
-162 178
3 -67
158 -29
-160 139
-162 -3
-49 -180
-194 -30
-21 176
21 -41
169 65
131 -138
176 -15
188 -10
150 123
33 -153
116 29
-123 100
26 -48
-42 69
-70 95
96 142
-57 73
194 163
171 157
18 -163
117 68
-99 81
-194 153
-62 -70
55 -76
-138 -4
96 154
-17 -10
170 142
24 -179
91 -134
116 -186
45 -192
197 -47
150 -50
30 19
-81 75
-80 174
-7 56
102 -3
124 59
35 34
158 -114
95 -200
-192 -57
182 169
165 -53
7 103
157 132
-190 -104
-170 -182
-146 -160
-136 5
-195 -107
35 -164
156 -175
-57 98
-175 187
154 -141
-41 -134
77 -88
-32 3
185 178
-189 -80
-149 -184
-59 112
-111 17
117 74
-38 85
-28 -141
46 -145
20 128
-120 106
27 96
-160 5
-26 50
-74 -113
-179 -93
199 -101
-109 -42
-10 -57
-113 -133
-29 126
-138 18
169 168
-146 -4
-112 120
61 116
59 60
-13 -120
-181 -177
-63 -34
46 -79
-90 -46
136 113
-187 -35
-127 82
195 159
-37 -18
-72 -87
-183 20
-122 20
14 -13
164 -158
-195 -24
131 137
116 73
-65 -177
101 -20
51 189
-181 -50
-91 -26
-72 12
-114 97
-189 -190
-27 -71
-159 -39
-117 -92
173 -70
149 123
26 -180
42 49
-154 92
166 -145
152 44
-19 -181
-199 195
-52 87
59 57
-114 20
-147 -5
-21 173
53 -142
-190 190
56 -71
-8 -144
136 -194
68 31
109 -93
168 23
-144 5
-26 157
-149 176
-94 -131
-72 -101
175 166
-6 -119
-141 176
81 188
-109 -67
171 61
47 159
-50 117
150 -146
16 -98
-23 18
-95 -28
-63 81
3 107
-101 92
-121 -163
-45 -188
-25 -187
79 41
155 -32
-34 141
73 -126
142 -140
-51 186
-135 -35
60 -68
105 90
70 177
12 150
-4 -76
51 -94
-156 -107
74 67
-125 -90
146 -99
-156 196
-107 -6
183 -191
82 -144
-105 -162
-104 74
-118 56
-20 152
6 59
-126 -24
-193 -42
7 71
114 177
-5 -44
39 -3
117 75
123 -52
73 93
-7 -77
-87 23
84 -44
-85 -2
24 -72
145 114
67 -76
-54 189
-139 183
-142 73
-91 94
-177 -23
127 4
-20 -181
-158 -47
-45 -50
63 -85
66 129
37 -95
92 -163
152 -19
-145 64
143 160
-28 -167
36 126
-103 -59
-168 -132
14 86
-186 191
-69 1
-106 10
-174 81
-194 -10
133 -83
