1000 1000
0 0
1 1
1000 1500
1001 1500
1002 1500
1003 1500
1004 1500
1005 1500
1006 1500
1007 1500
1008 1500
1009 1500
1010 1500
1011 1500
1012 1500
1013 1500
1014 1500
1015 1500
1016 1500
1017 1500
1018 1500
1019 1500
1020 1500
1021 1500
1022 1500
1023 1500
1024 1500
1025 1500
1026 1500
1027 1500
1028 1500
1029 1500
1030 1500
1031 1500
1032 1500
1033 1500
1034 1500
1035 1500
1036 1500
1037 1500
1038 1500
1039 1500
1040 1500
1041 1500
1042 1500
1043 1500
1044 1500
1045 1500
1046 1500
1047 1500
1048 1500
1049 1500
1050 1500
1051 1500
1052 1500
1053 1500
1054 1500
1055 1500
1056 1500
1057 1500
1058 1500
1059 1500
1060 1500
1061 1500
1062 1500
1063 1500
1064 1500
1065 1500
1066 1500
1067 1500
1068 1500
1069 1500
1070 1500
1071 1500
1072 1500
1073 1500
1074 1500
1075 1500
1076 1500
1077 1500
1078 1500
1079 1500
1080 1500
1081 1500
1082 1500
1083 1500
1084 1500
1085 1500
1086 1500
1087 1500
1088 1500
1089 1500
1090 1500
1091 1500
1092 1500
1093 1500
1094 1500
1095 1500
1096 1500
1097 1500
1098 1500
1099 1500
1100 1500
1101 1500
1102 1500
1103 1500
1104 1500
1105 1500
1106 1500
1107 1500
1108 1500
1109 1500
1110 1500
1111 1500
1112 1500
1113 1500
1114 1500
1115 1500
1116 1500
1117 1500
1118 1500
1119 1500
1120 1500
1121 1500
1122 1500
1123 1500
1124 1500
1125 1500
1126 1500
1127 1500
1128 1500
1129 1500
1130 1500
1131 1500
1132 1500
1133 1500
1134 1500
1135 1500
1136 1500
1137 1500
1138 1500
1139 1500
1140 1500
1141 1500
1142 1500
1143 1500
1144 1500
1145 1500
1146 1500
1147 1500
1148 1500
1149 1500
1150 1500
1151 1500
1152 1500
1153 1500
1154 1500
1155 1500
1156 1500
1157 1500
1158 1500
1159 1500
1160 1500
1161 1500
1162 1500
1163 1500
1164 1500
1165 1500
1166 1500
1167 1500
1168 1500
1169 1500
1170 1500
1171 1500
1172 1500
1173 1500
1174 1500
1175 1500
1176 1500
1177 1500
1178 1500
1179 1500
1180 1500
1181 1500
1182 1500
1183 1500
1184 1500
1185 1500
1186 1500
1187 1500
1188 1500
1189 1500
1190 1500
1191 1500
1192 1500
1193 1500
1194 1500
1195 1500
1196 1500
1197 1500
1198 1500
1199 1500
1200 1500
1201 1500
1202 1500
1203 1500
1204 1500
1205 1500
1206 1500
1207 1500
1208 1500
1209 1500
1210 1500
1211 1500
1212 1500
1213 1500
1214 1500
1215 1500
1216 1500
1217 1500
1218 1500
1219 1500
1220 1500
1221 1500
1222 1500
1223 1500
1224 1500
1225 1500
1226 1500
1227 1500
1228 1500
1229 1500
1230 1500
1231 1500
1232 1500
1233 1500
1234 1500
1235 1500
1236 1500
1237 1500
1238 1500
1239 1500
1240 1500
1241 1500
1242 1500
1243 1500
1244 1500
1245 1500
1246 1500
1247 1500
1248 1500
1249 1500
1250 1500
1251 1500
1252 1500
1253 1500
1254 1500
1255 1500
1256 1500
1257 1500
1258 1500
1259 1500
1260 1500
1261 1500
1262 1500
1263 1500
1264 1500
1265 1500
1266 1500
1267 1500
1268 1500
1269 1500
1270 1500
1271 1500
1272 1500
1273 1500
1274 1500
1275 1500
1276 1500
1277 1500
1278 1500
1279 1500
1280 1500
1281 1500
1282 1500
1283 1500
1284 1500
1285 1500
1286 1500
1287 1500
1288 1500
1289 1500
1290 1500
1291 1500
1292 1500
1293 1500
1294 1500
1295 1500
1296 1500
1297 1500
1298 1500
1299 1500
1300 1500
1301 1500
1302 1500
1303 1500
1304 1500
1305 1500
1306 1500
1307 1500
1308 1500
1309 1500
1310 1500
1311 1500
1312 1500
1313 1500
1314 1500
1315 1500
1316 1500
1317 1500
1318 1500
1319 1500
1320 1500
1321 1500
1322 1500
1323 1500
1324 1500
1325 1500
1326 1500
1327 1500
1328 1500
1329 1500
1330 1500
1331 1500
1332 1500
1333 1500
1334 1500
1335 1500
1336 1500
1337 1500
1338 1500
1339 1500
1340 1500
1341 1500
1342 1500
1343 1500
1344 1500
1345 1500
1346 1500
1347 1500
1348 1500
1349 1500
1350 1500
1351 1500
1352 1500
1353 1500
1354 1500
1355 1500
1356 1500
1357 1500
1358 1500
1359 1500
1360 1500
1361 1500
1362 1500
1363 1500
1364 1500
1365 1500
1366 1500
1367 1500
1368 1500
1369 1500
1370 1500
1371 1500
1372 1500
1373 1500
1374 1500
1375 1500
1376 1500
1377 1500
1378 1500
1379 1500
1380 1500
1381 1500
1382 1500
1383 1500
1384 1500
1385 1500
1386 1500
1387 1500
1388 1500
1389 1500
1390 1500
1391 1500
1392 1500
1393 1500
1394 1500
1395 1500
1396 1500
1397 1500
1398 1500
1399 1500
1400 1500
1401 1500
1402 1500
1403 1500
1404 1500
1405 1500
1406 1500
1407 1500
1408 1500
1409 1500
1410 1500
1411 1500
1412 1500
1413 1500
1414 1500
1415 1500
1416 1500
1417 1500
1418 1500
1419 1500
1420 1500
1421 1500
1422 1500
1423 1500
1424 1500
1425 1500
1426 1500
1427 1500
1428 1500
1429 1500
1430 1500
1431 1500
1432 1500
1433 1500
1434 1500
1435 1500
1436 1500
1437 1500
1438 1500
1439 1500
1440 1500
1441 1500
1442 1500
1443 1500
1444 1500
1445 1500
1446 1500
1447 1500
1448 1500
1449 1500
1450 1500
1451 1500
1452 1500
1453 1500
1454 1500
1455 1500
1456 1500
1457 1500
1458 1500
1459 1500
1460 1500
1461 1500
1462 1500
1463 1500
1464 1500
1465 1500
1466 1500
1467 1500
1468 1500
1469 1500
1470 1500
1471 1500
1472 1500
1473 1500
1474 1500
1475 1500
1476 1500
1477 1500
1478 1500
1479 1500
1480 1500
1481 1500
1482 1500
1483 1500
1484 1500
1485 1500
1486 1500
1487 1500
1488 1500
1489 1500
1490 1500
1491 1500
1492 1500
1493 1500
1494 1500
1495 1500
1496 1500
1497 1500
1498 1500
1499 1500
1500 1500
1501 1500
1502 1500
1503 1500
1504 1500
1505 1500
1506 1500
1507 1500
1508 1500
1509 1500
1510 1500
1511 1500
1512 1500
1513 1500
1514 1500
1515 1500
1516 1500
1517 1500
1518 1500
1519 1500
1520 1500
1521 1500
1522 1500
1523 1500
1524 1500
1525 1500
1526 1500
1527 1500
1528 1500
1529 1500
1530 1500
1531 1500
1532 1500
1533 1500
1534 1500
1535 1500
1536 1500
1537 1500
1538 1500
1539 1500
1540 1500
1541 1500
1542 1500
1543 1500
1544 1500
1545 1500
1546 1500
1547 1500
1548 1500
1549 1500
1550 1500
1551 1500
1552 1500
1553 1500
1554 1500
1555 1500
1556 1500
1557 1500
1558 1500
1559 1500
1560 1500
1561 1500
1562 1500
1563 1500
1564 1500
1565 1500
1566 1500
1567 1500
1568 1500
1569 1500
1570 1500
1571 1500
1572 1500
1573 1500
1574 1500
1575 1500
1576 1500
1577 1500
1578 1500
1579 1500
1580 1500
1581 1500
1582 1500
1583 1500
1584 1500
1585 1500
1586 1500
1587 1500
1588 1500
1589 1500
1590 1500
1591 1500
1592 1500
1593 1500
1594 1500
1595 1500
1596 1500
1597 1500
1598 1500
1599 1500
1600 1500
1601 1500
1602 1500
1603 1500
1604 1500
1605 1500
1606 1500
1607 1500
1608 1500
1609 1500
1610 1500
1611 1500
1612 1500
1613 1500
1614 1500
1615 1500
1616 1500
1617 1500
1618 1500
1619 1500
1620 1500
1621 1500
1622 1500
1623 1500
1624 1500
1625 1500
1626 1500
1627 1500
1628 1500
1629 1500
1630 1500
1631 1500
1632 1500
1633 1500
1634 1500
1635 1500
1636 1500
1637 1500
1638 1500
1639 1500
1640 1500
1641 1500
1642 1500
1643 1500
1644 1500
1645 1500
1646 1500
1647 1500
1648 1500
1649 1500
1650 1500
1651 1500
1652 1500
1653 1500
1654 1500
1655 1500
1656 1500
1657 1500
1658 1500
1659 1500
1660 1500
1661 1500
1662 1500
1663 1500
1664 1500
1665 1500
1666 1500
1667 1500
1668 1500
1669 1500
1670 1500
1671 1500
1672 1500
1673 1500
1674 1500
1675 1500
1676 1500
1677 1500
1678 1500
1679 1500
1680 1500
1681 1500
1682 1500
1683 1500
1684 1500
1685 1500
1686 1500
1687 1500
1688 1500
1689 1500
1690 1500
1691 1500
1692 1500
1693 1500
1694 1500
1695 1500
1696 1500
1697 1500
1698 1500
1699 1500
1700 1500
1701 1500
1702 1500
1703 1500
1704 1500
1705 1500
1706 1500
1707 1500
1708 1500
1709 1500
1710 1500
1711 1500
1712 1500
1713 1500
1714 1500
1715 1500
1716 1500
1717 1500
1718 1500
1719 1500
1720 1500
1721 1500
1722 1500
1723 1500
1724 1500
1725 1500
1726 1500
1727 1500
1728 1500
1729 1500
1730 1500
1731 1500
1732 1500
1733 1500
1734 1500
1735 1500
1736 1500
1737 1500
1738 1500
1739 1500
1740 1500
1741 1500
1742 1500
1743 1500
1744 1500
1745 1500
1746 1500
1747 1500
1748 1500
1749 1500
1750 1500
1751 1500
1752 1500
1753 1500
1754 1500
1755 1500
1756 1500
1757 1500
1758 1500
1759 1500
1760 1500
1761 1500
1762 1500
1763 1500
1764 1500
1765 1500
1766 1500
1767 1500
1768 1500
1769 1500
1770 1500
1771 1500
1772 1500
1773 1500
1774 1500
1775 1500
1776 1500
1777 1500
1778 1500
1779 1500
1780 1500
1781 1500
1782 1500
1783 1500
1784 1500
1785 1500
1786 1500
1787 1500
1788 1500
1789 1500
1790 1500
1791 1500
1792 1500
1793 1500
1794 1500
1795 1500
1796 1500
1797 1500
1798 1500
1799 1500
1800 1500
1801 1500
1802 1500
1803 1500
1804 1500
1805 1500
1806 1500
1807 1500
1808 1500
1809 1500
1810 1500
1811 1500
1812 1500
1813 1500
1814 1500
1815 1500
1816 1500
1817 1500
1818 1500
1819 1500
1820 1500
1821 1500
1822 1500
1823 1500
1824 1500
1825 1500
1826 1500
1827 1500
1828 1500
1829 1500
1830 1500
1831 1500
1832 1500
1833 1500
1834 1500
1835 1500
1836 1500
1837 1500
1838 1500
1839 1500
1840 1500
1841 1500
1842 1500
1843 1500
1844 1500
1845 1500
1846 1500
1847 1500
1848 1500
1849 1500
1850 1500
1851 1500
1852 1500
1853 1500
1854 1500
1855 1500
1856 1500
1857 1500
1858 1500
1859 1500
1860 1500
1861 1500
1862 1500
1863 1500
1864 1500
1865 1500
1866 1500
1867 1500
1868 1500
1869 1500
1870 1500
1871 1500
1872 1500
1873 1500
1874 1500
1875 1500
1876 1500
1877 1500
1878 1500
1879 1500
1880 1500
1881 1500
1882 1500
1883 1500
1884 1500
1885 1500
1886 1500
1887 1500
1888 1500
1889 1500
1890 1500
1891 1500
1892 1500
1893 1500
1894 1500
1895 1500
1896 1500
1897 1500
1898 1500
1899 1500
1900 1500
1901 1500
1902 1500
1903 1500
1904 1500
1905 1500
1906 1500
1907 1500
1908 1500
1909 1500
1910 1500
1911 1500
1912 1500
1913 1500
1914 1500
1915 1500
1916 1500
1917 1500
1918 1500
1919 1500
1920 1500
1921 1500
1922 1500
1923 1500
1924 1500
1925 1500
1926 1500
1927 1500
1928 1500
1929 1500
1930 1500
1931 1500
1932 1500
1933 1500
1934 1500
1935 1500
1936 1500
1937 1500
1938 1500
1939 1500
1940 1500
1941 1500
1942 1500
1943 1500
1944 1500
1945 1500
1946 1500
1947 1500
1948 1500
1949 1500
1950 1500
1951 1500
1952 1500
1953 1500
1954 1500
1955 1500
1956 1500
1957 1500
1958 1500
1959 1500
1960 1500
1961 1500
1962 1500
1963 1500
1964 1500
1965 1500
1966 1500
1967 1500
1968 1500
1969 1500
1970 1500
1971 1500
1972 1500
1973 1500
1974 1500
1975 1500
1976 1500
1977 1500
1978 1500
1979 1500
1980 1500
1981 1500
1982 1500
1983 1500
1984 1500
1985 1500
1986 1500
1987 1500
1988 1500
1989 1500
1990 1500
1991 1500
1992 1500
1993 1500
1994 1500
1995 1500
1996 1500
1997 1500
1 0
2 0
3 0
4 0
5 0
6 0
7 0
8 0
9 0
10 0
11 0
12 0
13 0
14 0
15 0
16 0
17 0
18 0
19 0
20 0
21 0
22 0
23 0
24 0
25 0
26 0
27 0
28 0
29 0
30 0
31 0
32 0
33 0
34 0
35 0
36 0
37 0
38 0
39 0
40 0
41 0
42 0
43 0
44 0
45 0
46 0
47 0
48 0
49 0
50 0
51 0
52 0
53 0
54 0
55 0
56 0
57 0
58 0
59 0
60 0
61 0
62 0
63 0
64 0
65 0
66 0
67 0
68 0
69 0
70 0
71 0
72 0
73 0
74 0
75 0
76 0
77 0
78 0
79 0
80 0
81 0
82 0
83 0
84 0
85 0
86 0
87 0
88 0
89 0
90 0
91 0
92 0
93 0
94 0
95 0
96 0
97 0
98 0
99 0
100 0
101 0
102 0
103 0
104 0
105 0
106 0
107 0
108 0
109 0
110 0
111 0
112 0
113 0
114 0
115 0
116 0
117 0
118 0
119 0
120 0
121 0
122 0
123 0
124 0
125 0
126 0
127 0
128 0
129 0
130 0
131 0
132 0
133 0
134 0
135 0
136 0
137 0
138 0
139 0
140 0
141 0
142 0
143 0
144 0
145 0
146 0
147 0
148 0
149 0
150 0
151 0
152 0
153 0
154 0
155 0
156 0
157 0
158 0
159 0
160 0
161 0
162 0
163 0
164 0
165 0
166 0
167 0
168 0
169 0
170 0
171 0
172 0
173 0
174 0
175 0
176 0
177 0
178 0
179 0
180 0
181 0
182 0
183 0
184 0
185 0
186 0
187 0
188 0
189 0
190 0
191 0
192 0
193 0
194 0
195 0
196 0
197 0
198 0
199 0
200 0
201 0
202 0
203 0
204 0
205 0
206 0
207 0
208 0
209 0
210 0
211 0
212 0
213 0
214 0
215 0
216 0
217 0
218 0
219 0
220 0
221 0
222 0
223 0
224 0
225 0
226 0
227 0
228 0
229 0
230 0
231 0
232 0
233 0
234 0
235 0
236 0
237 0
238 0
239 0
240 0
241 0
242 0
243 0
244 0
245 0
246 0
247 0
248 0
249 0
250 0
251 0
252 0
253 0
254 0
255 0
256 0
257 0
258 0
259 0
260 0
261 0
262 0
263 0
264 0
265 0
266 0
267 0
268 0
269 0
270 0
271 0
272 0
273 0
274 0
275 0
276 0
277 0
278 0
279 0
280 0
281 0
282 0
283 0
284 0
285 0
286 0
287 0
288 0
289 0
290 0
291 0
292 0
293 0
294 0
295 0
296 0
297 0
298 0
299 0
300 0
301 0
302 0
303 0
304 0
305 0
306 0
307 0
308 0
309 0
310 0
311 0
312 0
313 0
314 0
315 0
316 0
317 0
318 0
319 0
320 0
321 0
322 0
323 0
324 0
325 0
326 0
327 0
328 0
329 0
330 0
331 0
332 0
333 0
334 0
335 0
336 0
337 0
338 0
339 0
340 0
341 0
342 0
343 0
344 0
345 0
346 0
347 0
348 0
349 0
350 0
351 0
352 0
353 0
354 0
355 0
356 0
357 0
358 0
359 0
360 0
361 0
362 0
363 0
364 0
365 0
366 0
367 0
368 0
369 0
370 0
371 0
372 0
373 0
374 0
375 0
376 0
377 0
378 0
379 0
380 0
381 0
382 0
383 0
384 0
385 0
386 0
387 0
388 0
389 0
390 0
391 0
392 0
393 0
394 0
395 0
396 0
397 0
398 0
399 0
400 0
401 0
402 0
403 0
404 0
405 0
406 0
407 0
408 0
409 0
410 0
411 0
412 0
413 0
414 0
415 0
416 0
417 0
418 0
419 0
420 0
421 0
422 0
423 0
424 0
425 0
426 0
427 0
428 0
429 0
430 0
431 0
432 0
433 0
434 0
435 0
436 0
437 0
438 0
439 0
440 0
441 0
442 0
443 0
444 0
445 0
446 0
447 0
448 0
449 0
450 0
451 0
452 0
453 0
454 0
455 0
456 0
457 0
458 0
459 0
460 0
461 0
462 0
463 0
464 0
465 0
466 0
467 0
468 0
469 0
470 0
471 0
472 0
473 0
474 0
475 0
476 0
477 0
478 0
479 0
480 0
481 0
482 0
483 0
484 0
485 0
486 0
487 0
488 0
489 0
490 0
491 0
492 0
493 0
494 0
495 0
496 0
497 0
498 0
499 0
500 0
0 1
0 2
0 3
0 4
0 5
0 6
0 7
0 8
0 9
0 10
0 11
0 12
0 13
0 14
0 15
0 16
0 17
0 18
0 19
0 20
0 21
0 22
0 23
0 24
0 25
0 26
0 27
0 28
0 29
0 30
0 31
0 32
0 33
0 34
0 35
0 36
0 37
0 38
0 39
0 40
0 41
0 42
0 43
0 44
0 45
0 46
0 47
0 48
0 49
0 50
0 51
0 52
0 53
0 54
0 55
0 56
0 57
0 58
0 59
0 60
0 61
0 62
0 63
0 64
0 65
0 66
0 67
0 68
0 69
0 70
0 71
0 72
0 73
0 74
0 75
0 76
0 77
0 78
0 79
0 80
0 81
0 82
0 83
0 84
0 85
0 86
0 87
0 88
0 89
0 90
0 91
0 92
0 93
0 94
0 95
0 96
0 97
0 98
0 99
0 100
0 101
0 102
0 103
0 104
0 105
0 106
0 107
0 108
0 109
0 110
0 111
0 112
0 113
0 114
0 115
0 116
0 117
0 118
0 119
0 120
0 121
0 122
0 123
0 124
0 125
0 126
0 127
0 128
0 129
0 130
0 131
0 132
0 133
0 134
0 135
0 136
0 137
0 138
0 139
0 140
0 141
0 142
0 143
0 144
0 145
0 146
0 147
0 148
0 149
0 150
0 151
0 152
0 153
0 154
0 155
0 156
0 157
0 158
0 159
0 160
0 161
0 162
0 163
0 164
0 165
0 166
0 167
0 168
0 169
0 170
0 171
0 172
0 173
0 174
0 175
0 176
0 177
0 178
0 179
0 180
0 181
0 182
0 183
0 184
0 185
0 186
0 187
0 188
0 189
0 190
0 191
0 192
0 193
0 194
0 195
0 196
0 197
0 198
0 199
0 200
0 201
0 202
0 203
0 204
0 205
0 206
0 207
0 208
0 209
0 210
0 211
0 212
0 213
0 214
0 215
0 216
0 217
0 218
0 219
0 220
0 221
0 222
0 223
0 224
0 225
0 226
0 227
0 228
0 229
0 230
0 231
0 232
0 233
0 234
0 235
0 236
0 237
0 238
0 239
0 240
0 241
0 242
0 243
0 244
0 245
0 246
0 247
0 248
0 249
0 250
0 251
0 252
0 253
0 254
0 255
0 256
0 257
0 258
0 259
0 260
0 261
0 262
0 263
0 264
0 265
0 266
0 267
0 268
0 269
0 270
0 271
0 272
0 273
0 274
0 275
0 276
0 277
0 278
0 279
0 280
0 281
0 282
0 283
0 284
0 285
0 286
0 287
0 288
0 289
0 290
0 291
0 292
0 293
0 294
0 295
0 296
0 297
0 298
0 299
0 300
0 301
0 302
0 303
0 304
0 305
0 306
0 307
0 308
0 309
0 310
0 311
0 312
0 313
0 314
0 315
0 316
0 317
0 318
0 319
0 320
0 321
0 322
0 323
0 324
0 325
0 326
0 327
0 328
0 329
0 330
0 331
0 332
0 333
0 334
0 335
0 336
0 337
0 338
0 339
0 340
0 341
0 342
0 343
0 344
0 345
0 346
0 347
0 348
0 349
0 350
0 351
0 352
0 353
0 354
0 355
0 356
0 357
0 358
0 359
0 360
0 361
0 362
0 363
0 364
0 365
0 366
0 367
0 368
0 369
0 370
0 371
0 372
0 373
0 374
0 375
0 376
0 377
0 378
0 379
0 380
0 381
0 382
0 383
0 384
0 385
0 386
0 387
0 388
0 389
0 390
0 391
0 392
0 393
0 394
0 395
0 396
0 397
0 398
0 399
0 400
0 401
0 402
0 403
0 404
0 405
0 406
0 407
0 408
0 409
0 410
0 411
0 412
0 413
0 414
0 415
0 416
0 417
0 418
0 419
0 420
0 421
0 422
0 423
0 424
0 425
0 426
0 427
0 428
0 429
0 430
0 431
0 432
0 433
0 434
0 435
0 436
0 437
0 438
0 439
0 440
0 441
0 442
0 443
0 444
0 445
0 446
0 447
0 448
0 449
0 450
0 451
0 452
0 453
0 454
0 455
0 456
0 457
0 458
0 459
0 460
0 461
0 462
0 463
0 464
0 465
0 466
0 467
0 468
0 469
0 470
0 471
0 472
0 473
0 474
0 475
0 476
0 477
0 478
0 479
0 480
0 481
0 482
0 483
0 484
0 485
0 486
0 487
0 488
0 489
0 490
0 491
0 492
0 493
0 494
0 495
0 496
0 497
0 498
0 499
0 500
