75 8
383 886 777 915
690 59 763 926
211 368 567 429
67 135 929 802
22 58 69 167
229 373 421 919
315 370 413 526
862 170 996 281
336 505 846 729
317 492 652 756
497 353 586 965
846 451 921 555
34 764 124 914
227 365 859 936
143 11 928 529
369 917 917 996
490 499 772 725
282 258 924 637
468 71 973 131
336 210 342 587
206 301 713 372
321 255 819 599
127 150 984 658
396 81 630 84
640 42 898 713
298 190 524 590
784 21 842 868
528 189 872 908
133 648 890 754
500 46 788 797
50 748 556 902
39 2 428 403
177 900 238 971
261 42 360 117
677 234 690 626
524 57 614 168
205 358 312 386
100 346 726 994
51 80 631 593
412 479 610 969
189 274 355 641
620 433 987 888
217 518 945 783
270 699 417 839
569 363 622 794
57 115 521 157
574 491 947 951
231 21 537 740
54 30 98 325
231 139 796 404
176 483 207 759
244 711 805 934
291 375 955 614
589 768 993 918
805 882 822 982
543 74 814 713
179 377 762 775
294 17 346 235
137 691 153 943
283 72 398 830
232 204 954 443
159 262 262 683
16 224 109 539
81 114 338 989
134 181 506 415
57 708 595 999
136 360 618 643
657 97 827 126
269 71 651 149
184 195 776 805
266 428 954 528
421 159 985 957
354 761 762 972
541 716 852 850
32 154 104 875
