500 22
183 39 969 535
152 621 393 790
289 109 631 673
468 156 960 933
42 624 659 919
133 343 304 956
174 207 718 216
183 377 487 472
141 153 726 474
10 480 726 583
710 220 905 690
421 667 829 671
24 88 154 386
569 232 969 710
373 30 433 663
722 287 773 643
705 404 733 799
89 610 205 960
403 816 892 821
700 45 882 787
353 426 948 794
417 664 921 820
480 166 994 354
123 437 933 484
171 295 569 559
91 89 527 566
499 370 794 568
115 141 342 639
128 257 804 571
13 757 519 860
650 292 832 876
251 349 751 530
98 425 472 978
49 154 861 906
585 775 765 986
366 515 395 833
26 300 62 786
397 416 775 982
134 546 908 853
62 303 686 842
432 534 807 810
162 942 870 996
163 466 811 500
475 323 738 751
168 681 813 683
72 391 740 411
114 371 371 418
596 534 883 764
457 132 949 529
540 721 826 997
205 127 878 728
169 170 227 798
553 563 608 862
57 481 823 929
396 44 942 280
12 209 855 747
127 410 368 631
901 165 989 867
21 485 788 720
190 140 634 647
520 320 554 538
557 88 576 337
5 14 782 282
164 23 641 721
265 377 566 976
536 127 906 999
8 767 277 966
525 242 690 447
277 123 949 790
151 235 960 946
589 13 876 563
759 36 776 384
71 209 238 700
775 450 781 926
250 362 428 878
264 579 758 853
142 34 472 565
249 107 467 376
14 796 433 958
29 335 892 631
195 90 889 854
394 366 806 589
456 47 795 826
784 803 860 840
366 67 863 104
542 256 640 496
203 530 729 746
658 200 878 729
328 462 951 983
184 825 882 865
246 412 555 893
260 499 763 506
417 55 779 683
247 853 995 880
524 211 999 784
617 314 998 680
71 2 80 906
847 454 962 744
463 215 619 925
228 424 250 448
526 186 816 376
59 226 765 399
404 23 967 358
51 372 242 492
644 306 780 522
46 30 495 702
260 394 403 506
256 101 526 748
10 111 148 337
154 380 575 946
290 160 994 300
623 142 990 488
151 360 587 382
167 534 636 809
46 630 109 669
70 658 585 764
483 339 564 986
571 292 794 617
275 255 638 400
157 159 893 992
850 457 978 902
660 271 790 287
124 609 428 974
203 158 945 215
2 403 238 850
835 191 911 495
327 350 972 800
40 580 774 780
256 138 929 296
257 69 881 707
623 399 836 879
508 128 897 765
197 130 472 172
131 283 377 656
735 737 772 866
20 501 874 611
289 193 817 762
867 467 921 616
697 313 859 791
108 360 151 526
69 69 176 177
257 296 766 938
872 247 916 847
296 21 348 905
53 830 172 925
429 88 772 443
351 347 902 366
512 576 808 847
151 415 709 854
107 471 439 689
440 189 493 304
339 162 946 454
87 143 736 565
61 271 908 500
214 851 814 952
340 241 930 753
389 660 620 776
442 310 992 424
32 491 234 541
21 503 616 753
23 259 990 328
472 32 831 82
454 667 960 761
346 190 690 947
150 397 476 976
226 694 446 964
109 495 352 757
201 27 260 520
205 468 946 917
191 989 760 992
633 291 785 857
288 280 353 771
270 80 537 143
409 347 866 394
244 289 790 514
231 480 454 771
672 847 975 917
861 17 974 92
586 50 918 409
564 215 993 455
407 76 979 585
301 811 975 895
212 257 317 486
72 149 192 450
55 11 204 815
583 190 587 341
80 22 559 136
782 258 964 672
379 361 861 509
446 66 682 878
88 241 366 825
354 451 445 711
121 800 369 845
426 26 704 662
540 120 649 557
154 10 614 978
546 149 918 700
159 532 679 723
509 816 803 820
533 95 827 332
442 204 538 593
272 423 779 957
95 221 504 582
166 364 437 956
991 403 994 471
584 282 755 319
34 291 388 594
382 58 820 800
558 153 667 945
444 56 891 567
16 118 758 982
253 505 870 624
124 169 433 347
94 537 354 699
394 224 676 518
42 296 905 789
74 315 723 975
210 415 523 435
812 11 857 631
185 124 381 349
4 597 868 677
538 297 792 774
276 73 719 166
4 414 721 499
101 365 455 730
791 526 896 865
5 123 622 677
746 51 800 701
243 36 675 829
518 215 726 699
255 145 843 353
61 78 469 610
294 22 717 315
826 155 947 364
595 827 972 889
485 630 885 664
154 22 902 101
426 317 735 628
441 675 604 770
450 116 463 229
786 198 857 329
178 405 284 619
80 240 742 423
57 102 760 859
864 18 959 532
515 521 667 837
347 953 432 977
137 130 247 789
9 484 498 498
559 151 927 227
264 487 923 789
428 371 736 760
131 119 244 877
362 69 932 627
232 743 646 980
60 156 397 968
669 458 760 901
195 476 469 911
78 151 873 600
68 615 236 993
664 23 858 488
8 149 308 899
315 493 402 979
762 128 776 327
563 140 840 898
147 631 667 634
613 172 627 270
44 260 795 528
81 53 787 104
545 220 751 941
645 181 893 542
129 72 202 234
69 37 819 964
95 94 484 975
264 318 927 745
391 129 979 812
167 150 776 861
98 83 865 659
185 718 432 928
312 81 498 512
347 270 654 957
519 275 598 429
501 679 877 893
916 285 966 394
750 489 759 833
376 203 726 723
124 225 444 643
348 575 843 915
466 681 876 927
92 615 894 882
23 212 598 741
191 254 657 677
581 383 947 540
534 540 586 691
700 325 960 654
682 491 694 942
410 340 646 944
73 714 942 773
264 871 580 947
825 703 922 898
40 78 125 246
396 452 672 660
54 543 750 944
427 444 931 760
98 244 449 914
315 496 539 632
380 336 442 661
93 391 152 815
901 647 934 690
326 246 466 771
783 160 867 594
765 595 807 754
149 200 504 957
44 537 929 610
133 117 887 184
27 211 98 513
245 56 313 897
562 538 618 804
160 306 249 406
20 15 466 343
333 261 421 801
685 367 879 476
686 228 912 921
180 478 771 898
99 49 492 249
362 20 984 894
304 392 546 530
549 162 887 734
58 330 673 959
523 491 573 603
118 810 163 994
442 597 640 876
218 410 445 425
490 197 808 932
495 440 633 844
82 125 447 300
561 574 831 890
144 903 508 986
470 78 860 965
446 122 645 880
3 352 667 456
316 793 781 884
404 325 803 459
145 809 887 902
106 529 896 603
339 135 858 562
129 57 963 71
23 180 524 504
566 538 656 980
819 22 994 88
197 600 578 888
697 61 705 196
564 253 672 762
205 602 650 997
85 225 518 548
20 277 524 717
273 455 832 736
587 197 801 480
153 335 519 426
251 864 888 904
246 101 745 542
685 436 910 894
124 486 843 548
213 16 971 728
164 406 888 410
469 272 870 321
7 246 509 354
33 93 867 840
292 771 928 991
258 607 472 925
621 396 778 712
182 285 639 792
244 111 717 570
407 16 598 902
279 328 571 445
75 429 376 527
451 430 504 879
211 232 758 804
690 386 701 956
47 834 714 960
202 27 326 996
576 785 628 912
2 70 20 174
521 569 531 829
915 389 941 548
82 59 409 957
57 173 932 972
879 23 961 314
82 370 271 766
398 67 405 628
374 171 538 456
970 72 979 721
450 164 617 696
206 154 507 372
76 518 524 860
338 659 480 843
4 531 391 710
516 269 855 685
218 516 333 574
47 76 636 722
87 382 913 600
278 84 385 678
160 22 400 445
780 85 858 867
65 194 195 962
32 809 263 860
352 103 358 140
593 502 911 625
311 174 838 311
113 157 234 818
163 500 774 775
454 171 832 699
311 237 538 602
86 337 304 635
768 393 855 823
481 243 852 764
334 234 747 993
522 138 630 146
177 590 633 850
405 137 633 372
566 417 625 665
690 173 752 996
406 129 668 249
471 92 930 161
653 134 776 492
191 739 526 845
453 207 857 278
374 319 687 818
92 698 895 879
206 269 224 618
85 154 105 530
350 550 971 977
389 636 762 739
169 428 232 910
776 199 827 704
600 478 607 818
62 767 64 814
843 95 984 266
480 757 823 936
57 254 184 794
728 92 873 940
431 780 639 965
216 606 490 876
835 859 961 915
550 524 823 659
106 498 826 941
838 44 933 618
763 61 843 494
5 878 89 907
402 264 567 860
758 59 944 642
459 254 460 731
130 576 831 963
396 407 699 875
627 187 997 882
196 360 565 592
120 265 820 747
452 817 981 924
679 18 683 567
163 775 652 827
578 173 720 957
237 430 766 753
337 170 405 757
157 617 184 669
17 908 112 943
116 211 664 486
427 21 949 350
6 392 339 508
101 499 989 832
174 791 856 953
180 71 676 675
421 86 949 772
45 630 438 973
70 532 480 719
277 161 718 335
574 774 996 996
785 22 812 630
739 457 960 666
64 312 677 911
4 201 55 605
48 152 474 889
218 393 760 452
387 461 631 753
131 764 985 981
204 11 938 820
206 27 435 86
516 636 752 996
120 792 173 984
99 700 161 702
124 469 436 538
378 786 404 987
764 708 995 942
81 308 653 613
349 205 602 237
275 580 355 824
202 511 922 551
11 158 91 606
216 520 970 844
139 56 412 411
657 5 992 226
