2000 44
167 252 182 659
987 637 994 877
972 380 991 701
259 188 811 338
269 138 359 226
649 151 713 918
290 72 497 977
680 384 701 597
693 48 742 722
304 192 657 214
208 342 617 512
41 382 452 941
42 26 307 251
199 194 897 567
425 184 603 738
475 353 532 514
402 344 714 645
179 104 731 236
424 755 471 952
423 382 518 495
798 439 970 559
426 91 852 518
164 738 554 810
119 579 175 716
590 69 751 70
223 428 719 833
696 128 827 168
707 354 884 872
0 378 28 591
183 691 408 758
119 128 943 620
86 164 989 782
28 153 174 499
281 117 471 367
281 460 501 574
277 156 926 800
700 519 752 629
269 76 357 502
413 102 566 794
255 92 293 888
323 138 527 593
271 30 532 468
21 292 307 430
537 410 756 667
251 54 468 342
84 656 371 678
258 229 724 575
11 172 618 622
401 695 549 702
419 205 963 967
689 391 866 605
438 49 731 549
563 113 875 613
526 167 828 890
414 714 968 753
658 630 903 799
385 180 684 289
809 52 980 467
865 289 880 290
250 673 789 737
178 185 594 836
424 613 761 809
132 984 308 997
625 540 639 875
407 272 565 831
476 92 509 508
423 18 563 741
119 160 390 947
350 26 613 221
166 108 346 302
8 291 861 574
335 899 927 950
144 375 185 662
175 825 769 974
467 363 745 455
385 386 657 881
113 195 544 949
456 357 698 545
115 814 396 857
320 540 804 618
829 7 973 651
13 75 276 975
543 282 706 515
610 647 632 919
205 458 473 964
535 446 771 791
331 263 353 923
55 377 918 738
641 271 661 814
228 71 837 761
304 14 689 237
678 96 750 539
678 127 980 331
756 55 828 434
57 306 512 398
141 312 353 780
164 253 547 457
320 250 849 824
575 423 797 717
735 503 849 899
446 512 496 752
519 664 921 700
190 279 938 671
490 179 901 935
58 751 701 990
852 158 971 596
408 61 736 978
704 282 962 613
738 125 792 502
543 432 933 952
215 593 373 919
330 220 579 873
378 487 895 716
237 266 308 928
293 101 302 539
177 549 790 766
45 263 577 596
188 291 883 347
454 74 719 368
386 249 587 372
224 114 903 860
10 723 75 808
236 377 659 441
354 195 774 364
354 923 809 924
84 536 484 790
460 32 474 414
929 127 998 283
402 159 559 486
6 784 485 818
168 311 232 344
452 190 699 381
324 539 386 682
323 223 500 843
388 271 415 496
594 188 751 612
157 127 872 249
36 595 936 731
326 133 376 977
125 141 192 982
233 380 532 622
327 468 705 832
8 223 985 556
41 882 614 985
3 921 305 936
208 196 844 381
70 4 356 910
431 206 462 269
32 44 50 137
544 650 770 877
642 210 756 611
515 17 818 449
230 21 661 571
16 36 927 957
393 129 754 999
526 159 829 675
576 669 600 740
432 616 684 622
196 39 745 386
775 299 954 584
337 53 472 563
836 127 992 805
603 225 713 842
135 196 622 872
455 428 909 767
154 119 247 454
652 370 861 539
643 222 741 999
946 310 969 840
132 44 702 431
214 699 587 851
23 172 546 370
36 4 367 250
693 504 825 592
354 113 467 507
287 327 600 960
13 787 245 870
256 576 691 811
287 6 411 575
356 495 709 787
398 303 940 685
67 500 530 870
284 75 713 232
52 375 788 957
80 155 149 436
198 405 860 549
214 664 851 764
76 779 773 783
652 208 912 941
264 31 433 613
674 489 979 679
50 244 620 358
100 335 837 377
266 62 537 556
175 213 849 441
275 738 997 867
917 830 951 837
39 310 862 457
781 429 913 870
151 422 176 933
135 37 904 339
478 59 530 578
94 627 167 959
6 64 168 693
160 287 708 572
100 104 472 302
217 522 603 669
251 370 253 623
370 14 393 973
604 391 655 460
19 502 533 521
84 334 615 425
763 88 812 369
648 24 701 103
795 738 847 991
435 254 440 427
7 564 959 633
408 429 556 923
494 360 747 883
5 134 420 152
12 269 324 613
120 649 762 676
423 89 684 748
665 256 835 707
754 645 958 875
294 73 551 155
133 222 602 240
1 256 410 348
847 666 898 848
219 179 476 877
896 134 917 558
165 1 573 431
53 44 646 104
226 253 337 812
809 466 871 862
144 8 452 358
656 606 889 816
300 345 942 698
540 94 714 994
404 632 816 917
181 176 596 877
40 760 48 845
233 706 678 915
570 412 923 532
315 660 984 982
224 312 713 688
698 161 975 636
791 889 926 982
546 57 894 606
265 737 306 916
572 331 693 795
348 130 732 590
212 780 984 933
107 266 652 821
543 662 739 845
704 123 838 163
521 222 637 849
669 416 712 571
107 239 239 981
225 417 757 894
427 580 808 613
12 259 385 272
564 90 716 253
100 186 167 527
67 7 238 493
88 151 923 206
172 423 636 613
36 354 435 455
879 133 907 175
35 243 219 475
394 494 681 872
54 121 850 285
1 31 469 747
561 348 717 967
447 540 777 972
42 749 462 953
456 162 523 499
12 477 199 869
525 372 939 628
486 701 948 750
316 13 537 841
152 647 476 990
37 148 852 353
217 15 631 721
128 69 352 388
981 14 991 19
232 271 633 801
286 264 874 301
94 177 374 734
17 146 666 740
435 36 700 529
274 60 714 498
752 93 885 639
343 864 845 908
79 96 707 183
668 7 724 196
105 710 269 748
319 384 535 918
670 254 923 338
348 59 408 588
13 82 960 555
636 228 911 449
589 541 906 979
232 98 785 527
138 13 147 727
94 127 362 678
225 148 557 989
486 276 974 367
416 576 506 960
197 92 537 223
77 61 814 975
33 553 75 582
156 129 403 541
416 428 563 450
259 39 834 55
268 459 583 689
289 73 432 239
259 331 975 336
32 318 869 672
560 96 820 490
303 575 843 729
395 726 493 779
45 363 451 714
810 180 855 611
619 334 674 477
582 123 766 128
97 278 768 330
399 444 803 981
152 619 663 926
299 94 869 571
228 290 863 380
261 526 307 736
671 519 732 899
188 845 823 927
723 200 909 746
592 391 692 667
42 255 600 963
4 365 423 817
141 219 767 760
206 246 291 395
361 380 906 495
637 131 858 935
213 42 341 384
240 545 974 770
75 420 102 693
108 2 286 20
40 74 325 345
158 216 821 985
322 254 521 321
95 10 327 767
273 541 514 957
61 390 328 623
696 461 891 733
393 30 853 57
544 309 913 605
335 203 664 732
202 445 275 969
376 326 775 659
433 90 630 803
452 256 707 580
783 506 899 714
573 231 806 436
546 165 641 293
445 360 450 991
525 91 636 567
234 410 528 679
69 659 215 714
460 608 715 621
133 480 455 543
434 375 906 484
39 297 843 995
690 323 959 870
168 175 912 207
783 276 871 313
298 151 746 597
496 341 938 812
43 30 383 391
847 16 965 172
306 378 503 643
310 202 476 583
472 249 503 867
208 333 825 514
508 646 825 716
331 92 415 566
139 451 888 476
225 393 229 733
391 406 450 722
606 651 852 740
456 80 832 575
811 216 952 950
585 8 977 976
261 502 596 504
48 30 677 190
240 44 396 872
50 371 873 486
365 33 970 741
20 105 102 243
94 202 548 340
296 420 481 669
6 398 449 786
183 974 487 997
492 286 727 560
261 842 429 895
210 174 869 793
54 128 907 544
210 360 271 554
95 210 542 385
777 24 995 582
78 229 220 937
269 466 453 520
113 220 429 890
447 733 459 932
606 177 879 405
827 73 999 92
543 386 900 805
77 589 539 713
364 461 718 908
107 436 789 473
98 281 515 462
430 562 839 889
144 27 289 238
223 324 384 444
108 393 571 528
375 802 402 950
112 85 198 573
461 316 767 581
626 167 638 902
34 645 204 848
577 508 839 952
49 760 409 978
620 248 931 628
596 488 747 584
147 267 740 659
96 243 638 716
492 921 696 941
735 295 836 349
360 82 994 808
248 679 640 972
322 300 577 647
28 279 972 689
89 250 816 283
505 357 886 649
444 264 683 634
117 812 127 922
469 80 895 513
541 562 693 966
403 289 634 406
810 63 951 148
9 530 166 550
500 502 606 753
24 451 505 504
22 323 293 818
48 34 832 429
312 817 718 846
339 507 476 642
752 5 970 152
39 802 582 917
791 106 817 455
271 181 952 982
252 359 661 943
866 489 937 970
144 347 466 697
854 265 914 458
47 362 163 562
687 473 999 548
585 542 806 760
350 93 703 849
544 261 947 987
636 145 857 434
596 270 974 897
214 712 554 758
488 72 878 84
330 281 390 656
135 487 712 695
452 225 577 470
521 185 844 587
181 623 435 852
74 453 660 950
743 159 922 947
120 414 639 568
548 677 584 900
616 693 873 992
226 867 232 980
408 5 948 778
4 1 473 716
77 562 496 656
782 728 988 838
536 182 931 830
159 373 710 919
204 607 650 843
544 339 985 792
4 598 408 704
144 189 922 547
44 60 203 562
475 146 877 432
224 4 423 720
193 346 268 411
424 207 887 821
619 90 735 359
470 119 828 529
827 75 985 718
152 92 472 138
448 71 594 628
821 28 898 973
793 58 901 940
484 147 519 799
668 598 952 687
262 464 419 931
451 21 523 65
820 166 945 512
4 63 571 276
155 164 814 958
673 60 766 958
132 134 995 817
153 588 955 637
124 492 593 709
97 152 397 327
388 768 675 811
504 91 731 602
243 129 281 889
133 111 268 638
202 0 592 445
481 873 686 913
182 7 478 668
118 99 658 672
123 155 845 906
402 280 821 937
118 789 715 869
404 850 423 917
334 19 964 827
723 258 920 841
796 99 976 499
356 402 815 431
722 38 862 911
263 412 367 745
526 542 763 675
8 616 998 624
28 717 369 828
288 232 785 648
200 135 272 581
151 56 927 962
565 371 813 423
461 19 634 990
59 600 295 624
130 6 514 570
420 665 928 744
323 24 711 805
459 216 990 449
85 8 340 937
79 470 404 737
210 89 750 936
94 725 244 874
403 104 948 840
276 200 585 487
401 819 644 866
660 42 801 102
248 445 371 707
602 613 759 850
58 130 909 629
265 504 497 661
855 118 889 809
36 334 806 897
555 636 839 762
138 141 848 665
193 641 701 748
123 728 744 848
237 820 579 999
335 168 547 992
545 771 929 945
664 71 773 352
142 560 628 968
188 168 489 215
76 77 782 817
43 670 362 912
486 75 652 900
173 9 418 713
100 119 106 483
264 714 536 716
808 255 938 982
81 133 329 268
140 119 473 626
60 199 778 200
131 595 194 940
530 299 604 590
525 62 649 656
657 844 948 900
218 88 507 748
569 636 747 782
51 229 436 791
267 148 793 456
192 283 668 811
723 127 957 370
84 357 573 921
200 113 234 386
632 166 956 750
51 270 723 356
236 474 896 639
289 610 462 801
134 1 637 370
515 550 534 759
675 575 993 744
237 555 658 777
63 192 256 787
158 783 451 907
476 356 623 434
512 752 680 988
792 250 869 656
354 901 997 920
35 403 854 931
185 293 469 329
386 24 558 389
274 330 495 902
587 63 660 305
504 223 719 426
424 99 810 961
749 373 859 525
1 75 930 826
745 417 779 976
590 746 682 961
310 81 472 966
71 372 838 746
515 34 804 384
191 290 551 655
6 169 103 429
66 184 973 425
705 428 854 599
280 253 639 829
336 599 367 616
605 710 852 739
155 741 396 760
803 248 852 751
330 24 486 888
493 445 506 480
1 184 105 682
191 70 256 122
4 197 641 648
550 729 844 741
417 160 650 317
234 0 238 556
201 470 357 530
339 340 421 438
84 534 626 919
467 254 974 668
408 90 648 485
880 831 976 891
217 430 244 436
156 491 973 676
61 614 226 933
280 481 924 854
385 149 591 617
84 172 258 734
266 71 629 679
686 207 965 318
39 467 42 723
386 255 395 471
20 88 830 816
367 232 424 758
73 229 908 500
239 229 899 958
971 440 972 525
63 683 559 876
529 633 716 660
528 362 567 537
548 702 786 963
324 227 596 854
213 312 514 704
644 162 969 489
288 125 837 934
182 500 343 529
134 485 433 544
211 218 443 923
621 180 694 705
469 232 577 335
208 79 876 835
223 83 633 997
330 766 712 850
104 109 206 398
493 442 723 824
284 340 426 911
188 83 746 446
485 268 798 589
377 4 988 411
484 382 927 812
673 239 694 790
321 141 837 917
482 0 640 386
294 478 846 704
580 287 632 748
129 173 779 565
302 753 847 949
694 625 803 674
197 88 486 985
393 122 451 978
89 175 672 386
437 80 633 831
75 251 758 516
736 483 951 955
316 576 511 871
365 24 766 109
97 7 842 227
50 748 400 767
101 49 506 937
532 122 859 169
184 334 522 762
411 656 571 865
705 77 802 650
181 193 281 806
124 67 987 305
192 131 683 264
478 197 918 328
103 271 580 787
487 421 585 621
169 205 392 647
615 141 651 454
203 404 921 532
274 370 849 698
73 100 298 968
192 148 633 158
900 721 956 977
418 730 833 891
410 216 526 647
31 124 195 793
664 280 848 799
459 241 692 844
66 514 107 925
44 152 373 709
784 573 860 595
589 493 751 551
154 358 886 823
126 364 898 529
224 358 390 783
325 261 998 803
558 6 852 70
96 590 792 951
551 96 900 139
306 184 923 566
14 653 434 917
776 245 827 911
681 97 883 431
882 66 969 91
262 7 954 46
258 99 408 539
714 36 731 450
247 130 671 980
649 509 849 684
239 160 647 305
58 176 982 657
107 122 476 745
480 269 975 350
461 345 858 805
221 393 610 937
762 243 794 733
688 442 872 795
83 869 909 941
222 222 928 984
412 227 993 495
96 254 436 441
44 163 156 492
183 596 429 921
34 107 853 430
623 361 922 392
50 448 306 566
700 232 770 734
6 145 313 343
43 399 97 612
502 706 654 897
105 103 510 844
384 0 770 908
216 698 703 847
105 811 303 949
26 59 210 66
493 84 548 232
314 363 803 531
62 507 378 519
670 34 820 696
93 30 114 471
321 79 829 166
638 437 999 527
85 918 247 995
541 490 585 874
312 513 589 954
180 9 671 166
0 396 284 404
510 596 591 826
259 895 382 973
592 445 672 589
174 504 511 543
230 427 275 974
439 272 781 622
55 342 529 745
532 408 741 595
343 502 833 782
213 326 948 920
0 534 549 576
435 499 925 778
537 815 785 982
194 191 312 981
675 117 947 374
142 823 149 836
244 252 983 553
448 678 766 942
501 267 779 861
485 200 748 250
150 679 291 950
358 58 893 211
312 438 927 814
276 657 391 954
413 555 455 883
229 453 708 910
430 376 828 407
722 62 892 303
394 394 798 406
235 73 820 392
71 245 667 968
43 563 939 608
55 315 815 641
249 455 318 628
390 361 737 446
446 58 976 137
650 296 822 930
427 65 913 873
500 426 898 566
71 314 561 547
350 507 973 863
731 816 896 992
470 297 681 541
325 396 720 632
78 363 340 384
324 52 548 662
471 127 708 709
208 432 985 884
484 533 546 818
499 141 546 891
675 365 936 632
821 83 973 981
334 683 720 854
7 460 977 508
63 196 676 715
380 192 450 739
38 98 781 661
617 315 843 606
262 600 578 908
139 494 961 551
321 32 874 59
371 376 899 536
315 757 868 988
619 463 994 990
191 246 879 884
669 105 740 652
127 88 277 437
682 622 869 985
660 814 735 833
266 54 501 668
215 0 626 481
350 439 380 918
190 253 300 844
561 462 983 796
110 59 478 300
792 355 899 767
311 231 770 799
392 241 521 656
42 501 294 896
565 559 699 867
343 288 363 389
622 366 827 549
326 620 376 891
192 444 239 786
558 0 797 854
116 327 812 442
118 612 954 836
283 584 694 753
548 0 941 316
126 283 871 334
37 125 510 940
306 161 474 855
232 165 557 369
121 148 586 635
169 434 819 638
110 455 216 559
48 350 899 390
226 169 677 647
103 289 487 726
385 132 729 745
8 71 215 340
630 596 763 803
630 97 915 400
92 813 300 829
232 539 884 541
34 257 124 936
54 932 919 973
858 225 868 812
488 33 604 914
217 530 283 671
275 479 277 763
512 233 677 649
91 293 630 516
504 426 716 714
177 682 209 696
544 48 688 443
294 143 638 799
150 560 705 913
232 322 985 415
224 241 251 471
707 56 828 637
799 412 991 858
715 243 945 679
71 2 812 788
202 226 907 374
220 73 587 291
427 399 432 655
219 86 889 190
244 546 305 699
549 122 994 772
205 146 206 852
267 348 448 755
140 809 345 980
140 550 394 697
562 122 756 249
151 56 616 291
315 890 323 967
64 532 694 580
495 400 514 646
482 437 740 977
189 254 975 998
447 288 942 535
554 59 763 802
525 194 643 431
462 103 733 366
571 656 674 880
38 195 963 852
352 244 455 597
434 385 548 543
666 196 739 724
395 500 459 666
61 403 269 426
41 46 385 436
492 136 972 820
397 863 768 889
166 841 923 893
263 366 972 886
80 20 344 901
625 153 939 441
726 91 899 503
655 209 764 429
30 349 650 395
17 460 828 899
303 805 361 860
355 928 931 977
38 24 288 833
331 12 408 634
169 121 494 525
426 265 610 534
254 37 847 776
773 314 783 334
216 469 735 726
305 722 355 946
429 81 436 134
747 193 787 765
157 628 241 686
584 361 899 394
197 221 949 949
50 198 61 634
576 480 997 488
235 535 526 766
300 587 951 613
317 370 327 893
2 547 118 718
422 113 998 985
581 361 742 584
260 213 654 242
49 647 720 652
316 4 377 148
88 612 729 703
960 292 993 372
337 495 994 894
628 521 906 548
689 161 959 288
255 496 610 703
193 876 848 970
135 418 866 565
575 223 624 958
63 502 225 861
685 519 964 813
81 379 525 496
115 162 615 824
103 65 584 280
878 317 925 854
18 394 22 806
389 409 841 697
287 291 708 658
37 82 464 525
39 144 480 428
743 251 961 383
212 154 397 992
360 300 555 789
67 299 428 304
361 187 436 444
270 133 857 630
585 454 586 923
234 265 695 856
633 89 651 218
233 438 963 551
294 156 834 805
817 438 928 627
118 40 763 618
246 143 704 890
133 341 286 401
287 416 731 729
85 500 180 622
163 441 590 971
165 679 714 738
474 10 760 686
59 397 494 464
291 660 581 808
691 295 898 947
175 506 623 619
183 227 256 500
409 271 686 456
462 570 597 997
149 205 849 800
402 112 725 257
349 339 934 751
68 287 187 458
97 86 941 433
230 431 567 579
217 42 773 147
395 151 785 515
1 158 558 890
214 102 810 330
190 136 493 355
265 30 500 544
28 64 94 434
140 5 632 880
6 171 386 341
29 22 581 906
235 635 346 727
406 384 510 524
121 623 908 888
201 484 249 916
307 697 454 895
659 202 860 318
508 431 935 670
453 34 516 677
287 411 710 563
133 246 586 973
137 749 335 767
157 176 799 642
947 262 966 619
818 159 830 975
686 664 825 766
530 172 890 348
232 264 277 473
724 407 880 847
494 212 641 570
53 260 743 732
461 143 829 785
414 247 670 492
152 835 421 918
83 443 410 921
172 596 808 891
538 955 995 973
399 406 894 510
303 480 617 876
283 653 810 910
260 575 536 969
427 395 454 760
207 483 695 843
301 463 530 729
208 117 545 152
335 95 767 894
800 665 951 684
682 831 774 892
168 615 961 728
813 403 952 484
623 547 813 707
406 46 478 360
45 144 597 211
682 33 965 694
225 640 891 983
194 694 966 876
81 285 210 658
200 398 549 594
53 201 659 772
55 399 135 703
282 557 374 874
168 104 399 450
394 69 998 790
103 93 921 734
672 126 720 981
709 243 995 778
84 27 480 539
257 537 505 694
785 395 814 524
61 55 256 897
169 286 782 954
33 596 831 639
121 339 562 966
17 109 509 693
60 104 965 754
93 85 442 91
182 113 250 881
697 667 702 973
598 466 708 811
120 564 238 566
278 119 816 924
623 146 934 624
110 400 864 702
750 586 806 916
542 18 933 774
393 291 802 929
533 123 963 812
295 436 663 805
324 122 897 218
140 830 344 942
469 712 827 961
571 120 574 262
425 671 889 935
511 261 642 758
395 647 474 652
109 256 357 616
54 792 944 917
836 175 899 558
637 577 851 825
267 88 895 248
51 780 890 833
8 218 105 272
772 741 855 984
256 752 501 785
167 325 288 993
515 9 531 503
334 80 455 175
758 525 771 785
348 338 875 771
39 201 834 725
167 23 176 394
300 262 873 604
379 486 544 907
229 327 603 348
202 197 326 407
32 118 635 425
600 221 947 663
501 820 805 949
24 907 387 976
293 778 412 948
666 107 719 167
610 40 817 628
470 11 518 364
282 34 552 683
64 535 369 674
427 449 854 545
315 174 452 379
359 60 415 139
558 836 813 859
153 65 795 857
220 414 874 768
557 10 829 419
610 290 621 950
13 326 606 910
484 345 516 462
199 869 646 900
243 523 866 853
388 53 401 120
184 173 224 957
443 610 945 831
663 698 951 763
682 82 703 824
221 565 280 885
61 755 166 976
264 25 722 946
389 742 915 962
307 196 847 922
607 114 925 449
71 664 399 959
543 392 588 515
0 87 371 220
178 202 660 501
204 914 620 984
257 339 725 813
481 133 911 518
764 122 929 324
125 476 242 607
312 57 639 774
228 204 648 354
474 601 490 751
871 705 948 904
82 73 313 95
463 191 605 897
24 596 496 626
205 593 630 785
167 24 300 80
766 656 809 820
488 726 745 795
603 164 785 427
132 264 396 910
236 152 613 762
18 612 209 826
78 57 250 254
436 460 472 806
92 476 782 868
278 114 365 267
748 186 867 624
921 194 951 241
677 333 991 568
68 379 469 745
159 210 439 983
240 69 668 388
280 589 463 605
694 53 978 974
32 849 49 922
156 708 928 850
51 107 328 355
88 251 610 473
256 56 446 708
97 561 981 981
315 471 960 601
682 250 853 618
84 339 899 650
118 205 825 600
310 60 503 608
437 566 789 979
40 232 790 861
883 370 910 545
430 28 691 566
461 422 575 568
25 687 163 807
344 77 800 559
118 492 574 580
495 509 608 613
1 182 193 267
304 407 834 570
486 43 861 253
416 608 472 810
355 365 640 708
899 833 976 935
191 12 753 677
468 358 984 531
158 48 253 626
343 47 838 147
114 48 293 810
95 132 309 326
335 306 605 707
275 305 823 474
940 242 956 850
59 431 805 687
933 639 976 670
687 532 938 732
127 311 718 965
382 68 910 315
59 239 337 679
45 232 947 428
522 417 864 457
95 435 407 747
670 495 903 544
94 47 227 135
32 647 905 772
101 98 397 213
149 233 196 482
356 318 512 998
308 16 610 532
161 650 230 908
771 90 834 736
324 772 925 947
58 18 207 382
390 103 676 243
362 180 505 709
148 338 180 558
708 387 940 851
223 621 320 870
123 322 904 927
226 514 731 588
569 44 838 792
707 75 818 986
675 280 960 551
600 299 771 307
374 589 645 631
134 723 164 809
355 124 360 951
22 58 532 505
53 473 279 653
309 551 872 664
627 672 834 751
74 146 249 417
316 10 798 625
561 22 641 588
959 256 990 953
6 251 673 466
181 265 678 942
15 291 662 373
259 178 696 506
467 425 515 931
107 133 383 960
239 562 685 886
391 75 488 210
29 358 715 779
255 563 738 726
129 452 618 967
546 141 899 419
392 117 675 545
76 310 422 921
682 523 887 608
421 167 602 677
6 215 433 821
720 125 954 150
469 182 927 932
571 108 604 392
833 18 885 553
740 95 750 561
277 29 493 229
828 262 941 752
82 673 973 822
121 75 384 398
105 229 979 556
253 129 651 474
198 53 913 196
283 105 975 965
136 468 366 498
274 653 287 909
701 476 982 837
280 942 732 981
311 828 584 907
338 557 456 907
567 343 647 733
606 65 750 814
104 68 499 297
400 205 633 281
345 488 411 598
35 23 190 491
540 272 900 820
77 409 837 732
46 147 539 680
169 834 291 859
364 4 507 410
151 46 443 796
373 590 611 790
8 659 764 887
550 63 639 924
469 744 869 791
892 251 931 400
516 201 554 749
269 348 398 859
111 301 419 979
367 150 470 988
696 228 963 251
362 903 619 956
460 18 975 385
17 254 385 908
10 395 863 888
583 225 591 675
749 417 894 663
254 498 823 850
356 134 582 137
444 92 935 101
47 707 754 925
615 161 844 224
182 216 281 524
444 16 584 911
66 4 333 226
13 61 669 457
9 66 28 75
256 67 371 737
23 649 971 785
178 193 321 772
68 271 622 362
107 122 438 131
621 750 854 869
626 324 881 580
265 658 307 829
347 492 386 995
100 219 417 726
309 317 342 366
73 444 530 525
798 65 900 76
241 25 645 852
790 481 977 653
84 301 356 824
314 571 506 618
38 553 183 563
101 336 422 726
61 277 338 331
161 328 799 508
304 46 717 429
313 326 542 767
140 98 939 444
144 656 873 810
244 27 512 879
84 204 307 965
670 95 926 914
353 207 761 840
704 339 851 726
3 550 790 700
634 6 878 557
656 27 688 170
236 575 561 679
10 522 220 723
34 9 763 78
460 194 883 320
134 605 271 744
624 280 667 987
371 501 733 749
330 943 854 954
113 3 918 713
124 582 445 699
742 347 986 923
235 112 474 273
581 166 832 389
257 261 662 351
591 564 944 819
652 99 692 651
397 183 497 584
136 235 334 768
603 433 902 917
587 63 880 566
236 268 839 709
671 150 941 543
885 6 962 456
8 482 594 769
482 210 904 358
47 65 860 543
785 537 986 880
185 47 909 744
621 202 922 389
91 544 740 876
81 78 108 618
477 18 714 99
324 236 623 757
666 84 728 144
102 442 243 674
159 256 784 866
592 317 750 408
228 338 585 568
410 60 781 746
202 322 915 894
89 846 259 882
372 486 438 574
114 53 708 555
717 26 970 789
249 686 413 966
89 284 667 709
2 349 815 935
305 799 497 973
278 32 565 570
314 214 901 740
276 474 475 492
603 186 964 389
635 293 765 626
546 59 939 391
463 217 635 822
16 355 77 914
465 27 584 921
470 311 645 517
238 386 584 462
25 591 105 805
16 205 775 670
508 668 540 896
177 124 415 590
364 471 914 575
56 152 486 669
291 508 853 580
144 252 454 973
622 676 664 881
688 651 750 688
398 372 495 504
509 71 812 807
263 659 764 767
82 789 901 943
580 452 989 864
261 99 608 695
732 941 975 946
60 704 669 987
114 195 506 736
171 147 895 941
374 82 721 334
702 203 806 762
22 608 110 734
716 744 855 975
565 459 680 652
444 235 499 596
226 204 770 279
871 366 904 847
68 287 554 438
478 415 612 701
884 426 940 714
365 591 966 601
812 82 888 586
755 601 880 801
54 131 182 423
667 636 914 911
661 372 858 700
221 196 254 504
602 149 874 699
185 177 367 954
379 195 737 953
100 43 560 964
124 348 420 503
298 826 909 875
232 186 691 982
582 800 912 863
729 448 748 663
249 13 879 927
19 34 302 729
281 762 446 849
92 503 697 745
52 9 822 826
364 151 468 457
686 594 713 957
255 50 612 251
597 948 827 973
112 718 874 719
565 670 949 685
301 330 560 734
98 471 151 599
229 212 676 347
59 472 577 976
265 552 815 846
117 491 193 528
155 848 853 921
124 12 919 124
388 217 963 543
424 657 671 935
313 128 564 812
235 832 382 975
87 142 820 569
343 905 563 970
10 340 459 877
26 43 520 721
167 487 788 760
388 446 568 736
291 143 721 607
85 216 161 691
63 781 797 803
165 7 941 602
104 61 349 973
123 158 208 350
876 99 914 918
434 446 673 662
783 613 829 621
405 41 554 303
628 486 674 768
917 62 997 211
610 83 702 988
828 12 951 947
269 69 555 160
66 141 285 460
839 76 950 497
806 121 942 732
17 163 263 823
226 692 610 833
850 381 960 425
40 455 865 677
13 124 790 690
574 804 910 971
66 209 476 640
522 207 959 315
245 453 901 663
467 618 699 999
40 241 632 915
359 149 787 956
245 50 587 637
516 135 726 283
611 459 675 970
608 462 927 915
173 235 859 770
95 155 170 475
62 219 479 673
678 506 995 639
377 306 468 366
95 369 422 416
18 21 649 662
279 49 668 624
649 213 667 280
614 687 904 701
495 251 568 783
55 883 369 952
403 29 667 702
297 61 630 427
617 69 906 465
11 316 549 867
108 32 401 119
73 288 589 735
657 629 977 863
10 538 705 697
286 16 724 943
645 53 806 837
368 566 975 680
606 278 899 927
867 315 893 862
538 48 744 584
45 656 793 935
274 692 837 845
422 381 781 530
236 636 678 841
438 260 620 673
221 770 686 836
411 176 759 731
133 803 528 931
24 376 316 562
469 827 750 922
303 110 542 143
643 300 920 601
122 853 432 943
414 134 591 984
284 528 966 928
180 238 881 655
91 665 598 772
47 57 58 509
320 886 379 975
385 723 472 772
50 280 73 986
402 302 779 966
630 91 929 367
186 588 618 627
123 506 225 871
535 31 618 722
619 588 701 978
367 104 903 885
95 139 403 232
834 60 961 641
42 211 728 762
187 8 994 735
108 479 170 886
349 89 818 542
221 40 926 329
368 44 516 704
47 438 410 767
482 278 824 728
17 112 306 416
52 46 648 993
135 463 385 726
265 218 296 707
598 467 817 663
149 498 687 766
69 335 474 550
420 803 933 921
140 167 628 586
526 927 825 999
680 744 846 889
254 429 902 494
75 412 155 524
712 803 754 849
179 563 430 785
97 435 591 656
525 569 982 590
18 84 614 160
407 520 648 586
143 437 868 669
291 402 765 610
161 527 202 568
116 48 582 139
125 143 180 638
484 539 646 600
534 717 909 751
185 228 314 260
167 101 760 477
59 248 726 596
321 134 913 732
429 228 773 406
45 499 556 962
693 309 887 854
444 182 459 863
448 269 749 519
458 386 767 761
92 638 247 996
719 209 924 429
539 33 882 819
240 434 732 959
458 548 773 803
47 170 417 407
210 170 404 956
152 220 804 610
418 72 474 897
378 641 535 882
361 566 940 575
194 16 310 274
402 345 449 413
269 73 439 391
36 371 261 411
345 633 370 899
142 529 798 715
180 744 392 899
259 460 925 957
836 869 983 978
815 134 922 348
126 524 799 924
171 7 886 295
34 76 976 512
135 323 418 412
182 108 526 262
126 27 914 160
137 301 918 671
144 254 385 623
280 162 864 822
136 895 326 917
181 702 549 969
684 928 744 964
442 608 786 764
47 599 610 934
407 598 672 828
375 754 421 861
23 19 467 548
211 11 413 476
712 197 770 540
138 83 216 595
187 474 774 899
16 327 19 631
509 234 873 525
13 267 82 608
151 659 874 931
631 168 884 734
186 336 830 877
575 416 760 594
218 763 612 970
245 822 855 956
3 38 748 578
170 293 985 689
181 654 990 987
114 35 848 340
660 101 722 830
747 59 872 804
774 387 918 558
23 646 800 820
466 38 915 748
92 518 839 777
518 761 770 893
134 579 270 652
340 40 898 99
236 38 413 928
208 663 411 984
544 147 921 999
44 434 869 576
314 8 885 966
26 112 594 660
283 90 636 982
54 277 913 823
434 757 455 772
615 359 856 587
473 597 478 880
495 108 671 465
70 314 490 662
168 544 357 755
225 524 456 720
366 90 764 534
210 421 792 777
238 91 643 240
520 155 960 744
29 61 952 902
332 851 726 928
326 6 792 455
117 477 571 787
87 716 886 963
550 892 618 923
492 38 781 171
409 339 592 723
114 151 566 781
330 11 486 440
363 415 803 814
783 930 821 990
814 501 887 928
333 448 620 469
755 316 874 569
818 761 849 822
810 636 901 742
229 147 703 562
117 842 797 872
649 342 809 351
681 847 885 910
264 208 324 381
403 473 605 914
119 173 816 801
372 701 711 719
449 42 990 852
274 260 976 647
313 40 366 306
280 84 916 729
116 301 289 632
931 675 963 987
709 614 773 874
793 100 893 727
107 544 576 864
410 790 657 872
35 218 742 384
624 128 970 310
55 514 217 896
324 197 414 359
415 508 744 962
224 463 792 631
585 332 616 909
427 418 784 447
79 11 802 303
119 800 534 898
570 318 697 649
254 518 443 725
448 148 526 191
112 69 351 251
371 11 852 820
159 730 363 977
227 209 660 796
173 212 939 685
321 446 336 900
266 522 797 625
255 197 420 228
878 275 977 383
597 450 913 873
317 318 983 583
330 587 799 937
136 219 517 794
488 266 732 977
744 79 908 307
709 249 710 822
150 178 266 990
796 350 967 634
4 602 176 800
252 732 900 850
651 122 979 846
579 547 979 711
465 55 624 770
454 44 479 919
452 455 690 947
587 349 803 627
107 411 616 960
554 244 979 498
108 378 661 695
79 465 675 863
613 6 961 442
32 630 153 939
267 57 862 814
8 138 131 621
645 66 716 264
64 278 274 794
224 54 495 346
55 476 382 631
217 543 854 919
76 355 201 709
221 44 453 546
408 35 626 626
271 642 387 982
666 67 869 943
650 456 827 773
332 227 539 628
187 9 463 635
23 604 405 777
504 179 524 828
195 488 422 845
362 823 631 867
735 313 869 335
181 75 742 839
401 384 525 489
322 18 556 74
262 835 263 989
21 392 907 774
178 88 447 852
458 3 926 6
64 458 237 679
104 187 393 477
687 393 771 751
312 568 978 768
488 73 678 512
418 592 497 691
576 447 650 657
365 315 887 765
189 235 235 671
167 222 427 711
374 89 761 745
44 39 983 510
148 230 186 871
386 369 615 760
159 43 728 203
576 228 618 362
292 36 739 76
210 381 306 753
132 360 139 957
26 545 197 955
306 310 471 516
361 372 536 486
263 47 739 921
709 210 789 752
523 116 624 688
474 43 730 677
51 734 427 911
506 57 508 868
710 397 940 925
76 115 480 517
710 22 888 248
50 908 694 973
453 548 813 856
99 875 810 905
111 530 210 531
548 392 742 994
892 602 964 844
530 590 570 721
256 111 269 465
236 28 361 175
65 869 421 947
420 331 764 348
613 158 881 671
700 217 831 340
661 87 899 289
363 277 441 328
787 674 999 771
85 735 232 800
157 85 621 228
396 23 904 993
713 14 900 419
405 169 833 801
70 570 974 653
208 728 861 921
433 241 796 838
72 139 237 571
308 477 430 730
170 827 895 829
464 165 911 772
449 239 650 285
836 179 864 547
661 11 931 462
303 382 789 560
29 551 751 596
281 160 980 176
21 229 614 324
729 443 795 659
332 403 409 824
231 111 287 584
148 254 415 736
57 462 459 757
380 46 852 963
510 139 548 256
844 106 955 517
440 146 665 498
74 541 811 854
308 926 459 997
159 342 210 948
583 515 952 797
505 90 683 584
145 403 937 651
493 620 587 765
551 709 653 986
450 65 492 87
285 60 559 274
234 99 311 650
214 389 521 684
259 875 714 896
142 19 609 376
164 116 946 148
265 491 583 831
233 104 516 895
104 91 499 363
506 643 710 977
220 51 833 411
186 219 745 692
88 143 979 763
108 862 640 914
221 144 866 280
148 337 757 587
621 314 884 731
226 652 375 932
519 178 783 667
370 201 653 655
31 201 418 281
190 259 337 686
558 54 706 929
913 354 919 653
176 454 709 858
314 83 898 922
541 184 713 624
208 143 260 384
122 355 525 622
437 2 565 759
589 110 856 130
376 17 881 237
102 281 242 831
298 123 420 564
11 635 583 940
28 75 772 820
184 184 193 620
264 374 740 719
585 642 734 901
196 46 351 224
316 722 995 971
130 118 403 142
675 274 874 947
176 87 197 252
4 447 702 838
432 72 931 608
34 354 372 390
153 74 228 981
343 318 536 848
629 210 772 389
199 718 886 894
539 276 568 367
223 223 314 932
84 516 407 615
287 349 715 376
169 106 338 605
304 625 706 825
83 45 431 58
345 640 822 954
454 623 937 800
485 360 718 443
85 630 755 915
72 412 568 688
386 2 508 774
40 272 806 706
