6000 77
45 394 186 920
823 142 933 359
302 404 659 694
838 66 989 783
335 324 441 655
18 18 425 938
266 6 612 636
24 389 927 866
490 31 796 276
298 792 344 917
798 308 905 822
591 8 825 114
396 470 449 886
502 597 514 971
378 80 978 232
586 617 939 825
591 425 909 906
483 259 568 422
228 508 599 604
166 106 609 258
149 469 580 822
636 607 845 802
231 61 486 979
514 111 685 503
516 363 937 508
537 477 888 818
639 437 951 852
413 128 560 319
205 10 622 209
573 237 851 574
124 137 292 190
223 149 565 780
90 14 740 900
96 654 384 987
361 105 411 803
176 139 480 624
452 503 494 923
441 378 503 899
761 137 902 770
218 449 869 830
201 649 798 893
563 103 865 270
37 224 194 304
153 378 689 777
38 660 701 885
196 581 318 703
332 633 904 995
606 243 973 854
222 748 252 757
356 765 945 992
68 585 721 949
410 61 684 766
178 629 758 995
498 131 507 742
477 234 970 887
334 607 578 628
79 357 675 715
346 427 672 681
34 602 309 669
89 801 254 819
733 280 761 574
169 94 240 258
591 125 932 676
203 526 967 906
112 606 720 898
106 8 209 514
159 180 414 722
5 213 98 464
224 42 447 446
224 558 750 935
3 348 805 629
86 141 277 617
78 95 547 222
489 638 881 928
193 75 858 340
330 30 842 582
69 444 658 928
347 452 415 540
49 40 450 470
342 326 566 765
70 96 206 417
599 542 989 606
236 239 923 831
773 234 866 743
194 824 384 863
152 771 184 871
610 298 762 927
252 15 481 446
538 651 707 875
651 75 845 803
680 789 736 932
156 217 731 348
434 40 470 234
608 88 693 344
795 89 940 951
64 122 327 992
291 707 878 949
748 211 900 467
65 403 878 796
1 722 994 821
469 394 978 813
302 365 993 655
87 339 476 893
150 731 937 971
477 267 784 601
519 215 528 577
640 218 762 346
579 173 735 321
336 361 676 915
9 68 801 394
221 496 786 710
906 26 971 479
503 100 562 409
563 770 841 910
62 323 176 678
288 291 798 353
585 511 948 546
594 165 992 531
649 49 749 552
816 186 905 672
627 35 913 767
524 319 783 898
365 252 649 533
165 345 371 646
595 318 847 385
194 274 807 611
726 305 905 498
586 96 717 183
86 424 780 877
326 91 498 131
407 297 463 845
224 690 453 902
455 484 488 529
79 211 764 655
14 109 215 538
63 42 630 289
202 261 710 611
372 200 590 574
168 411 622 540
216 3 789 175
150 98 353 546
549 149 616 576
64 8 619 722
521 475 549 797
912 42 978 167
714 761 857 973
165 7 656 38
435 543 763 617
200 298 796 422
46 585 270 590
602 531 793 594
91 195 611 777
178 130 738 270
277 398 322 456
115 477 974 668
503 436 924 456
7 82 341 481
201 479 824 704
378 58 503 637
448 474 777 603
61 830 880 861
471 458 986 984
461 313 579 522
536 621 811 684
297 541 560 768
212 683 334 708
494 69 509 666
168 190 840 593
391 191 497 391
90 601 203 654
521 549 974 611
150 530 617 786
239 400 967 956
681 851 939 924
545 286 600 737
529 70 843 949
402 111 680 660
758 188 888 709
453 547 892 827
674 292 824 503
446 51 728 487
343 750 900 796
297 792 975 990
857 162 995 737
744 241 756 770
30 352 561 939
347 459 368 495
520 156 745 436
564 577 600 838
128 311 906 361
247 224 926 818
151 53 304 270
18 259 88 794
658 492 776 809
678 317 886 537
9 62 831 667
392 259 719 436
217 687 823 699
767 590 835 869
15 406 911 657
829 819 988 967
440 657 569 954
50 96 314 880
623 561 939 702
538 117 793 394
322 131 466 502
672 416 705 604
36 153 997 366
566 585 670 893
499 320 654 776
224 80 668 896
549 315 933 340
1 2 718 665
645 236 762 780
72 55 332 425
57 50 90 235
583 267 963 783
31 592 746 643
634 589 991 859
362 207 963 311
137 537 359 584
403 91 761 951
21 392 203 727
641 492 970 993
705 364 722 429
292 217 376 681
1 239 356 994
84 326 987 789
40 281 193 667
181 208 668 825
425 45 859 319
198 151 436 199
412 525 494 945
85 162 770 511
410 205 999 881
499 369 519 927
653 93 784 906
87 439 590 782
55 122 197 494
640 91 712 730
828 171 907 684
519 174 754 189
623 316 991 415
594 658 643 728
225 574 928 934
251 41 334 476
616 262 762 618
432 163 604 511
299 146 411 798
639 143 929 290
119 83 852 696
120 661 705 673
351 433 466 641
336 397 727 521
71 326 140 691
766 188 910 540
209 780 218 815
401 312 546 550
281 27 613 642
487 667 690 696
176 635 544 961
396 323 740 351
237 38 340 76
312 515 632 708
602 414 761 984
820 263 939 656
277 430 462 981
280 77 990 511
363 305 912 708
55 572 258 853
107 195 717 972
217 403 602 719
187 599 760 788
93 342 775 843
118 94 891 657
565 469 980 658
163 755 853 798
159 203 608 277
292 143 847 589
347 134 931 554
373 829 429 987
300 392 518 945
454 358 613 513
447 148 731 739
644 578 680 991
713 612 897 932
943 237 988 598
307 13 318 989
287 322 351 522
706 118 899 604
277 750 445 976
240 748 610 879
80 652 85 710
244 209 328 317
440 292 737 872
555 347 580 786
553 182 907 837
596 197 780 600
18 359 135 716
643 89 924 661
256 224 825 542
235 0 277 570
201 189 521 520
203 21 435 414
372 795 859 925
753 232 953 758
536 212 776 627
60 110 121 779
523 485 590 628
69 543 387 605
64 478 309 587
437 72 605 752
128 184 671 303
440 605 721 877
7 145 283 823
97 308 775 640
306 311 800 567
242 69 429 339
51 499 299 895
127 157 692 369
443 39 470 570
196 515 291 775
449 347 805 694
262 135 850 213
465 340 791 343
32 269 442 481
872 381 928 958
111 725 617 726
59 287 448 352
480 20 855 505
343 483 721 988
408 332 596 968
474 581 612 858
723 147 939 619
174 564 980 619
217 629 621 777
19 61 969 770
668 49 755 195
612 463 736 557
166 345 222 577
549 207 993 248
480 23 615 153
188 400 260 706
173 148 188 333
695 658 837 793
116 496 514 967
486 222 614 478
309 228 908 639
95 732 144 869
756 350 879 654
185 909 267 997
199 81 582 430
128 324 933 936
901 77 913 436
717 67 768 804
131 214 605 322
323 353 712 513
12 458 766 650
158 222 190 490
246 583 561 935
52 56 283 697
501 408 605 510
40 605 326 895
354 41 852 442
673 509 702 905
89 57 897 87
635 581 809 660
229 278 630 670
290 108 602 926
41 411 586 483
275 504 635 578
626 242 780 268
145 133 579 420
989 214 999 764
714 80 843 640
508 470 684 924
656 67 659 516
42 704 734 822
531 270 882 702
105 317 838 884
214 235 320 862
125 133 517 897
424 46 964 561
6 19 993 943
203 464 742 974
650 684 791 859
304 180 658 983
492 35 512 364
95 57 147 939
92 11 655 960
18 124 441 500
519 741 750 822
605 198 612 798
216 395 564 750
30 643 435 861
55 142 794 365
381 779 703 950
527 267 700 647
50 650 783 992
345 121 615 743
130 759 636 867
413 349 468 521
293 58 391 172
15 738 101 863
630 167 883 275
283 456 800 931
14 609 915 856
161 509 817 840
74 267 887 730
171 797 309 806
334 148 591 348
474 524 816 635
369 561 380 844
437 196 831 822
374 176 857 886
462 277 504 432
428 690 534 770
6 389 172 804
334 195 356 761
465 71 864 525
510 212 614 327
904 236 956 950
145 173 426 811
67 14 642 586
328 146 439 190
588 370 771 784
128 256 232 705
214 38 304 924
729 167 750 301
122 580 370 602
188 603 659 782
22 85 443 807
153 42 272 367
102 265 611 349
176 19 898 330
451 693 721 905
310 684 607 968
526 632 648 697
54 779 687 910
578 178 980 456
504 9 517 968
26 55 899 579
410 241 710 648
133 112 399 401
114 448 676 858
445 88 666 518
306 88 371 440
128 67 814 925
631 341 857 554
830 61 978 299
219 587 809 993
88 240 358 635
664 108 896 396
734 225 942 822
465 300 810 806
176 16 316 600
136 678 978 870
99 326 527 664
339 872 360 946
72 151 442 846
243 93 450 994
175 460 272 626
98 469 973 709
72 132 910 593
444 180 683 307
875 234 984 434
294 699 385 739
6 382 540 803
369 575 612 683
195 136 421 651
88 681 364 765
331 567 879 810
259 109 469 997
166 69 237 188
191 5 501 709
74 91 897 449
340 263 913 558
138 20 801 663
177 126 222 720
295 272 417 433
221 142 821 704
527 812 917 905
534 78 570 108
573 391 812 791
102 67 910 698
437 559 511 922
615 2 625 188
876 422 978 796
270 513 797 559
698 554 978 927
442 43 851 684
809 221 820 417
31 847 247 868
211 8 499 265
20 497 254 616
504 91 861 421
194 561 824 577
132 292 456 678
206 280 256 319
351 53 643 783
44 879 570 941
336 175 418 847
234 641 692 942
41 189 130 301
769 114 948 163
655 78 816 409
290 35 949 990
245 570 905 766
237 86 469 879
18 94 902 264
72 404 701 608
145 241 270 901
400 540 961 989
677 314 773 856
92 425 303 889
66 762 893 890
116 600 408 709
267 223 352 458
443 687 622 862
138 403 880 405
191 727 415 987
766 37 849 568
137 27 271 115
86 238 776 343
439 631 671 877
292 161 907 731
26 180 131 416
416 77 839 513
327 220 887 353
514 223 710 842
580 534 767 658
729 350 874 595
573 585 789 720
339 158 595 746
391 8 788 926
518 643 907 909
293 738 670 848
291 154 297 636
218 721 476 736
365 384 997 721
452 339 876 373
361 466 805 654
25 712 719 830
413 9 770 321
724 308 943 476
44 26 505 421
488 194 839 564
510 685 854 716
819 246 869 912
70 275 172 369
2 6 886 420
39 25 403 41
89 864 513 907
454 78 537 837
183 118 591 902
610 277 751 559
270 382 862 486
211 97 657 400
680 102 933 434
358 36 365 278
32 667 940 706
619 628 988 943
4 517 47 723
409 374 925 767
301 175 623 708
423 402 970 779
582 30 599 577
636 302 942 417
10 89 403 843
259 130 954 541
779 659 984 887
600 36 921 544
297 339 651 389
382 848 955 921
73 584 696 683
73 533 635 628
907 166 918 871
280 450 870 507
717 142 999 191
493 89 511 521
391 452 430 650
110 256 814 767
3 588 172 882
167 67 973 118
127 181 493 900
172 264 516 455
208 847 418 947
132 7 495 894
120 209 895 644
610 518 981 635
205 463 876 679
198 342 824 391
505 326 829 566
411 244 936 782
295 154 796 444
63 176 450 298
34 23 216 103
225 511 412 520
570 679 934 976
508 362 954 597
129 36 721 271
619 690 705 911
200 422 555 535
369 368 907 921
142 462 456 568
790 233 965 807
366 809 506 856
171 212 985 873
140 613 931 844
183 455 431 554
222 343 449 554
691 63 937 359
21 3 985 243
378 654 976 731
759 392 872 654
350 480 983 954
75 465 131 985
49 347 257 396
64 323 150 415
156 133 369 583
955 217 982 551
150 136 810 844
538 253 741 845
214 720 390 739
423 108 934 349
27 133 677 939
411 33 674 764
137 191 808 800
769 313 858 907
413 288 569 743
361 761 698 910
705 884 774 958
661 445 815 534
59 248 738 720
221 92 687 138
747 578 850 792
625 351 989 379
61 494 901 987
27 589 268 725
385 166 637 385
741 494 908 633
821 390 893 734
650 596 746 705
390 280 501 893
96 15 570 622
711 242 781 361
505 343 569 601
413 168 877 947
15 608 240 612
99 262 674 956
544 687 983 927
167 478 513 881
704 582 880 803
798 668 822 885
253 719 582 772
329 59 465 122
405 665 560 746
121 78 527 969
428 453 561 656
523 183 658 280
6 98 356 196
62 74 242 820
418 36 466 832
110 60 652 905
13 754 912 852
311 213 384 729
191 686 302 793
140 757 746 921
81 108 943 545
423 144 557 917
819 528 985 756
102 508 803 889
79 475 592 615
377 425 981 457
74 163 316 803
452 828 888 878
344 204 682 933
216 88 487 971
567 65 996 866
167 510 889 511
183 40 396 102
358 624 568 877
85 184 825 655
755 881 908 963
176 285 355 527
333 356 893 819
170 549 609 925
61 584 497 590
410 483 941 671
270 358 450 691
203 183 633 244
256 330 957 459
532 3 750 846
132 572 345 874
494 260 642 750
275 844 823 881
91 177 670 223
514 433 693 616
217 247 500 373
322 512 405 577
6 535 89 806
15 269 448 338
124 725 199 731
77 390 876 994
363 39 942 87
132 98 797 714
89 505 897 804
544 192 891 662
660 345 698 920
54 531 527 950
116 310 655 838
408 677 914 814
184 500 192 574
967 96 973 543
589 43 819 884
182 564 912 580
862 394 945 829
832 405 846 537
684 396 757 526
298 14 980 364
507 246 691 419
580 377 695 879
646 399 814 936
253 138 888 808
32 650 263 919
383 103 957 170
574 156 593 503
444 410 748 476
224 73 671 847
125 228 990 861
360 696 619 986
48 705 316 974
588 234 920 813
677 670 748 891
579 226 902 251
745 225 891 824
94 381 668 644
303 89 366 227
167 346 726 364
291 838 733 946
326 63 572 269
338 636 885 982
209 222 915 441
76 24 284 540
698 511 752 781
226 582 628 612
143 264 314 400
210 331 669 351
862 32 948 696
190 77 417 256
305 128 813 414
80 684 303 784
28 366 295 479
176 218 255 716
15 112 958 793
69 411 316 848
398 535 672 981
33 44 927 911
277 314 806 967
222 287 423 874
345 43 501 228
681 294 862 808
583 131 937 617
373 96 944 233
839 218 858 919
174 528 716 844
323 262 588 269
232 581 589 651
257 87 627 612
108 396 306 421
686 114 891 611
50 711 670 925
518 925 631 978
36 63 148 74
742 86 948 260
53 143 682 583
571 26 714 95
363 795 826 998
40 236 571 933
248 58 529 66
127 403 760 727
401 467 417 556
30 95 501 510
888 101 934 142
86 105 623 780
519 231 701 490
638 397 651 712
567 584 957 655
251 49 614 376
182 298 662 789
321 165 584 180
728 151 823 160
262 118 325 882
640 549 838 957
52 675 116 752
700 442 857 633
61 17 742 938
246 944 495 977
463 809 564 926
35 769 641 829
23 173 688 486
183 261 595 483
18 51 858 265
57 352 303 432
295 64 966 148
682 264 793 739
475 527 927 771
572 201 990 490
383 174 777 617
84 161 409 467
643 535 659 638
57 684 742 833
80 282 394 849
133 127 856 968
140 57 518 376
150 90 551 265
424 527 616 927
23 144 339 949
266 151 707 902
352 339 754 776
242 248 702 396
313 2 373 212
69 659 278 773
205 106 745 518
70 527 473 697
321 300 921 742
22 226 39 579
608 179 804 678
33 76 744 355
376 665 449 687
315 136 874 923
166 818 647 900
183 400 201 850
30 117 601 218
6 135 835 866
815 156 909 248
624 713 984 890
688 745 913 833
164 207 779 332
363 40 580 99
645 330 873 685
75 787 518 943
774 429 858 532
752 182 972 252
97 170 849 871
53 284 817 507
251 140 688 650
270 765 850 770
42 379 659 613
479 172 763 649
347 281 375 760
423 423 799 429
81 746 825 913
222 289 377 776
199 121 327 622
445 309 986 644
710 372 937 492
389 204 523 885
304 669 948 694
200 649 641 857
700 81 889 897
199 39 398 474
222 834 695 940
486 234 781 686
132 248 964 619
336 383 604 489
594 489 891 991
484 553 521 727
180 342 608 508
467 493 523 975
24 675 462 860
228 336 588 760
116 274 881 452
134 563 755 659
58 720 797 804
224 259 618 505
181 172 497 200
309 728 946 865
657 167 977 191
130 17 380 809
357 649 433 854
61 344 252 915
494 13 938 232
134 874 995 906
278 547 918 690
478 131 605 414
56 148 328 686
653 797 854 942
449 22 578 848
173 68 208 170
353 44 558 189
275 12 994 896
319 455 424 492
56 295 978 753
548 411 899 823
512 452 991 724
10 358 142 786
604 214 881 657
62 820 234 894
72 275 417 998
439 30 934 314
316 280 436 444
767 184 912 937
385 303 806 337
400 377 812 472
4 581 470 796
118 606 800 786
655 578 987 775
114 251 712 852
287 250 399 251
134 355 529 493
147 384 998 883
375 100 507 305
298 280 989 781
156 26 255 267
945 458 962 752
276 600 896 885
555 58 702 501
308 367 579 844
212 202 490 640
45 163 310 198
226 361 823 980
293 391 912 758
553 469 609 846
338 136 368 392
105 31 609 317
174 104 883 892
646 62 659 903
16 343 367 818
675 368 927 842
500 409 910 809
497 99 646 816
519 337 986 948
496 481 530 996
519 76 997 890
179 680 414 698
196 151 717 398
40 23 612 140
103 534 428 872
40 11 452 456
392 303 976 485
212 439 767 599
168 297 507 420
255 385 669 775
35 176 195 775
448 752 889 944
442 904 860 953
104 826 762 862
121 808 646 830
0 773 873 912
255 17 912 951
434 753 805 989
297 332 534 904
168 651 829 721
623 212 906 921
239 33 733 142
398 209 621 931
38 379 111 443
306 890 991 988
154 389 271 885
302 227 851 523
314 917 663 964
455 8 945 757
1 341 756 518
805 466 894 781
391 541 559 705
492 646 692 883
713 82 910 205
80 602 89 620
832 761 941 857
471 525 742 687
198 761 842 911
657 664 856 717
222 103 334 161
321 37 443 761
196 186 722 224
439 559 474 795
729 533 825 937
121 462 479 861
276 602 829 655
362 410 579 413
707 441 911 489
241 304 376 647
114 150 575 207
58 304 382 563
357 61 659 841
234 679 764 944
92 775 137 920
287 337 385 556
214 108 643 659
127 128 968 240
15 312 940 582
212 708 315 889
290 160 422 982
452 108 820 707
645 320 661 935
112 327 369 888
292 366 934 790
390 81 933 854
353 790 878 972
654 577 765 897
103 12 696 540
213 576 631 639
314 572 626 599
277 321 527 668
740 101 884 565
337 126 817 651
22 227 569 612
314 616 561 918
112 14 339 472
260 101 835 470
408 170 834 946
248 559 937 656
27 258 199 965
358 372 515 560
637 53 909 869
556 138 576 625
132 557 803 843
496 382 804 778
52 559 145 609
409 125 783 339
79 716 80 908
655 307 869 503
41 25 282 93
590 100 972 726
187 155 447 405
392 468 681 839
25 244 667 967
292 284 587 832
53 116 860 977
496 324 568 901
642 229 942 992
35 47 128 260
146 56 513 620
813 138 879 661
603 330 668 591
249 80 966 216
310 545 735 696
311 602 845 914
778 79 893 879
803 452 887 630
214 431 577 525
329 804 836 822
436 403 978 965
58 181 430 861
246 91 593 305
273 23 518 259
236 49 444 482
304 156 789 540
710 301 746 620
237 300 771 475
429 2 663 775
63 314 680 444
286 285 422 715
95 359 97 664
121 29 559 471
227 645 318 761
726 18 797 794
239 231 778 798
676 771 791 914
95 55 576 173
425 374 967 934
741 510 765 927
21 364 461 472
289 626 764 744
57 184 170 855
558 397 906 622
375 135 393 230
497 1 592 959
220 130 804 330
668 622 845 782
110 23 262 192
346 382 816 687
585 554 974 705
220 86 791 174
13 166 887 316
565 323 841 541
728 504 864 516
396 271 917 306
463 111 504 956
494 100 819 262
2 85 594 357
213 750 344 804
626 381 638 499
687 197 775 456
311 711 593 937
780 563 940 925
3 56 28 287
84 493 785 863
654 792 816 965
290 239 649 296
44 209 654 639
66 484 164 877
80 497 263 722
134 19 973 241
259 60 964 745
79 289 987 447
277 341 993 862
710 130 724 938
881 595 954 765
379 79 999 513
37 555 721 926
537 693 713 765
79 394 442 968
309 547 411 737
189 290 771 498
257 122 435 799
740 237 883 859
228 382 796 838
44 195 478 901
523 211 594 948
59 413 88 504
570 543 836 614
874 619 899 964
216 469 748 758
177 135 824 448
469 190 778 216
14 25 262 524
590 231 885 604
256 499 480 905
34 98 725 497
493 352 760 912
302 403 689 831
92 538 349 855
249 137 522 960
111 59 997 185
488 688 613 711
203 309 800 666
201 714 712 922
139 451 353 765
31 370 888 522
191 256 882 459
0 406 698 868
38 436 951 937
375 20 690 918
672 278 731 399
460 727 937 791
388 281 553 791
197 564 291 657
177 279 207 694
159 439 883 668
755 823 828 844
644 524 738 633
160 757 791 782
734 338 835 980
835 31 888 289
80 202 583 735
416 550 476 968
57 197 390 892
35 96 420 803
495 482 913 765
528 605 769 781
438 282 467 825
158 272 492 421
155 950 290 995
54 427 280 671
19 188 718 498
118 501 448 759
88 3 904 171
658 420 841 511
721 16 990 191
576 337 653 734
154 101 806 228
118 148 419 987
478 342 800 404
97 61 523 388
282 480 599 539
547 362 831 462
440 375 457 388
181 251 416 977
49 310 463 877
183 112 959 149
654 703 842 953
174 5 867 205
110 220 609 437
489 870 781 952
469 47 903 359
83 238 610 303
206 285 503 676
788 745 958 859
379 261 526 416
910 310 980 586
31 126 54 860
214 858 702 896
441 22 839 687
495 496 916 528
163 841 859 984
287 21 736 501
788 258 799 601
753 326 814 866
395 320 542 800
597 510 661 678
218 211 940 408
570 196 755 818
30 243 508 980
106 169 658 474
347 843 998 934
601 410 848 686
728 205 825 653
719 57 755 426
664 254 842 617
412 103 746 483
163 767 496 969
42 74 220 878
379 434 784 935
438 16 619 688
209 663 855 948
629 371 848 726
57 567 137 847
124 489 653 533
858 654 952 753
693 360 773 573
70 677 862 922
376 96 783 544
420 70 441 437
181 569 794 704
474 604 861 655
173 7 712 200
166 285 214 808
381 343 634 479
670 102 745 673
154 909 744 980
113 189 740 331
75 17 947 412
101 260 754 851
65 364 425 531
112 686 699 991
426 247 984 671
374 427 431 486
465 130 829 198
190 790 631 968
525 335 820 899
115 251 737 932
232 83 291 258
838 294 875 875
642 456 959 480
183 598 685 757
618 631 808 750
15 496 184 652
782 154 976 662
41 185 569 915
583 163 664 814
537 105 844 516
130 290 810 471
657 206 695 782
509 618 652 656
321 564 455 978
16 525 515 869
185 660 559 956
162 23 548 392
559 295 721 745
102 320 726 603
562 821 743 870
91 460 463 897
413 429 714 706
250 188 338 607
385 403 712 683
220 71 389 823
543 227 783 305
279 179 415 193
780 3 927 411
313 20 550 419
303 449 709 837
99 713 888 900
320 485 562 986
47 486 143 720
170 111 588 675
353 678 980 875
577 449 948 898
406 351 852 792
14 556 626 598
534 19 944 658
390 3 907 250
484 599 515 778
100 315 556 906
41 573 46 820
205 651 463 880
33 589 78 869
261 204 547 736
236 602 830 707
35 52 318 873
174 450 778 763
534 95 568 111
931 701 998 954
551 300 890 955
160 83 610 991
16 155 340 969
754 739 960 806
127 486 351 810
558 130 657 644
7 153 771 565
364 667 820 851
421 43 979 784
34 198 724 398
679 536 879 814
602 543 999 893
601 128 620 429
260 644 435 675
772 556 791 725
37 763 506 940
577 215 692 300
390 139 616 445
120 432 398 878
174 332 339 872
38 603 880 780
673 366 787 550
287 704 920 759
2 328 535 783
491 439 610 585
270 50 942 666
404 153 807 340
341 516 495 705
476 206 732 748
805 455 847 850
16 648 238 667
74 136 231 873
285 706 468 860
67 460 166 996
352 290 450 587
74 410 168 779
240 382 897 929
421 486 817 496
308 345 335 548
336 570 642 576
418 546 587 906
759 663 878 980
208 514 580 708
266 673 935 954
486 17 529 483
830 264 837 687
318 287 427 879
153 8 587 772
187 160 221 932
203 30 574 742
51 816 379 923
21 92 224 168
551 957 602 958
46 327 823 975
117 625 274 699
763 69 997 551
476 116 864 593
256 146 719 164
429 584 648 685
730 367 849 679
76 149 744 205
95 711 601 889
241 78 750 159
280 617 515 708
767 611 913 862
44 326 784 981
301 20 370 603
473 427 676 869
559 343 671 458
92 802 637 811
218 672 252 701
845 298 924 820
304 411 848 668
105 432 898 761
411 386 885 708
434 516 592 933
367 366 440 703
497 800 824 908
539 61 968 251
36 350 453 794
61 21 183 502
248 273 363 615
219 600 628 633
627 22 776 887
739 225 751 538
310 314 476 932
511 714 753 958
964 125 976 167
390 612 766 700
131 411 682 994
501 499 694 892
328 604 549 805
190 14 382 613
487 417 601 418
893 446 987 519
824 83 891 842
0 424 538 798
246 311 786 599
88 324 749 985
415 701 704 750
48 791 92 795
259 225 938 509
539 755 692 954
36 202 277 845
329 1 410 696
478 606 575 890
179 390 241 611
161 366 922 490
787 77 972 743
9 420 480 796
587 382 744 942
692 280 785 539
116 72 417 648
274 677 888 862
264 293 996 732
365 413 380 976
65 661 959 783
865 103 925 640
429 484 539 847
497 851 630 923
76 104 872 925
595 322 621 787
86 95 249 160
386 506 679 920
831 53 988 410
125 827 326 981
248 75 414 307
87 626 343 665
411 264 599 536
91 278 517 691
353 283 998 395
587 120 856 998
384 807 886 828
85 403 519 790
714 390 903 613
548 3 951 332
798 306 995 737
490 443 877 640
542 124 635 922
424 84 715 565
76 70 932 976
80 259 337 344
170 873 253 919
39 279 622 561
78 406 564 469
557 237 738 519
241 82 739 927
633 476 822 622
95 97 849 851
392 654 969 728
344 255 662 730
490 754 535 852
189 362 574 533
255 595 363 745
23 222 734 516
185 124 400 542
333 194 737 256
498 47 881 956
112 610 642 931
106 311 302 418
433 82 862 378
204 465 682 663
480 287 816 410
113 376 176 441
75 190 852 728
634 476 978 709
393 72 989 775
849 284 934 962
131 531 133 980
815 419 942 828
69 236 950 386
647 492 745 779
104 638 769 761
713 276 837 715
198 368 900 625
259 222 796 882
573 437 763 771
157 663 748 771
315 325 446 372
84 509 807 751
285 284 646 620
195 147 536 970
92 146 952 723
57 453 991 604
4 420 435 602
88 588 742 960
390 475 696 834
621 1 909 679
1 55 692 357
828 479 959 916
49 415 890 670
51 337 276 534
533 5 609 713
431 170 695 480
277 613 436 898
409 233 733 699
171 236 757 259
417 647 854 777
580 62 730 419
489 32 994 266
104 425 623 684
214 119 726 871
268 569 625 834
181 321 191 611
33 860 175 926
586 82 837 807
656 648 937 967
199 128 360 680
220 12 844 535
239 378 689 839
499 254 790 476
59 395 488 635
342 196 371 841
279 614 563 761
403 616 834 923
197 89 938 829
54 98 289 465
145 332 290 342
462 743 881 788
664 148 874 384
276 147 481 773
428 320 696 665
768 561 929 731
122 361 327 774
190 610 441 783
333 464 955 929
354 766 502 870
396 760 663 796
178 505 496 863
637 338 813 815
113 823 527 848
126 797 779 929
341 524 350 897
936 263 962 923
217 327 818 619
111 328 203 356
140 78 612 136
406 62 668 879
532 322 673 996
177 190 621 319
320 322 622 683
161 152 251 321
693 204 882 472
704 616 788 750
647 656 999 838
344 565 657 790
238 575 728 934
172 162 659 664
8 297 968 568
94 201 684 454
617 278 638 553
465 342 490 426
454 453 955 902
64 693 928 844
455 150 870 338
423 476 822 917
559 255 593 864
499 232 986 700
199 642 966 859
375 372 824 926
415 644 429 958
707 722 986 752
82 883 182 990
249 372 477 612
251 229 825 746
912 0 968 201
567 493 967 624
70 62 432 674
291 257 420 886
370 826 746 940
525 331 759 947
2 532 361 803
405 325 920 711
282 96 574 257
956 661 989 841
270 719 325 757
240 108 355 196
687 81 850 651
73 295 926 565
426 497 638 752
130 33 930 626
400 399 891 762
501 196 839 912
108 111 303 886
258 147 295 388
181 226 366 581
562 654 868 720
146 322 712 751
65 112 474 302
497 124 861 545
643 481 782 773
28 52 201 671
356 204 776 835
346 222 742 936
66 329 761 774
75 362 502 555
563 266 814 762
224 165 357 193
964 27 998 340
58 15 468 622
957 553 999 664
602 730 734 929
88 267 258 783
388 162 459 965
814 55 952 833
119 562 486 817
88 341 129 825
331 38 376 376
440 233 777 691
612 151 709 727
514 169 791 175
245 165 858 857
35 76 981 242
218 433 803 990
529 67 678 160
332 365 875 588
164 152 473 878
407 229 444 531
163 339 594 535
741 139 955 926
554 372 613 608
143 330 274 376
528 158 854 360
718 244 912 272
357 229 376 699
832 586 945 606
228 442 485 788
547 275 934 491
37 65 486 905
109 382 156 665
182 20 572 162
425 222 722 272
357 71 771 818
473 234 545 250
456 268 523 813
3 342 871 828
35 383 522 780
485 606 804 707
769 213 965 885
440 386 583 449
452 260 998 289
218 155 996 987
372 645 561 813
342 178 552 525
246 290 391 698
68 935 841 970
528 139 605 501
213 89 251 433
344 147 950 283
407 341 629 860
119 945 731 999
338 458 781 871
5 85 689 764
606 290 728 849
26 222 372 383
83 476 968 689
280 83 999 161
575 505 975 587
42 285 217 674
367 537 439 580
219 447 685 924
62 609 873 790
40 250 446 591
565 304 717 979
184 335 442 577
44 27 511 981
91 75 722 901
208 228 970 338
82 259 648 279
223 12 830 772
59 439 269 658
213 179 222 422
328 563 824 739
2 93 398 216
165 102 371 217
292 766 445 790
281 898 504 904
107 228 882 762
474 192 756 581
419 89 920 736
46 715 110 941
362 172 405 933
747 92 785 573
250 570 739 648
285 201 589 999
373 346 932 472
459 16 855 751
959 446 988 596
49 181 998 360
495 108 648 347
728 73 900 648
59 568 866 844
469 183 931 316
340 27 462 68
748 213 803 391
691 775 865 836
496 39 660 845
202 701 239 806
150 588 957 645
417 210 807 584
824 654 831 677
118 325 348 620
201 84 918 884
216 411 689 911
63 78 377 872
122 86 760 982
311 26 420 879
160 525 191 699
205 127 494 254
206 519 747 566
370 45 772 625
447 455 770 851
312 8 316 741
440 137 807 701
69 732 122 861
627 343 810 515
86 191 132 775
218 754 531 978
763 86 790 97
137 680 372 707
434 904 686 999
684 781 695 799
616 283 825 402
492 300 892 329
71 166 320 854
193 763 717 855
313 516 328 739
302 218 498 549
58 368 699 691
545 304 946 624
402 301 896 615
19 672 361 751
102 396 545 512
606 51 757 360
614 125 649 985
149 10 736 603
231 23 290 466
325 395 599 932
25 964 868 991
699 662 865 930
264 485 511 641
456 92 852 512
499 26 631 903
738 10 947 228
45 269 626 460
31 784 485 902
451 124 625 848
141 5 795 887
463 32 540 507
497 337 891 900
780 501 974 718
575 199 869 757
120 430 954 441
301 722 611 863
125 358 548 891
799 923 830 995
656 124 947 808
47 778 155 876
341 407 713 628
890 107 915 648
462 619 627 990
452 262 706 914
169 42 619 399
107 643 730 698
464 476 910 993
516 282 803 980
758 65 974 588
292 356 561 369
19 24 554 324
386 262 960 405
104 716 595 843
365 313 469 696
43 257 392 821
763 133 924 478
418 504 814 781
407 603 927 867
687 135 984 750
471 157 681 644
79 554 144 767
142 218 327 822
538 326 852 477
457 603 980 889
157 124 656 199
565 177 846 323
83 543 896 685
502 242 582 811
75 132 629 384
14 758 628 893
4 274 258 777
116 365 700 455
12 701 229 906
247 41 591 203
410 193 613 767
223 593 462 816
713 375 987 881
284 408 613 731
498 525 683 957
86 549 468 591
608 204 682 459
82 366 768 702
26 373 435 621
327 206 532 460
58 441 100 761
656 512 868 739
740 503 761 636
341 321 460 338
106 508 451 931
64 811 174 925
570 65 772 911
452 235 560 315
89 278 393 761
272 485 806 558
634 215 936 469
468 488 802 869
527 317 648 735
520 321 534 422
3 789 934 882
845 29 911 717
18 450 110 919
646 324 848 352
249 269 876 446
239 687 530 890
474 46 596 411
54 58 367 512
490 405 677 868
512 278 548 339
554 117 594 537
111 624 749 665
379 86 466 851
932 272 961 395
154 430 911 457
223 5 845 725
157 36 180 905
70 147 174 766
569 716 920 992
380 106 683 410
363 269 990 579
241 102 469 957
14 222 160 490
387 619 800 981
81 826 884 993
626 175 636 744
924 107 953 664
726 105 997 448
113 481 154 837
308 510 366 584
543 706 976 851
569 343 787 539
366 36 587 143
177 665 867 752
562 255 935 483
374 565 427 837
41 324 865 784
588 31 964 493
160 178 559 589
93 152 140 487
274 349 732 787
527 291 728 462
24 190 635 853
548 258 780 495
519 179 897 896
721 532 749 621
47 202 124 914
668 391 955 777
35 163 913 856
737 65 944 488
64 74 590 584
253 839 832 975
724 581 948 867
815 417 863 863
379 84 417 766
753 25 902 133
2 226 750 454
496 576 619 841
343 71 791 302
4 68 633 222
17 507 580 513
83 199 706 779
250 456 851 551
790 410 967 750
366 426 585 951
368 335 904 818
314 371 352 845
178 519 266 813
424 615 562 812
499 180 828 421
700 26 874 521
184 363 927 896
275 244 436 453
116 54 618 892
22 532 705 607
261 440 280 536
37 69 341 153
137 164 676 637
24 501 337 782
474 60 573 295
503 425 800 992
589 828 629 966
330 318 748 522
407 236 794 852
138 287 789 751
215 60 971 899
25 216 413 286
19 374 49 599
278 481 848 767
193 494 618 665
661 242 989 940
595 380 849 462
518 460 930 537
676 218 773 804
593 573 943 826
314 378 586 738
3 739 737 991
161 199 941 371
554 403 744 904
408 36 631 434
288 581 520 630
233 907 684 994
81 416 876 497
635 74 834 763
257 250 842 457
555 602 737 637
181 114 979 169
188 165 284 670
151 522 218 607
199 734 926 884
129 60 584 303
52 334 480 925
272 527 346 855
464 446 642 516
133 123 793 469
636 642 638 791
808 389 986 615
573 36 925 967
259 162 785 803
100 410 389 642
230 52 822 287
169 18 539 551
133 403 982 815
658 211 915 432
79 306 554 601
497 486 625 742
405 79 735 86
5 192 609 502
30 587 244 787
666 332 873 589
15 134 258 846
518 137 986 991
279 143 828 764
282 199 576 436
241 368 534 453
486 6 871 528
36 152 475 460
45 245 514 638
224 745 786 981
494 697 866 703
423 18 874 444
473 217 989 794
139 271 994 744
177 340 669 853
66 821 376 841
254 587 768 781
261 828 891 913
662 350 748 728
171 124 921 363
78 207 211 578
220 7 802 392
106 155 736 590
678 535 707 708
725 278 844 423
571 119 658 827
60 339 220 859
309 33 978 369
92 683 446 967
205 744 903 930
166 51 784 461
78 116 969 324
145 376 826 847
435 30 468 667
366 364 424 863
92 250 711 894
621 505 768 511
232 455 396 843
17 677 244 682
197 397 450 566
84 141 523 286
191 200 628 826
498 246 920 582
290 889 524 937
201 349 323 661
394 355 971 449
293 100 512 416
2 791 981 947
32 479 933 674
720 809 963 921
158 639 934 904
369 701 792 723
493 125 670 877
260 45 718 981
23 39 627 363
117 448 308 799
499 23 625 953
499 185 523 350
189 204 358 981
330 135 949 296
665 233 930 347
368 879 995 934
232 527 436 823
437 337 646 455
109 497 706 546
632 508 752 791
49 439 732 707
751 445 795 790
77 383 719 975
514 470 938 748
926 127 967 741
182 64 624 71
367 47 837 589
3 819 784 870
421 878 897 929
649 30 967 627
71 282 954 667
111 81 563 233
280 336 913 525
211 103 652 491
387 616 837 720
489 105 987 443
174 306 246 385
108 437 225 946
24 690 159 785
292 388 338 460
289 204 707 934
533 392 627 776
36 241 350 767
111 141 973 466
588 149 742 699
197 323 947 876
30 805 218 884
575 139 978 292
457 738 996 752
58 170 510 932
400 154 615 975
83 146 746 581
59 297 393 723
528 972 831 999
673 617 833 929
644 132 989 251
502 683 578 708
286 604 850 852
321 178 345 916
210 193 859 317
187 679 644 916
531 708 950 900
632 279 743 577
414 173 695 398
87 231 252 882
137 209 733 751
193 420 492 960
862 130 924 849
112 173 324 645
722 303 839 797
76 201 540 292
18 33 420 773
938 257 945 623
621 41 665 621
74 122 240 993
875 554 998 814
91 342 201 601
322 687 376 749
522 92 851 731
212 530 659 968
161 217 237 725
244 709 988 873
399 607 660 773
243 117 737 360
169 210 722 991
519 114 877 918
7 132 28 177
364 161 856 410
213 75 218 732
408 2 872 124
156 105 812 697
258 51 875 860
603 351 702 828
239 635 444 898
273 316 996 484
110 676 430 997
33 210 474 913
30 134 224 642
445 614 714 716
412 224 772 584
331 434 984 908
157 36 324 379
353 427 677 611
225 187 667 989
411 792 925 858
439 569 443 573
621 467 982 974
247 11 938 824
202 30 242 406
362 133 565 961
144 503 785 695
393 828 983 947
720 202 886 434
67 16 176 630
813 388 984 853
914 268 968 750
507 352 979 927
37 137 368 862
213 321 607 721
355 414 808 893
98 98 988 312
590 250 814 636
30 159 824 737
601 385 716 604
195 71 272 936
567 530 641 596
241 1 256 159
157 453 678 698
304 34 813 212
60 69 824 217
405 544 863 901
292 778 458 914
134 20 659 674
324 447 859 673
213 254 796 330
191 300 858 948
196 73 201 488
29 27 357 72
217 391 879 589
24 488 537 601
665 110 828 486
233 110 667 231
306 930 605 990
83 229 319 771
188 456 312 494
387 269 836 470
499 156 593 448
785 648 821 768
14 49 273 203
498 182 782 194
271 366 947 897
103 246 418 546
257 107 846 853
481 107 700 999
159 407 169 417
85 912 353 951
346 37 595 514
428 563 549 926
965 101 993 992
250 616 427 678
442 70 483 692
39 262 723 571
300 497 417 826
269 151 324 308
112 7 228 750
188 299 874 457
614 393 999 846
83 572 366 839
138 649 361 787
54 16 857 450
1 59 627 672
384 5 906 632
677 292 800 725
137 476 873 697
670 553 729 807
538 378 699 919
333 556 948 915
33 400 70 880
444 307 798 453
122 452 682 576
564 226 757 434
281 646 792 725
535 246 841 491
57 88 760 348
131 172 431 286
722 277 886 666
206 512 743 741
29 208 415 790
82 329 492 703
163 111 644 228
615 307 796 413
49 163 802 484
269 272 600 433
7 96 517 767
696 406 700 431
77 0 982 125
758 34 908 112
17 120 455 169
345 394 484 797
312 232 770 681
704 225 850 895
504 270 804 436
30 56 234 125
497 591 967 923
536 80 745 592
32 171 955 414
514 147 583 677
230 84 574 721
139 618 208 772
260 317 679 842
753 253 915 863
117 155 793 608
185 738 988 797
55 19 639 161
74 180 156 191
303 532 517 580
720 657 760 905
120 694 964 745
553 285 880 979
465 36 522 152
285 653 300 886
865 71 980 820
656 182 900 972
423 391 529 975
821 68 958 597
363 266 899 661
155 272 418 586
836 332 956 561
763 525 831 918
1 55 178 316
508 56 697 875
497 126 788 260
220 36 338 744
257 255 517 765
311 214 992 849
103 186 960 766
529 78 714 282
30 682 989 748
179 79 548 274
50 345 313 347
104 146 375 226
380 77 737 456
443 553 464 899
345 17 706 788
465 201 955 363
189 21 245 904
33 80 69 729
288 414 997 783
94 436 714 591
340 119 739 882
492 336 786 381
51 358 877 543
225 49 905 147
268 181 935 651
4 771 445 915
851 435 887 896
751 47 953 488
304 22 680 308
469 369 876 421
762 115 894 482
284 264 861 381
135 202 931 639
333 345 829 505
791 105 854 125
452 296 875 537
9 345 14 481
86 165 729 421
87 185 452 793
254 448 379 857
35 189 354 362
137 154 518 953
95 32 878 85
64 320 273 966
223 394 903 667
221 554 766 710
313 354 650 888
309 46 534 108
177 351 959 842
310 509 550 619
43 37 808 546
205 165 950 501
58 262 532 662
151 402 840 978
650 595 918 907
200 33 284 41
377 382 862 728
317 267 403 702
176 554 344 603
77 539 739 852
421 201 894 994
301 302 727 622
464 42 602 995
246 161 261 181
61 843 756 928
728 177 761 918
447 159 669 411
2 9 348 338
576 279 876 768
249 853 252 890
197 347 514 607
52 696 887 980
109 201 615 694
11 951 250 960
21 338 940 343
342 345 987 699
297 622 479 670
116 0 354 38
475 328 485 347
75 289 516 387
234 396 567 831
41 637 579 888
818 431 959 800
734 700 948 810
339 145 467 380
134 46 269 270
536 214 882 354
123 396 300 857
768 569 840 818
772 554 913 769
748 419 968 871
237 26 685 908
417 314 583 638
237 491 728 606
456 170 890 694
104 152 817 222
446 192 572 855
293 203 662 788
531 379 987 978
52 219 346 346
439 359 527 665
309 763 828 840
324 59 838 247
436 397 964 805
99 148 510 241
37 334 824 964
672 689 886 988
112 569 935 861
506 81 865 482
204 638 854 951
680 442 765 851
255 159 332 423
725 10 847 935
145 540 959 962
0 233 118 717
37 430 603 919
602 272 787 704
522 520 933 710
149 412 860 490
94 441 773 617
333 249 761 834
199 4 275 956
171 459 425 670
122 249 757 390
483 380 741 642
39 557 135 946
171 143 290 342
332 193 945 806
330 124 913 721
30 146 81 984
565 445 853 897
205 901 242 993
634 627 952 850
514 808 589 897
115 734 417 753
374 428 787 577
76 293 658 961
601 122 908 945
501 616 771 938
698 102 902 323
207 536 578 808
413 570 828 827
34 542 343 764
215 554 847 669
14 211 336 448
525 49 916 381
207 536 990 822
896 70 944 96
147 63 311 672
0 497 552 896
783 72 927 930
487 238 602 951
404 227 981 987
914 39 969 436
83 458 481 997
497 450 786 734
242 152 837 748
480 471 567 655
309 112 398 643
625 65 827 292
26 0 80 174
167 190 535 545
321 182 640 886
45 436 927 900
475 360 873 520
809 483 827 665
158 7 491 367
289 299 835 962
43 654 687 839
281 70 564 439
912 144 941 553
747 211 897 837
16 867 251 928
651 197 705 444
442 713 991 927
657 137 836 519
313 128 416 964
677 121 761 211
133 202 534 579
514 62 724 509
129 81 480 558
129 446 531 578
189 556 399 760
178 382 573 679
171 41 978 816
331 777 499 911
72 13 454 595
128 418 843 459
195 342 723 643
324 175 677 748
123 483 533 603
253 376 415 800
70 138 443 746
272 694 328 747
256 379 757 921
713 454 717 811
486 141 981 758
174 32 360 550
949 324 970 926
459 937 851 985
396 135 926 178
171 381 753 491
574 590 912 794
88 246 612 261
6 512 761 869
357 261 585 610
109 820 325 993
278 430 494 772
458 273 630 754
193 186 295 654
218 180 737 304
531 742 686 770
161 305 636 364
319 94 720 228
602 719 712 937
290 361 857 870
518 431 716 679
471 518 515 762
231 372 984 749
155 52 428 244
146 588 288 740
221 365 435 978
396 143 815 287
447 308 958 375
10 272 18 371
606 418 799 862
749 73 943 960
862 323 980 395
146 35 985 977
661 483 955 508
183 363 634 475
559 297 780 660
722 75 973 584
152 532 510 688
595 173 943 318
358 74 800 606
850 5 964 222
883 447 921 484
652 273 776 855
710 198 742 668
295 409 781 677
613 228 792 979
360 246 760 546
1 81 723 964
600 279 850 303
114 462 976 974
94 639 894 742
168 450 504 512
333 592 558 827
16 153 528 983
257 35 783 99
358 462 741 545
457 217 554 714
70 233 318 593
253 250 421 505
777 199 800 847
432 118 792 449
114 156 523 719
627 141 884 404
155 396 926 426
9 565 722 701
427 104 535 253
459 517 731 798
731 576 901 924
409 447 715 712
571 302 655 792
783 327 869 681
96 154 916 229
313 305 665 635
285 255 914 631
22 23 872 534
263 215 998 253
34 463 825 922
91 107 447 326
241 483 383 627
299 561 901 742
18 76 846 184
323 946 603 999
347 274 900 368
293 13 599 95
37 2 841 897
489 308 856 816
267 472 620 544
141 626 177 761
98 798 305 918
992 636 993 961
709 693 799 895
416 101 678 909
5 328 95 834
482 126 706 435
69 12 190 414
800 187 952 806
330 718 659 846
118 299 195 996
12 658 829 875
423 717 460 883
371 939 521 994
595 182 787 418
124 662 357 900
36 246 506 408
537 379 754 905
65 143 402 926
512 185 766 611
513 36 750 166
644 212 842 448
569 75 946 457
308 216 822 821
929 244 952 925
170 36 430 59
239 125 552 718
635 153 968 682
661 21 879 252
144 152 503 265
19 435 998 650
288 183 298 290
603 330 888 974
277 28 389 883
313 582 615 655
136 255 652 801
271 346 479 919
77 62 166 742
70 219 232 341
3 17 552 565
575 523 860 949
66 623 719 802
524 259 902 718
291 721 311 815
7 641 223 907
337 97 539 220
3 481 169 532
567 172 944 574
515 165 594 403
136 416 934 828
549 632 852 896
391 135 710 556
654 543 706 919
267 780 540 824
210 117 941 698
212 379 331 429
172 11 279 384
742 610 813 693
5 285 565 823
361 744 689 967
186 89 894 928
294 651 971 888
161 17 789 523
653 652 961 839
101 120 558 395
123 530 636 978
466 208 864 979
248 10 290 718
12 496 126 725
339 402 802 675
171 15 612 177
90 144 851 985
85 62 522 256
77 486 786 519
630 637 856 815
390 527 469 551
462 196 625 945
322 518 672 713
45 141 264 748
115 880 973 935
48 29 164 703
246 454 537 868
322 226 604 422
190 25 740 267
57 148 132 304
240 298 840 416
369 231 866 634
413 349 658 577
206 442 732 516
177 12 234 591
361 244 520 961
424 761 724 786
353 732 745 957
356 543 965 883
109 290 983 606
191 813 420 896
545 165 853 690
225 744 393 934
287 359 817 748
1 152 355 192
292 293 905 729
498 445 689 790
521 231 921 302
655 13 907 32
148 644 301 789
161 193 297 805
452 583 739 657
354 710 510 807
651 133 881 786
393 665 622 999
184 464 265 891
77 140 744 899
634 356 692 892
295 376 328 724
513 231 726 743
115 288 974 410
17 302 135 886
726 111 741 507
569 207 972 296
375 455 635 684
465 48 893 135
328 281 889 952
41 76 942 717
607 224 906 893
441 592 482 770
152 16 984 838
519 113 609 410
388 394 528 738
73 873 768 944
344 896 845 961
419 343 696 515
197 247 336 622
472 105 919 459
213 2 984 65
658 43 820 207
466 95 708 230
64 761 525 950
267 427 292 910
321 154 576 737
207 386 950 474
669 375 718 920
497 16 917 56
402 219 531 594
678 362 936 887
222 3 749 252
143 223 195 232
750 401 888 972
28 67 605 171
290 153 755 800
434 139 869 392
592 117 937 972
47 250 979 482
124 167 699 942
474 413 510 533
367 51 997 959
465 239 999 939
460 613 844 640
299 282 540 364
571 100 733 152
44 151 537 442
27 896 321 916
58 492 625 627
772 526 949 582
9 496 834 781
128 911 844 925
103 287 790 564
209 75 847 347
87 248 189 562
191 28 599 391
491 248 999 683
431 395 947 456
116 28 761 46
199 35 249 431
520 232 760 537
192 73 249 391
349 415 727 869
22 743 524 746
388 386 689 740
112 311 748 690
759 45 817 873
281 53 504 440
180 225 970 480
43 467 466 676
581 594 914 864
360 16 905 522
486 391 721 393
1 298 895 583
245 162 447 605
59 510 434 580
23 345 412 435
207 198 367 546
252 368 504 810
204 191 718 412
132 363 684 929
13 284 862 920
87 212 649 798
533 865 784 898
749 117 922 282
179 120 299 406
195 567 346 738
10 164 792 206
83 490 296 865
448 330 613 475
167 308 228 602
140 417 468 979
39 162 976 179
369 31 379 51
458 540 556 629
737 454 769 985
419 56 658 683
417 1 944 317
134 113 721 429
339 183 522 758
399 12 676 558
591 211 951 584
328 430 418 793
632 563 744 662
637 807 971 877
194 91 202 262
53 90 83 532
596 486 994 968
600 808 977 874
126 287 884 481
624 666 974 819
638 204 807 586
497 124 699 488
659 629 662 973
220 282 244 900
568 6 832 96
70 113 143 766
286 68 494 668
326 405 405 561
68 616 148 890
253 91 304 891
409 478 928 663
215 817 408 844
788 543 858 710
791 252 986 623
17 482 839 896
342 537 512 545
365 203 539 547
55 22 380 427
552 175 849 207
9 601 300 895
98 428 252 628
156 706 275 727
102 5 402 871
420 52 516 215
636 272 641 665
248 242 800 887
586 41 713 321
52 51 587 628
129 515 721 902
165 130 624 761
295 217 631 233
345 279 999 827
8 520 388 706
459 262 611 310
434 246 502 586
236 619 862 680
390 155 953 961
249 633 433 640
38 57 523 460
656 260 777 797
489 412 690 559
751 62 970 450
16 321 781 857
733 823 768 853
561 201 826 840
436 382 918 923
293 36 778 876
306 466 625 877
110 179 708 275
414 264 705 850
647 623 773 940
4 10 882 114
541 942 741 956
312 642 825 734
714 280 976 774
454 218 897 732
92 682 989 937
440 86 587 416
208 619 807 869
356 329 970 965
250 59 658 683
82 646 444 884
158 120 244 320
333 593 699 874
214 521 322 770
472 139 690 502
677 132 829 243
234 48 382 706
455 499 647 641
577 139 853 248
540 111 871 253
338 152 517 529
621 549 931 577
9 550 310 747
316 31 512 390
392 96 402 679
560 900 815 921
450 126 668 257
246 306 449 648
158 221 819 404
443 239 632 467
40 594 276 872
94 259 308 800
193 659 797 742
171 261 189 617
54 743 98 770
67 6 151 121
331 397 891 678
102 92 858 204
98 104 965 416
248 158 841 538
20 416 652 663
250 278 633 579
745 28 805 723
800 217 953 713
138 596 993 983
471 317 881 648
165 946 568 965
470 23 636 44
148 461 378 665
169 787 652 980
818 203 827 209
789 326 866 952
248 94 684 858
631 822 864 879
880 397 911 821
248 290 903 778
10 861 392 926
169 620 448 769
125 78 177 654
34 560 202 796
42 225 406 788
87 511 935 997
214 835 794 854
538 139 718 625
3 6 974 569
535 79 922 428
58 588 716 613
11 792 814 902
244 699 757 814
433 614 949 759
553 395 924 788
461 50 729 402
296 244 613 473
165 689 731 701
215 179 884 923
260 421 376 587
585 791 732 924
102 443 256 642
328 770 428 841
584 184 898 875
113 686 401 794
391 11 559 592
787 403 876 900
459 682 643 826
158 265 959 901
276 518 494 901
429 76 809 568
122 311 161 750
182 7 651 963
173 300 532 306
475 126 614 949
59 159 729 849
834 108 989 349
90 299 428 418
10 88 949 422
247 30 271 533
163 445 305 997
769 764 872 859
63 652 277 943
625 247 971 988
336 272 410 583
740 31 987 975
173 715 474 803
259 835 518 839
45 293 388 418
570 154 758 640
759 502 878 968
196 476 778 842
629 478 903 989
559 74 675 481
1 318 647 581
103 121 147 965
648 595 788 902
749 67 753 852
340 64 686 155
288 610 642 936
214 258 251 964
308 447 678 849
913 145 920 170
355 117 667 449
507 341 829 719
292 145 742 410
190 252 775 946
407 447 713 537
128 219 828 772
209 322 897 751
574 24 697 308
139 54 892 490
54 205 186 419
614 35 745 175
323 418 597 609
410 406 747 429
432 498 833 664
445 343 584 868
184 611 232 815
491 180 703 479
370 72 763 242
457 421 808 659
528 605 909 898
87 221 214 647
19 409 859 933
532 467 954 497
628 546 954 717
776 661 787 795
281 223 510 876
130 126 517 335
537 394 965 961
413 310 752 527
683 365 727 538
648 202 923 998
120 116 773 804
787 598 875 907
790 390 848 667
68 437 384 569
463 525 945 871
94 469 457 632
97 319 799 425
160 281 444 491
96 727 971 986
84 814 225 892
35 69 604 621
212 179 502 480
319 198 824 403
12 49 648 326
128 38 448 161
402 650 507 721
85 477 891 566
28 20 897 433
290 319 973 490
343 500 842 974
798 200 824 787
799 312 824 962
222 195 888 689
114 580 220 809
80 414 135 878
102 107 176 578
735 444 905 701
449 358 850 935
204 182 999 237
197 748 736 792
69 44 819 156
488 76 857 244
350 515 648 799
659 552 678 856
247 86 895 598
271 464 693 804
542 46 827 496
755 446 792 468
1 716 976 823
793 545 934 783
280 427 960 745
240 116 346 930
546 522 675 826
29 166 725 621
629 396 759 676
99 93 709 481
302 839 707 923
490 526 846 825
407 495 575 757
223 104 622 442
321 652 965 728
499 540 837 542
205 282 482 385
79 217 359 927
432 222 469 989
113 283 645 870
48 205 162 329
208 680 626 825
103 175 418 568
294 75 835 105
462 146 581 626
265 239 893 912
59 332 972 990
92 542 169 554
40 103 533 658
77 273 539 771
752 649 885 728
254 274 543 294
42 313 955 733
274 296 464 359
326 193 825 259
652 381 937 498
137 324 193 839
482 795 738 803
51 372 911 687
325 421 436 720
277 294 907 690
308 938 786 985
360 575 705 984
233 846 860 862
767 605 936 906
228 215 461 888
153 248 874 865
130 710 623 975
55 99 325 775
496 336 906 420
173 128 534 669
545 187 766 872
12 809 157 829
602 598 902 675
766 24 933 627
56 164 929 823
172 109 294 759
136 504 299 761
31 511 200 571
221 321 693 745
218 21 725 439
549 76 767 925
290 445 939 984
356 380 495 760
691 866 967 998
402 593 421 684
159 351 297 443
45 346 770 401
426 189 922 640
381 259 811 963
131 165 749 763
155 311 316 537
570 127 852 465
205 28 428 256
31 65 814 993
202 55 675 759
370 8 850 805
494 54 597 493
192 829 301 914
74 344 341 825
9 512 306 855
545 152 554 619
180 686 430 801
333 171 677 204
663 261 804 522
94 102 773 155
197 678 434 801
524 80 974 540
234 71 328 680
12 197 531 844
66 186 648 200
215 402 673 422
140 549 886 974
58 552 392 962
715 266 733 830
129 938 319 967
420 139 871 302
806 13 833 767
95 621 313 810
322 45 468 899
1 196 411 788
256 172 319 391
636 398 856 968
20 58 662 596
305 197 868 325
363 647 709 808
782 387 964 725
612 266 932 392
136 309 658 907
253 323 433 969
390 305 915 524
175 162 946 663
498 176 907 240
481 174 765 526
39 467 358 863
423 281 940 702
90 492 226 497
904 156 947 607
169 143 293 725
224 262 332 362
132 71 292 783
326 360 339 737
49 380 963 412
261 184 760 702
653 179 993 229
31 310 288 775
11 0 677 494
329 344 691 656
385 508 403 988
414 103 856 108
430 13 981 111
156 8 262 507
422 40 869 836
442 335 848 375
354 565 616 770
255 181 566 185
18 588 696 922
407 136 616 695
285 218 956 897
666 40 784 102
45 2 252 133
127 661 238 841
318 483 464 911
323 160 767 361
106 279 208 962
133 15 243 711
411 12 749 517
393 400 892 606
530 174 731 663
338 828 822 981
137 6 367 882
406 260 841 762
19 464 164 549
221 292 836 559
664 260 843 422
346 35 419 717
183 183 374 405
220 209 260 236
469 456 658 989
332 751 832 904
550 807 908 900
365 755 454 860
573 851 890 926
206 293 324 904
338 32 945 194
173 121 246 411
461 211 504 446
889 512 954 650
29 215 557 993
77 827 244 920
85 333 522 786
589 366 949 447
286 22 914 371
209 592 841 985
444 0 791 160
336 76 423 622
601 220 751 502
13 708 777 916
504 528 644 800
297 213 814 244
496 6 786 437
303 58 952 872
29 9 625 57
276 258 356 431
143 71 377 771
24 13 746 820
61 144 463 468
3 215 997 331
112 39 578 889
267 237 387 622
804 736 954 916
488 158 817 837
171 579 288 790
168 675 413 973
91 324 184 579
467 215 710 990
25 194 640 789
264 463 819 504
117 33 439 258
304 102 963 647
494 464 755 645
166 241 595 361
314 678 980 692
617 47 745 364
694 36 858 991
396 690 508 715
86 43 830 833
368 894 997 907
221 217 800 254
109 295 373 344
118 233 142 994
319 73 701 892
457 487 765 919
59 519 730 529
14 561 44 685
409 663 661 820
26 24 895 49
186 401 530 836
532 68 679 670
61 698 795 799
266 136 984 150
669 287 805 538
894 246 981 291
114 536 527 938
549 157 765 226
571 477 770 817
131 120 430 343
510 327 770 892
782 42 783 381
532 37 855 472
667 10 715 605
438 150 501 629
92 189 180 375
344 319 613 783
469 114 764 377
196 238 952 289
405 260 878 422
314 21 380 659
149 194 945 929
507 69 915 264
681 145 686 348
218 127 267 737
546 274 595 310
920 459 999 835
73 474 427 938
370 57 557 162
128 762 887 910
78 412 583 998
216 252 408 642
557 219 814 927
43 174 478 600
864 497 987 609
23 542 988 831
578 48 881 713
645 418 926 491
260 160 955 960
583 435 638 580
313 465 527 475
337 840 462 949
353 769 910 925
702 588 720 907
159 54 501 861
716 222 942 990
711 620 786 897
263 166 525 813
41 353 122 539
98 879 394 943
401 210 813 794
172 361 356 623
334 668 989 858
381 697 481 973
488 435 500 639
197 169 903 990
405 513 779 672
450 590 678 742
264 816 679 955
156 434 676 674
513 33 825 969
517 772 771 975
16 595 606 749
381 676 981 798
36 670 598 905
252 188 890 354
380 726 985 879
355 502 616 632
448 89 625 819
314 499 762 670
595 104 950 429
346 213 491 448
745 618 860 692
441 366 485 544
112 331 604 959
512 454 998 500
111 189 841 988
68 192 285 200
495 292 815 630
4 708 667 963
421 561 793 933
367 143 434 479
332 627 819 802
198 209 766 555
347 663 624 714
687 110 982 310
294 588 980 699
857 401 975 541
609 307 818 904
902 653 939 979
575 391 583 854
456 91 951 296
427 280 595 649
262 214 347 321
23 51 240 327
8 578 744 732
62 329 986 807
501 433 617 915
610 149 998 652
854 179 894 817
273 627 627 818
372 426 478 777
48 299 750 465
460 600 561 734
274 238 431 953
419 530 441 819
144 198 376 723
32 735 253 803
617 694 623 799
238 260 793 734
458 521 809 548
497 57 835 87
290 589 848 792
132 520 364 537
182 133 906 824
334 63 686 545
24 170 640 746
320 79 509 654
292 75 708 763
114 753 431 758
563 345 772 832
529 331 837 710
355 59 403 746
481 28 517 55
520 426 640 450
371 146 846 440
111 82 762 370
666 102 795 186
880 435 988 604
67 34 754 179
315 221 842 326
29 570 164 688
161 556 373 827
540 539 863 959
461 6 655 74
576 51 971 303
0 449 922 487
290 119 947 212
261 633 694 895
257 271 458 285
114 533 311 756
122 459 652 942
24 468 759 913
463 154 769 768
11 521 214 992
892 271 898 903
144 464 896 926
41 205 427 902
52 54 140 719
793 290 849 685
562 100 589 706
187 115 376 920
26 118 412 213
605 335 798 417
330 157 755 552
34 111 739 620
251 225 325 537
40 216 459 997
133 278 817 815
435 572 720 936
531 780 846 923
3 151 145 533
711 728 904 884
189 42 374 563
221 915 855 932
273 516 276 559
431 727 974 942
361 177 530 224
385 95 952 678
216 403 627 958
209 765 710 767
40 92 961 623
147 90 766 895
322 647 671 754
314 97 402 384
381 414 813 483
469 941 625 969
31 391 864 495
169 221 511 786
444 84 987 110
196 339 855 377
562 14 779 190
483 449 640 894
97 58 336 489
109 446 707 970
319 110 634 428
6 699 901 979
405 180 623 221
455 206 718 440
468 660 865 730
677 135 863 444
846 679 969 796
95 225 349 501
24 10 647 361
712 677 777 760
425 391 870 802
161 227 747 465
270 443 294 939
55 457 361 537
413 848 594 937
407 388 609 815
40 157 816 454
414 250 697 833
373 29 797 413
617 396 709 589
172 47 585 660
660 45 835 837
102 448 655 752
330 354 866 427
189 166 636 291
17 217 365 559
243 257 593 310
16 118 731 364
590 807 740 819
453 166 701 235
392 394 737 934
383 361 998 659
663 120 976 711
551 877 675 929
440 365 932 660
190 571 273 925
196 542 271 625
569 847 667 853
344 0 746 544
298 222 360 334
203 409 640 703
496 45 700 295
364 234 404 919
466 171 875 944
183 143 657 179
539 280 689 738
127 483 839 501
57 153 719 701
336 570 644 815
53 483 669 486
510 305 748 392
451 207 606 787
216 434 839 575
575 126 598 459
57 341 178 625
49 493 591 976
593 298 782 829
545 296 850 541
205 25 778 239
641 217 829 862
398 166 446 980
17 326 720 544
402 218 690 228
426 120 898 824
286 344 805 655
91 322 924 346
283 471 499 898
115 674 907 967
492 305 893 430
847 261 921 319
377 320 640 870
232 11 470 487
115 52 298 994
82 384 449 846
430 309 611 538
187 311 761 469
258 390 773 868
560 488 585 573
189 246 815 447
589 65 591 131
146 172 985 630
70 52 758 733
8 514 860 779
248 146 730 256
520 299 969 458
617 166 684 738
282 301 591 530
607 393 978 548
899 60 959 977
759 177 912 629
664 3 676 865
421 494 747 589
22 513 829 718
194 50 314 935
577 562 777 704
947 757 953 969
593 257 707 724
140 644 177 733
1 789 822 923
754 27 967 496
60 17 715 382
4 503 405 758
161 185 549 753
48 733 184 817
103 123 558 852
405 84 987 819
213 316 517 627
209 649 527 933
74 34 739 158
372 55 694 104
534 147 708 551
151 60 758 738
266 300 510 753
284 832 333 910
514 555 940 995
259 137 296 572
121 266 152 758
200 233 545 377
364 72 517 623
432 51 793 234
373 818 873 934
463 73 968 632
97 838 690 913
170 340 835 700
923 15 964 21
717 85 848 887
253 167 703 905
74 17 585 740
848 361 953 917
189 95 201 794
262 904 700 975
733 443 764 996
528 611 812 744
508 429 721 465
462 221 637 342
443 252 947 777
158 349 398 666
693 121 934 525
289 99 929 420
518 434 555 807
78 80 852 636
685 584 850 763
16 54 399 672
666 541 698 580
244 359 245 929
520 200 636 815
62 131 634 849
821 370 846 933
207 187 670 220
121 153 566 328
87 219 239 991
78 132 537 770
490 725 830 891
540 416 555 666
166 451 694 747
619 254 959 726
20 208 254 538
11 300 286 757
762 365 833 773
666 119 883 908
387 440 407 662
72 173 78 811
24 216 724 950
57 562 122 588
151 381 261 743
13 379 517 557
212 238 222 951
263 106 428 766
534 116 984 150
574 412 916 414
171 405 746 797
229 318 743 970
127 601 683 651
731 211 978 920
514 718 538 933
410 335 411 613
262 627 518 777
186 484 555 604
592 339 790 733
154 63 288 980
27 655 216 678
81 417 95 851
89 106 263 557
551 671 750 937
205 191 328 292
469 319 954 558
254 206 746 459
98 58 481 876
113 250 563 719
483 490 981 644
125 344 312 609
841 467 904 485
807 433 910 737
293 340 862 803
300 841 570 946
66 572 427 599
357 528 983 989
420 643 904 838
212 421 265 709
36 491 333 808
486 237 647 406
256 102 501 740
52 599 83 915
299 35 568 258
570 39 998 560
32 13 656 827
248 458 948 546
352 314 446 643
783 84 893 891
377 605 604 909
533 21 639 92
701 21 902 706
441 301 991 874
13 756 857 998
199 209 907 552
343 298 984 708
164 344 413 508
587 228 734 984
153 232 323 773
36 43 892 666
111 947 745 999
59 150 455 943
238 42 792 761
202 354 426 613
857 234 908 376
259 741 433 977
693 123 992 550
709 900 926 968
555 335 632 807
226 321 636 410
483 146 846 874
386 678 649 998
455 594 634 687
618 500 755 963
438 50 957 824
600 152 618 879
379 266 796 557
85 157 538 685
309 156 564 804
265 197 784 552
656 328 992 683
490 644 527 755
503 163 939 994
616 390 783 430
73 172 978 757
202 344 986 362
289 278 584 893
232 310 363 488
23 447 984 878
443 141 760 542
318 888 638 911
264 581 617 639
566 218 915 942
158 408 467 926
63 147 397 859
134 259 620 644
181 695 891 931
66 333 782 609
91 21 285 460
141 649 214 954
517 335 860 582
755 547 809 933
90 138 969 846
37 130 779 536
56 308 671 881
690 181 978 562
5 331 821 489
923 224 939 960
706 718 848 762
53 326 630 636
427 585 925 784
258 344 694 449
167 220 952 258
248 420 807 874
359 872 522 969
655 336 756 822
748 444 897 898
152 166 918 978
97 195 182 845
300 369 496 867
126 663 442 924
20 142 734 793
389 740 678 893
143 54 201 135
451 311 818 983
37 260 965 566
243 79 252 694
346 42 544 852
529 382 765 920
517 91 701 720
186 616 923 727
428 183 965 946
274 18 666 648
320 121 851 720
424 39 514 205
150 172 456 322
515 106 518 292
116 238 808 646
186 535 694 688
94 488 253 962
457 671 790 904
223 713 456 974
499 273 910 934
461 171 906 536
487 12 577 47
869 257 891 820
151 906 798 925
44 275 230 941
536 706 879 757
315 123 577 751
72 513 888 690
345 169 412 848
189 355 765 750
435 144 980 185
878 21 946 67
547 32 663 384
774 7 889 639
316 236 523 863
604 70 842 373
27 401 226 648
8 255 390 965
326 232 690 741
28 63 875 75
858 17 882 149
195 630 635 862
413 300 868 864
219 173 529 599
615 413 887 724
399 370 512 970
896 393 921 836
52 628 384 803
289 47 435 791
347 66 506 465
300 400 459 515
568 332 629 972
116 201 818 842
27 352 817 609
322 233 732 904
467 200 850 339
42 215 592 959
156 114 804 623
368 347 412 411
563 4 722 506
288 233 828 275
305 30 485 220
387 207 726 675
464 220 899 974
239 407 766 626
125 579 238 941
428 703 931 931
193 199 479 477
373 117 842 956
134 613 913 622
446 39 803 803
27 35 145 843
891 602 934 817
340 263 563 996
100 57 449 976
554 895 844 933
943 62 990 378
655 813 806 996
632 523 864 575
333 292 538 761
380 145 629 935
9 75 397 417
366 792 460 998
85 190 216 817
293 926 637 961
317 214 333 376
72 17 318 407
61 225 270 338
219 439 739 604
227 478 324 737
456 38 499 482
23 3 381 602
218 245 416 674
239 763 306 809
360 722 836 996
183 335 906 915
84 868 129 890
873 569 931 922
510 460 645 870
135 491 268 571
139 363 399 649
175 44 520 710
103 65 443 921
26 791 385 903
647 211 933 484
228 272 997 348
535 173 841 211
139 651 822 995
250 71 733 742
22 187 958 329
260 655 444 763
200 485 674 683
89 584 598 728
840 354 873 393
191 547 428 715
281 849 937 870
557 47 637 668
43 382 661 993
587 248 709 578
744 4 992 822
282 558 669 911
460 137 750 725
146 621 218 839
103 271 719 923
434 370 570 631
0 267 463 540
338 206 777 442
43 180 679 268
559 75 867 954
145 466 155 962
822 183 994 444
673 481 842 668
255 2 619 77
669 488 841 703
524 311 701 779
810 338 915 475
362 475 678 703
85 72 185 694
354 77 505 616
443 27 482 149
259 94 681 956
208 202 666 214
173 506 477 789
71 68 356 557
765 661 793 977
475 103 937 464
693 484 820 815
412 455 968 739
584 28 970 35
901 794 988 835
337 486 404 812
529 801 803 942
151 3 580 938
389 655 715 726
164 520 423 693
321 578 987 930
231 325 262 620
332 329 698 825
152 589 261 668
461 36 714 783
301 14 315 706
2 325 89 585
80 96 530 278
221 88 937 381
31 377 382 999
761 110 899 502
18 312 502 947
243 269 853 517
252 471 910 706
275 361 788 503
111 366 142 836
156 279 633 639
134 459 449 597
177 591 434 937
773 214 830 260
13 344 343 521
247 290 480 372
88 441 95 709
701 522 924 558
4 150 879 256
201 29 742 172
181 732 556 824
166 333 666 976
430 377 986 556
211 647 621 762
277 777 710 811
650 95 878 607
466 318 948 677
304 488 345 621
512 16 699 437
9 188 526 317
599 42 930 851
285 200 409 442
73 684 631 984
365 78 664 753
665 207 774 852
53 269 826 419
560 354 742 557
622 196 902 855
76 16 590 660
406 475 921 927
106 560 901 987
111 474 857 550
603 9 953 146
403 776 576 997
240 53 440 351
107 578 332 745
572 305 862 976
82 438 325 523
383 220 854 842
150 187 588 678
412 342 961 795
563 168 638 713
707 578 743 963
282 9 520 357
252 731 866 933
707 499 785 622
680 835 935 932
51 207 743 980
780 107 902 800
471 535 555 742
304 42 833 85
928 674 954 751
807 299 891 660
360 600 370 640
394 462 654 693
179 828 733 891
366 821 876 864
405 754 526 936
395 718 869 965
24 736 548 949
111 659 961 780
339 766 906 802
336 53 764 673
201 405 489 973
635 310 769 602
276 243 664 844
135 26 326 336
2 54 979 630
395 65 717 560
304 399 586 439
66 598 296 723
136 22 190 414
126 654 532 854
23 225 46 549
99 493 895 728
14 26 930 389
329 703 823 780
194 234 304 742
520 109 827 605
135 121 495 131
528 48 639 400
72 260 795 763
290 452 649 810
521 60 525 472
236 429 631 660
41 43 226 83
37 497 776 764
388 347 593 682
604 120 807 207
477 182 896 442
310 27 781 914
314 701 596 750
262 181 629 753
0 23 974 181
249 379 403 524
283 97 297 367
294 95 550 633
359 41 769 762
54 431 765 988
517 128 799 141
124 149 408 178
66 436 375 935
326 232 936 258
91 52 824 157
596 657 979 675
334 340 900 568
146 556 264 759
555 179 791 438
807 557 923 825
334 302 529 889
585 558 630 761
31 86 533 276
242 128 377 917
424 11 444 807
45 37 732 639
166 109 908 124
76 778 918 877
108 354 552 425
667 705 924 924
25 262 620 453
1 13 712 20
522 468 891 875
833 603 895 904
416 257 867 551
768 165 824 683
355 511 656 772
435 836 484 959
243 329 490 607
729 91 891 697
609 279 836 290
323 504 397 618
692 382 696 720
861 28 915 184
73 379 888 841
380 58 689 825
146 150 497 801
447 15 756 180
402 159 892 882
383 332 852 676
310 189 536 985
559 289 940 347
490 165 537 851
258 75 666 828
83 170 970 321
538 403 574 799
623 405 835 706
118 555 769 915
293 332 824 393
132 638 470 728
45 586 994 869
685 371 953 468
171 120 544 655
474 754 864 928
506 372 628 592
96 454 563 570
40 288 739 546
587 324 791 683
134 456 375 818
429 30 751 131
162 622 568 749
387 209 667 615
186 18 823 485
207 25 291 394
43 114 231 125
505 484 650 715
89 726 496 945
427 153 965 932
331 161 585 202
338 52 686 96
177 179 939 206
203 341 270 445
495 638 599 834
43 286 282 362
22 167 892 418
126 42 743 763
165 384 926 910
103 138 824 370
511 205 670 430
523 414 705 649
439 457 722 956
908 199 993 398
241 12 964 394
112 46 533 49
309 875 935 902
444 167 620 909
565 153 958 601
154 232 966 380
655 675 862 938
169 164 230 648
215 10 912 499
714 233 737 589
220 286 706 690
406 184 782 548
754 123 983 498
559 54 799 965
591 581 865 927
585 247 905 746
255 300 776 902
50 848 537 961
254 336 278 845
397 87 986 809
361 400 903 453
12 559 433 825
662 284 754 873
278 104 543 488
132 413 999 573
278 38 649 359
20 103 742 681
24 36 773 654
380 95 572 228
206 684 566 725
365 189 922 596
246 119 744 915
33 441 299 558
379 373 613 626
492 710 893 877
286 259 991 728
196 113 872 623
324 3 744 873
306 882 917 982
468 515 759 945
385 352 402 984
247 988 357 999
311 290 599 300
203 140 902 803
266 686 981 956
234 496 639 898
139 238 198 872
404 10 902 670
300 327 693 787
401 326 970 805
336 224 827 737
170 36 412 218
330 839 783 852
40 507 451 723
39 379 110 627
344 59 883 738
99 9 573 423
559 787 678 993
118 755 737 989
230 720 470 987
47 594 421 905
248 445 433 986
305 229 349 519
319 507 745 919
304 530 905 557
368 639 687 673
427 540 498 889
6 91 47 419
221 518 694 589
210 485 476 667
651 248 795 324
147 244 605 368
627 16 969 279
264 116 955 733
412 592 748 845
214 451 977 602
241 165 905 869
343 455 882 654
417 131 464 975
109 151 833 878
634 649 853 971
388 9 729 572
21 519 388 666
8 88 886 928
560 584 573 976
651 331 826 361
127 230 742 795
62 263 650 952
74 677 191 828
9 354 142 805
137 734 824 736
243 109 247 380
257 343 527 852
460 36 866 107
118 43 613 728
386 492 580 838
266 165 487 816
621 726 787 907
366 208 512 233
187 786 235 980
158 500 747 608
657 154 930 212
174 255 462 333
458 191 467 505
379 56 542 741
56 14 373 815
71 213 265 396
319 141 684 207
537 46 797 579
681 464 976 929
169 627 520 840
739 973 990 995
212 168 895 250
651 10 661 972
2 176 651 974
353 449 969 565
524 99 820 877
549 141 795 518
0 250 698 331
637 691 890 760
721 518 951 611
53 147 342 574
492 114 629 266
397 88 607 217
194 132 381 883
425 410 645 940
390 19 508 869
86 650 207 944
975 687 988 724
167 830 502 909
13 337 584 340
391 527 810 795
180 185 744 966
224 697 758 967
380 315 674 872
270 183 475 256
295 110 702 675
384 168 668 296
895 323 975 363
702 232 961 812
356 41 811 93
685 138 773 383
9 216 564 888
18 839 65 852
187 227 234 578
479 60 719 516
390 157 851 465
648 659 903 708
73 593 426 865
216 314 228 671
244 218 922 924
362 314 704 606
758 469 784 473
848 624 857 958
3 412 883 459
399 443 913 845
84 697 425 918
291 320 624 804
640 68 695 725
765 121 995 677
498 567 822 789
182 129 322 978
288 87 440 401
783 419 892 918
517 13 602 226
260 62 262 370
454 46 457 624
305 134 923 854
232 43 538 749
408 492 975 668
65 46 849 488
85 51 256 743
537 179 949 769
575 839 871 983
331 198 652 886
788 42 810 942
159 276 318 930
273 291 898 605
489 550 491 629
492 769 749 773
364 488 701 865
382 341 672 986
597 294 620 441
416 369 566 780
857 268 997 592
16 281 36 937
132 532 782 548
253 348 680 463
159 66 510 127
417 793 739 858
251 125 553 762
543 415 890 990
74 225 165 296
394 424 427 941
336 285 559 940
434 617 586 771
611 765 673 843
119 45 448 720
42 556 112 653
522 313 679 455
653 161 735 695
634 550 776 741
188 318 256 986
26 380 288 833
197 594 515 680
302 234 927 500
446 653 936 713
294 71 520 253
85 456 646 922
696 317 968 764
278 98 988 326
430 246 933 846
641 259 836 510
412 390 568 893
780 171 960 322
217 777 499 993
282 344 563 476
106 451 198 887
555 658 897 802
578 136 759 564
694 274 699 804
618 331 851 664
608 641 905 707
267 377 707 885
462 370 951 693
282 677 763 885
300 283 594 567
328 712 804 840
41 3 936 632
111 0 588 153
495 174 608 431
440 116 515 552
590 95 893 630
114 69 492 657
53 770 594 798
655 11 942 296
570 2 620 379
267 281 669 381
350 161 390 403
623 295 948 560
60 457 618 715
585 226 959 852
141 328 965 425
166 411 849 579
346 201 502 283
130 310 829 910
123 316 902 564
180 168 724 908
654 221 719 854
190 581 543 666
292 107 295 974
692 217 980 294
470 210 932 263
360 722 613 891
397 156 741 594
501 579 969 861
685 570 951 608
9 85 618 510
399 190 815 656
302 731 756 970
37 738 85 753
508 542 999 738
195 108 971 773
571 216 580 812
704 612 767 961
461 24 853 844
41 528 428 745
290 225 522 235
316 568 964 778
944 170 974 338
50 402 83 543
553 599 706 869
34 65 548 349
83 130 369 336
283 171 322 939
313 74 510 863
15 119 366 737
592 3 884 187
21 457 726 931
85 212 131 872
45 756 251 989
518 255 736 892
673 640 783 932
559 526 686 604
525 336 730 670
170 98 929 747
142 36 252 816
447 231 838 734
466 391 524 988
378 307 955 639
833 61 920 674
219 196 615 685
53 269 445 839
1 690 561 773
759 344 843 647
454 74 666 859
695 112 699 304
460 292 556 993
20 518 572 779
193 445 528 889
567 208 924 782
327 54 450 520
80 228 101 409
492 258 983 404
575 242 784 768
591 206 730 518
163 158 576 964
144 360 693 520
260 855 769 982
107 185 319 878
390 38 761 965
79 306 884 779
417 131 691 513
161 36 754 552
46 687 634 793
659 793 710 853
534 231 817 758
296 238 699 337
515 719 691 913
29 481 136 824
120 645 275 768
125 364 734 617
162 398 995 543
421 93 713 546
16 488 985 824
194 52 857 943
466 30 663 641
355 105 951 185
185 134 938 892
0 713 47 980
58 139 236 220
149 325 413 334
13 712 968 812
243 101 421 809
106 574 774 987
58 465 125 831
436 307 438 896
530 90 596 314
413 58 846 268
260 48 627 219
272 622 430 844
707 423 882 967
130 1 627 466
416 271 840 697
129 414 572 837
312 401 323 482
22 464 630 489
83 36 912 747
810 315 873 410
184 199 294 980
94 365 190 704
310 315 717 872
179 342 893 710
319 366 861 862
400 658 559 703
718 242 747 402
598 343 729 350
2 288 406 955
156 45 422 699
478 367 911 716
404 506 973 997
476 317 543 668
188 326 782 362
187 838 872 869
754 730 955 879
134 146 915 654
264 422 852 825
164 482 278 880
224 630 752 739
164 571 360 780
47 235 742 941
328 506 526 526
404 698 632 937
557 83 865 609
245 350 356 642
225 397 720 958
330 236 964 575
62 381 605 393
119 421 788 915
6 581 411 891
129 515 799 600
77 130 930 943
246 167 262 530
434 204 502 440
212 211 823 350
168 301 909 410
367 376 965 536
20 558 84 672
584 255 871 604
385 229 393 423
197 473 427 633
167 342 275 555
304 563 994 594
97 177 948 392
62 312 649 581
466 558 741 564
716 223 733 778
535 382 712 894
367 61 632 455
408 84 426 658
4 191 432 872
401 733 627 993
66 597 554 820
330 182 813 428
314 651 389 992
345 341 950 850
64 689 254 949
322 450 361 672
386 253 973 460
214 461 741 600
223 331 494 992
357 238 663 424
80 127 460 413
168 739 942 899
287 56 500 801
354 205 919 842
690 115 875 405
108 332 854 554
833 89 990 95
434 44 724 546
210 134 781 387
195 506 372 980
361 288 884 428
290 85 701 357
689 0 763 613
388 168 879 647
357 52 887 279
191 467 505 817
320 4 862 392
86 360 301 443
412 189 722 893
258 479 589 930
72 64 495 159
424 796 954 836
337 29 729 360
572 345 607 645
603 462 669 940
491 750 653 837
341 228 967 945
733 43 908 74
271 228 372 458
309 586 943 804
240 644 353 973
40 262 400 311
235 192 768 616
224 14 283 885
309 238 480 276
194 165 393 771
532 28 656 836
378 604 561 687
88 169 279 694
219 123 487 212
48 868 393 958
74 32 766 293
155 253 858 764
776 426 882 936
433 436 940 833
656 685 792 937
741 414 931 526
49 805 515 978
249 327 825 342
741 108 869 592
788 254 817 400
165 354 272 849
621 84 914 138
262 428 393 584
322 222 595 264
595 397 846 917
298 189 663 963
730 812 939 819
272 65 721 701
21 228 57 968
156 869 713 952
283 107 698 581
648 713 897 731
533 115 921 533
6 166 208 259
830 736 909 832
603 85 891 581
770 42 916 974
49 511 320 820
694 658 966 709
314 392 461 496
133 56 407 256
561 343 591 436
51 331 535 717
71 246 218 942
294 383 417 780
815 160 870 218
679 470 839 494
49 283 345 635
555 751 916 876
291 67 527 817
46 272 649 448
51 353 113 694
274 136 766 843
169 304 684 517
114 120 855 698
388 31 416 363
100 426 342 929
2 201 438 424
162 237 424 391
59 63 909 420
164 373 341 702
175 25 799 791
210 57 212 235
178 225 322 839
268 113 816 212
646 642 961 802
505 213 917 465
167 626 387 776
52 505 653 591
136 455 178 820
750 673 783 879
16 123 485 152
40 460 911 606
348 106 679 969
848 909 997 935
489 556 710 933
388 319 929 331
88 161 670 376
289 87 636 198
362 144 367 364
763 117 768 466
242 312 394 320
153 227 824 916
609 686 884 852
492 296 754 453
124 78 705 864
111 352 923 858
266 349 464 628
727 639 843 804
547 622 596 654
33 586 734 606
83 411 411 630
33 7 636 316
205 108 761 590
575 43 715 132
279 489 387 945
365 612 702 721
562 47 883 714
228 217 473 507
706 212 804 674
466 236 733 289
232 649 301 812
218 126 319 276
256 345 413 437
228 481 481 776
403 590 542 804
370 936 895 978
449 350 803 740
258 221 959 980
662 176 738 839
649 105 983 984
35 106 92 738
124 541 689 822
63 204 269 257
115 345 434 483
345 858 412 904
551 7 701 27
128 144 658 381
886 507 942 689
230 38 555 805
227 718 400 954
33 470 489 788
141 181 997 225
80 240 86 418
483 775 677 976
28 16 775 862
155 770 799 938
702 893 930 938
398 340 741 554
71 257 557 614
811 377 932 662
370 645 602 654
542 420 993 685
169 269 760 332
53 739 147 775
384 102 430 279
589 437 700 740
453 319 709 350
531 339 836 532
24 181 38 907
488 355 723 513
636 212 656 926
12 161 511 812
481 173 718 392
515 746 748 879
3 439 525 989
584 204 777 843
65 682 224 881
615 616 733 970
798 80 975 966
55 364 200 670
281 211 454 476
157 757 959 956
838 286 922 740
65 508 308 725
30 658 812 800
533 200 690 380
264 219 948 791
139 75 650 237
310 739 597 742
37 0 418 699
164 683 839 804
338 13 615 380
699 505 760 614
160 52 735 138
437 36 677 597
97 814 108 921
170 682 337 959
309 223 572 356
588 7 987 758
487 405 532 939
403 132 652 991
21 170 996 417
342 173 852 490
496 149 612 827
269 586 895 718
776 821 938 937
145 655 417 908
202 671 740 885
594 351 651 638
78 720 833 997
360 460 473 918
242 102 273 622
486 23 682 847
294 831 926 927
239 563 312 726
849 135 997 850
243 556 954 634
342 58 491 216
0 287 20 595
195 326 229 730
127 61 817 64
406 289 649 822
815 531 920 690
228 473 787 649
433 276 816 880
87 376 507 592
566 494 801 896
582 70 929 669
486 45 577 55
69 500 901 604
31 3 736 646
613 72 699 554
435 220 719 331
283 53 777 501
331 557 567 777
781 238 811 394
167 640 839 802
180 353 879 446
199 571 702 725
146 856 383 960
223 284 879 423
320 455 372 462
237 260 560 379
385 418 629 860
405 0 922 354
359 276 542 948
478 0 529 862
304 223 831 885
178 232 718 984
101 226 703 636
648 228 767 677
699 167 983 295
165 496 880 864
176 616 194 960
354 492 929 722
203 625 787 683
73 16 232 781
133 148 731 937
834 31 936 644
194 248 658 595
505 405 572 432
493 101 823 786
319 132 451 742
441 273 707 561
51 610 189 826
712 193 863 908
45 391 637 839
112 580 486 733
290 679 444 996
73 70 451 211
660 678 731 817
650 502 745 673
225 116 702 445
759 81 955 729
54 709 970 811
58 288 910 885
84 232 91 603
278 326 699 792
249 90 829 515
77 87 768 222
396 42 662 791
768 342 833 486
530 292 651 926
334 313 718 540
934 50 953 594
429 614 930 958
60 633 363 743
283 484 387 510
434 586 980 928
206 610 502 993
25 529 267 920
106 492 391 938
319 123 377 968
237 869 714 909
170 162 382 276
260 163 743 501
18 505 201 717
98 195 798 268
467 178 833 837
683 387 907 989
249 869 973 958
172 537 454 991
67 639 181 750
26 88 91 253
107 123 914 509
816 683 992 820
679 110 861 430
417 209 605 890
768 689 866 970
270 125 687 861
161 335 758 510
576 362 939 523
151 570 738 652
674 479 776 826
693 421 792 596
447 491 535 637
224 21 946 896
183 229 520 630
72 407 619 473
3 236 522 427
643 493 901 751
449 372 997 389
247 545 315 674
629 112 819 527
337 866 467 876
76 309 300 346
63 28 867 140
689 519 838 966
31 472 915 970
715 607 938 788
534 409 599 767
285 569 913 698
360 225 495 625
231 99 828 653
435 116 954 720
208 296 851 701
311 38 831 542
489 11 548 391
385 39 826 820
507 781 893 791
174 309 993 382
234 266 811 724
102 293 835 962
426 80 753 999
361 172 819 318
221 248 878 395
95 181 916 456
336 5 675 893
228 157 761 296
823 252 971 314
6 241 817 586
384 318 823 972
75 136 79 811
366 357 794 442
124 229 454 925
334 46 452 296
567 43 674 695
681 624 834 625
493 261 784 278
185 127 699 463
729 775 827 798
642 514 784 697
929 414 971 911
666 237 842 869
459 20 740 898
787 498 943 722
417 927 778 997
270 52 787 409
47 135 682 464
414 460 813 567
746 555 798 649
769 408 853 535
267 17 647 993
486 460 904 482
231 23 683 313
945 763 980 971
258 332 294 446
412 397 446 736
109 558 523 873
483 291 964 602
264 563 387 865
860 644 899 760
402 111 998 505
369 665 625 977
706 436 783 524
130 335 468 800
781 68 908 839
737 62 843 351
215 71 548 737
665 88 935 436
594 718 926 839
294 378 970 894
14 386 994 716
285 752 356 879
280 429 683 823
332 599 766 627
680 123 689 336
331 148 470 565
43 750 469 853
80 638 965 763
421 62 708 364
156 379 740 888
52 522 616 983
79 27 561 182
954 204 989 375
138 6 741 349
58 747 648 839
273 490 434 679
459 397 500 732
412 525 941 585
8 347 840 881
427 155 651 506
523 80 682 593
7 183 28 772
60 321 357 778
193 304 833 621
269 161 279 628
344 307 400 756
56 789 196 999
794 91 869 490
83 133 975 254
547 331 835 863
284 257 346 303
107 52 877 57
19 645 829 869
27 203 490 211
354 28 782 646
453 284 726 691
444 39 722 798
419 504 796 873
140 875 564 978
26 537 94 902
331 84 946 463
119 22 437 78
1 92 233 266
8 546 68 706
31 619 239 892
202 168 427 321
190 216 400 688
129 354 827 512
326 418 404 528
56 508 646 581
516 44 784 590
197 515 602 534
477 429 584 538
315 264 651 371
125 297 304 641
341 88 583 539
580 474 756 922
304 241 846 663
702 939 941 970
351 386 961 801
369 196 960 308
441 50 933 312
430 211 984 594
121 0 272 290
138 218 462 708
324 67 720 480
156 262 526 480
681 598 960 638
20 404 185 898
30 21 462 358
509 136 991 386
420 92 897 761
57 335 690 902
181 181 884 953
5 119 709 538
80 205 687 467
429 371 741 786
795 422 902 519
588 254 636 671
137 700 203 758
212 133 964 262
35 287 726 903
454 13 747 404
802 534 923 806
622 142 918 295
613 765 629 767
44 595 200 717
636 933 661 953
377 92 691 273
582 439 940 672
557 184 727 440
0 44 303 695
294 405 686 930
87 180 611 542
570 749 611 783
529 260 848 926
314 59 345 461
276 526 602 677
707 0 733 152
707 815 764 928
731 235 776 935
219 938 761 942
975 84 979 279
242 369 281 818
693 29 932 883
757 4 858 901
448 541 708 916
500 136 680 775
379 29 491 203
128 370 729 457
539 245 638 873
738 298 997 867
402 523 882 659
352 719 698 873
342 136 827 744
822 452 859 719
6 201 891 861
327 484 382 993
40 399 254 804
588 33 862 690
665 247 788 320
595 668 878 791
328 569 753 831
10 576 406 605
205 501 460 820
738 681 946 685
59 266 261 616
730 131 832 767
264 12 581 384
322 41 716 365
433 744 794 858
312 319 614 928
269 202 773 823
226 78 319 900
371 470 670 949
231 96 713 254
252 527 436 835
218 110 329 507
195 566 688 957
633 431 995 478
216 541 404 820
608 359 890 857
366 446 564 925
501 94 529 462
7 364 331 725
584 33 912 438
127 441 900 932
767 230 993 249
734 823 882 861
232 401 688 966
629 146 923 574
512 15 576 568
66 750 638 986
153 201 938 438
680 235 716 238
445 676 879 927
187 579 976 852
367 244 593 297
199 580 274 918
277 111 722 962
2 778 262 922
107 166 649 737
149 313 554 369
169 582 646 799
791 122 910 180
557 69 876 169
129 861 800 931
374 704 404 856
320 119 841 328
71 333 284 536
95 377 335 875
626 986 815 997
449 386 804 783
70 478 981 836
337 362 367 540
81 122 227 530
638 662 983 931
80 22 202 836
228 470 341 918
379 75 440 811
97 642 999 677
112 341 595 648
402 54 947 780
163 300 320 894
754 56 853 866
11 54 671 112
424 490 899 585
418 10 874 992
312 21 511 803
158 85 188 974
192 122 601 414
396 239 819 906
89 535 311 978
109 243 113 440
497 548 522 714
712 807 877 953
371 441 478 559
470 206 537 734
288 445 545 487
465 8 678 487
195 419 978 694
235 11 239 875
936 588 993 744
725 708 949 885
353 590 437 917
410 286 505 346
18 52 663 999
160 2 620 715
467 434 600 916
210 238 987 723
634 92 826 642
235 42 565 125
14 555 860 714
424 346 483 765
198 502 312 602
119 148 843 270
402 48 488 620
191 48 558 972
230 217 597 544
52 296 194 788
125 37 931 355
177 77 829 286
507 41 652 931
590 156 841 549
36 92 560 213
93 173 804 983
286 758 573 972
172 880 813 980
69 160 359 953
409 620 543 831
17 762 353 890
440 195 779 731
117 390 466 897
280 545 476 601
918 317 920 791
801 383 944 719
148 229 888 379
284 272 781 432
501 670 811 861
352 76 717 988
485 703 501 843
138 619 730 623
675 232 818 732
609 103 775 497
806 22 994 31
88 40 516 816
225 433 245 938
15 344 678 830
46 230 612 373
223 562 279 800
353 337 864 928
9 252 179 742
727 678 782 978
120 127 446 511
123 44 404 202
74 186 533 249
298 234 875 344
415 137 776 815
223 358 716 698
109 132 891 211
490 225 913 905
909 241 983 920
73 65 960 381
356 747 992 846
154 544 576 863
643 569 709 967
57 270 177 318
504 226 840 274
615 98 633 442
57 232 509 706
589 378 691 442
242 107 924 819
36 447 417 840
425 49 965 161
416 723 759 745
569 474 707 760
262 44 948 298
651 243 780 572
27 147 421 289
192 370 939 684
87 781 305 854
263 575 556 980
1 148 250 956
762 286 789 620
303 102 986 656
602 236 613 256
273 68 434 387
191 664 667 846
242 468 976 515
847 395 895 966
39 152 220 742
161 319 717 562
67 67 449 140
219 10 631 381
681 348 943 454
568 246 664 752
102 216 665 736
688 780 809 907
662 800 737 803
145 520 883 818
305 344 945 657
121 764 367 783
916 456 938 653
211 413 491 516
110 437 173 933
38 123 440 127
451 59 628 841
534 420 968 907
860 50 895 469
142 593 358 947
227 97 988 870
189 336 316 692
563 26 980 775
79 16 971 741
199 260 266 741
189 7 581 617
155 760 836 971
79 742 965 743
283 383 993 996
327 814 629 858
511 238 848 794
7 124 511 924
611 656 684 865
290 309 982 625
120 644 637 749
59 741 360 776
148 36 844 996
434 507 782 656
329 115 997 829
174 514 576 842
312 682 892 911
259 361 503 829
269 28 863 321
305 143 412 233
23 34 722 279
951 604 962 608
747 727 841 819
346 15 798 369
5 120 169 309
77 484 917 824
211 111 996 171
31 138 65 388
385 646 647 768
431 231 832 863
61 537 246 586
131 305 542 937
425 480 550 617
408 539 743 578
394 198 398 455
803 499 935 580
283 164 831 677
120 441 181 863
572 34 765 510
307 617 520 844
205 58 232 893
174 433 376 875
184 259 439 796
271 16 464 106
206 274 693 763
193 158 368 339
265 266 626 950
849 221 939 765
374 605 566 734
305 401 474 728
506 358 539 383
482 1 718 250
346 246 387 363
634 87 784 716
648 2 831 843
209 305 868 907
782 442 886 746
344 292 510 554
338 84 520 247
391 516 790 786
297 49 828 79
166 365 872 511
594 320 929 438
387 106 938 535
177 165 730 491
583 295 636 435
281 96 603 810
186 361 730 754
198 195 315 736
276 736 384 921
250 123 766 836
215 216 331 705
165 138 755 792
301 580 725 586
338 301 890 640
504 723 911 956
258 53 905 135
123 190 634 922
632 26 847 328
182 78 886 305
128 252 389 950
657 337 867 913
691 603 698 840
79 116 471 817
254 118 543 296
721 363 766 765
42 7 645 51
249 259 544 919
47 440 224 441
163 388 711 869
274 204 649 875
423 789 603 947
775 301 799 527
691 38 854 626
84 118 117 127
202 188 379 576
425 456 941 861
574 58 989 731
469 471 711 850
566 401 575 494
40 241 968 446
300 99 426 769
111 120 733 151
217 107 916 461
5 250 811 826
228 213 239 339
655 523 901 661
430 456 518 809
176 164 796 302
121 49 466 814
329 16 932 809
669 547 944 845
80 544 802 553
313 333 813 376
426 664 669 859
266 10 268 565
310 40 724 754
173 445 798 466
437 230 621 930
88 634 616 750
27 341 856 552
141 531 691 652
299 741 420 792
456 141 896 712
659 593 719 920
761 751 912 941
187 710 886 904
305 870 541 990
381 210 769 334
200 614 931 955
284 839 422 941
504 344 612 886
348 504 414 540
419 226 849 767
82 615 307 750
78 870 211 989
322 707 587 741
1 360 284 715
272 60 812 742
90 279 164 307
410 313 602 764
594 461 714 585
735 470 979 880
345 22 975 969
25 72 295 602
804 347 994 891
169 325 771 866
347 98 835 133
150 885 960 965
80 228 564 412
391 81 421 972
87 514 304 936
67 118 393 147
410 529 826 789
232 151 705 324
708 429 894 539
15 167 826 305
28 590 691 955
152 212 950 281
367 306 863 619
174 37 587 832
365 457 883 655
681 31 771 795
358 483 587 918
2 35 643 897
348 357 825 706
160 112 385 861
327 896 613 957
103 255 434 264
368 171 477 190
56 544 408 931
462 223 990 518
59 10 946 130
113 60 524 513
413 296 748 878
371 374 707 747
363 663 701 836
274 352 603 983
50 915 597 979
35 751 735 759
13 443 34 977
85 276 415 472
379 151 583 566
395 552 999 951
501 39 542 370
106 345 767 502
257 37 856 155
585 208 785 388
259 17 419 762
199 510 266 784
71 51 525 822
23 355 744 712
182 89 195 253
810 284 930 830
467 570 656 629
206 586 459 771
695 257 711 512
64 700 137 883
732 324 951 779
756 511 977 963
277 144 525 474
669 199 992 401
8 290 260 764
512 89 943 387
652 385 734 661
79 939 630 943
28 573 682 764
35 567 494 650
461 172 528 219
16 21 142 784
650 448 732 771
193 470 555 858
686 157 884 536
76 383 545 499
30 68 906 811
114 502 569 686
155 209 744 320
293 840 609 908
486 541 840 641
289 10 521 947
898 0 933 661
280 189 435 320
33 310 817 530
375 219 449 399
359 847 503 966
184 124 579 819
683 795 829 814
583 327 785 982
89 289 567 610
291 139 473 890
466 644 806 709
749 155 818 838
797 385 800 749
667 576 982 958
126 867 264 888
189 538 470 875
69 241 409 766
197 145 899 885
182 741 542 962
637 508 703 834
490 314 703 950
94 583 918 773
667 518 976 855
407 341 656 501
642 474 700 688
27 809 872 951
631 83 881 658
245 105 962 981
195 118 928 570
155 367 867 758
310 269 812 914
13 391 303 644
263 1 881 574
436 144 928 827
136 382 765 599
764 273 957 936
101 401 569 564
168 29 313 547
37 390 42 967
87 238 508 588
134 502 920 655
234 536 836 720
343 282 547 319
184 389 539 680
220 786 631 806
577 606 691 920
377 368 477 641
225 188 256 761
276 355 639 853
691 547 775 972
719 566 807 640
771 370 937 730
428 407 556 499
361 416 912 840
551 169 553 181
45 254 559 521
190 588 798 590
84 727 388 734
331 23 747 971
326 469 494 763
493 137 717 824
29 599 967 848
26 207 218 519
54 297 385 970
139 636 822 982
337 68 799 251
291 394 798 612
395 606 507 983
229 843 279 853
404 676 508 916
173 20 439 540
169 39 392 315
804 265 858 660
737 80 777 893
68 176 307 400
401 215 808 246
40 543 787 793
142 674 974 794
473 190 656 909
152 355 753 615
302 144 516 797
432 313 962 962
558 70 565 830
489 246 799 792
394 684 563 904
158 860 195 869
77 113 658 367
569 286 721 593
156 524 396 666
360 146 870 494
332 414 886 596
478 684 929 760
711 83 741 682
15 144 426 811
524 455 892 517
112 571 278 717
478 337 556 751
683 13 871 620
289 651 825 754
534 537 665 569
118 770 520 910
921 468 998 920
389 164 749 813
201 931 942 982
180 431 406 569
595 508 734 858
251 186 413 538
460 50 984 591
138 0 924 157
663 591 771 651
496 353 963 603
65 179 431 203
146 882 735 994
235 698 597 951
512 274 787 280
142 414 213 767
26 11 595 168
676 121 827 560
3 347 976 912
290 72 536 533
7 526 137 909
92 416 333 447
733 247 938 719
520 409 888 879
287 26 788 32
349 377 453 441
145 138 888 909
894 180 966 718
232 417 430 752
179 319 632 466
502 304 839 647
443 79 908 242
245 176 499 294
286 115 926 466
258 336 662 504
422 312 938 918
101 776 980 965
56 201 689 922
566 334 766 805
62 11 339 993
17 684 238 887
258 421 713 997
142 432 699 578
400 43 683 894
364 165 585 536
29 25 336 925
631 121 877 871
613 301 781 610
363 161 388 559
316 821 343 829
527 17 611 805
156 254 856 370
596 291 703 479
173 395 307 490
388 334 445 984
625 500 816 799
247 123 641 167
125 664 973 851
133 106 668 700
240 146 775 981
322 41 807 385
478 516 506 958
82 588 579 756
565 806 929 849
538 232 574 627
173 64 861 229
146 579 189 594
114 255 892 288
654 49 837 152
665 57 734 978
61 618 400 990
6 224 248 713
375 7 662 741
575 206 721 716
94 707 667 776
78 191 418 654
636 309 788 718
9 79 487 417
328 306 894 964
251 563 903 612
100 337 739 836
138 8 765 466
393 427 604 531
382 133 386 429
550 130 929 319
261 528 728 827
694 30 795 977
29 72 730 144
285 164 608 769
547 396 936 441
343 426 482 628
590 442 750 536
211 49 572 947
979 894 987 921
139 48 162 350
822 259 909 668
112 743 118 801
832 928 944 972
584 599 738 699
67 433 885 450
261 605 808 725
632 179 960 528
601 337 787 668
715 319 831 328
621 515 786 574
371 48 582 289
395 39 592 368
554 379 942 758
304 185 438 254
241 682 560 897
1 194 473 249
247 612 899 818
498 311 633 780
99 495 727 604
198 222 517 465
416 432 980 575
562 964 803 979
748 135 906 347
151 306 514 844
684 273 765 591
632 460 942 545
163 203 879 363
243 502 587 518
134 15 678 23
362 650 575 877
329 788 534 815
76 472 237 713
215 775 242 897
744 489 789 903
328 15 551 297
275 256 473 296
274 530 858 722
160 567 443 771
273 277 804 433
196 600 204 758
590 203 939 469
622 792 746 922
232 554 496 949
713 618 972 942
302 136 835 641
740 630 770 637
139 98 454 670
756 24 793 76
637 93 763 773
62 612 939 980
208 612 227 832
730 624 949 915
108 435 885 941
679 559 836 887
72 437 858 747
768 125 844 747
569 148 963 337
273 159 436 535
215 47 574 993
153 199 734 723
347 49 412 973
384 353 883 595
616 355 866 991
376 479 509 882
809 268 977 278
312 96 517 688
575 27 922 606
975 527 985 620
235 664 351 793
747 739 759 844
220 246 528 365
85 357 834 856
222 290 781 442
230 135 662 546
493 355 836 467
442 300 644 979
502 487 503 732
37 661 373 665
506 236 526 379
91 639 783 950
475 20 680 887
168 561 389 721
534 162 622 286
42 241 976 874
165 138 871 685
700 261 758 694
678 212 789 450
423 74 678 332
512 103 948 906
49 322 912 562
95 697 378 873
571 885 852 986
334 181 979 244
7 539 587 570
669 189 795 240
913 522 919 645
29 353 831 482
467 262 984 864
214 16 929 708
195 235 980 725
397 126 883 223
170 46 244 450
43 177 992 427
149 161 243 394
13 257 668 404
244 551 442 697
130 71 596 158
218 170 436 780
407 484 970 977
243 336 495 676
665 172 778 538
516 768 895 794
61 215 943 884
223 614 368 889
138 147 779 654
89 341 671 506
490 631 532 714
464 192 922 219
91 81 249 195
49 95 76 106
582 621 653 701
68 448 606 809
336 4 615 126
556 435 832 491
56 485 192 754
361 142 498 665
122 255 302 501
78 362 627 440
250 614 776 724
221 430 226 639
646 137 787 744
651 583 862 902
549 638 626 770
420 204 761 418
371 586 828 627
946 23 961 669
198 87 599 201
638 104 643 332
5 158 852 736
684 394 892 407
332 72 386 278
896 912 921 932
658 165 691 990
535 299 908 313
300 676 753 777
579 924 592 962
815 34 836 351
579 472 806 617
182 809 584 998
610 83 777 401
664 259 809 992
66 506 998 610
795 486 938 572
594 233 943 610
844 104 954 472
33 247 305 751
372 137 463 568
3 946 418 997
121 559 163 913
524 70 706 619
254 482 994 614
187 219 829 308
25 549 692 631
267 224 775 398
217 349 357 481
904 676 963 834
220 172 883 956
81 255 190 888
32 459 519 936
35 554 122 916
429 114 685 351
623 816 657 943
69 580 835 700
546 533 957 634
51 129 798 403
746 385 852 894
257 347 980 907
480 375 594 437
522 727 696 804
226 94 423 629
305 83 476 785
292 195 468 604
440 288 886 608
260 98 328 765
21 501 224 676
194 335 869 806
51 795 483 905
191 138 880 313
282 15 467 787
883 542 966 854
254 182 775 502
333 346 843 769
138 362 306 613
483 488 664 680
317 397 538 923
807 733 830 738
21 573 74 828
488 157 874 440
618 328 998 927
122 91 442 456
184 58 388 815
107 600 311 725
210 177 842 555
649 639 998 930
300 2 724 279
653 253 823 306
201 201 854 965
142 604 600 957
6 121 646 805
293 579 433 841
291 434 885 461
430 691 621 739
98 268 114 705
197 54 694 469
566 243 570 664
291 609 819 839
205 566 820 637
322 57 472 802
164 331 380 486
857 38 870 470
46 180 481 210
66 336 115 923
143 673 889 887
301 313 785 444
350 414 499 459
575 414 967 917
863 202 956 849
53 285 391 629
639 437 677 502
632 89 852 399
346 506 464 985
295 141 488 638
126 192 859 750
34 216 119 380
83 688 959 966
859 414 878 961
633 886 745 921
602 325 913 488
138 71 313 295
633 414 978 992
470 623 792 755
65 444 879 555
515 193 851 500
99 390 699 463
601 18 787 452
540 845 864 967
966 244 989 501
378 919 741 979
289 881 783 893
336 721 385 908
36 395 289 766
666 30 746 307
41 223 992 751
161 151 928 549
352 565 440 814
12 226 648 605
601 720 839 754
104 702 170 801
737 232 776 828
460 360 955 529
278 948 382 997
120 87 622 818
171 279 835 900
111 303 715 805
448 42 643 911
711 508 809 591
705 581 802 641
263 284 430 961
173 524 443 893
237 40 986 952
372 7 843 724
640 496 922 877
70 665 315 794
25 158 518 665
6 793 543 894
258 701 462 889
132 296 159 538
21 218 974 363
318 138 759 450
139 469 885 728
238 499 840 886
38 6 243 52
231 40 739 722
325 101 786 716
201 85 417 661
1 645 448 682
512 287 878 853
219 71 453 846
181 606 390 874
803 27 893 960
118 25 119 207
310 311 807 529
382 261 728 787
186 321 674 361
173 380 973 644
58 467 662 677
92 240 981 741
378 471 916 896
362 844 516 950
785 809 806 878
610 535 676 897
123 62 462 394
140 88 335 762
100 201 124 317
155 425 645 737
113 926 369 941
179 133 379 320
330 490 965 837
238 95 624 920
551 331 587 791
627 261 859 409
293 215 394 445
455 424 957 435
37 169 844 352
59 84 409 753
595 231 680 594
559 273 947 618
780 109 840 328
95 359 298 920
830 94 895 992
733 577 918 642
284 807 779 817
4 136 58 598
91 549 292 911
852 519 872 949
173 926 999 967
101 407 224 881
297 278 576 956
631 117 637 421
442 85 911 502
38 840 334 884
278 263 614 456
303 10 567 588
410 17 513 636
308 286 678 668
420 73 954 470
652 488 799 494
486 110 852 794
257 143 455 245
431 446 743 775
192 92 325 800
664 275 887 924
33 163 648 389
23 158 187 530
233 162 601 249
799 207 977 698
238 135 913 823
159 471 728 958
198 659 651 876
160 87 923 627
739 681 985 900
389 213 884 306
307 750 713 929
84 69 857 473
782 115 787 866
68 230 708 247
211 503 936 934
110 861 629 892
881 220 936 445
129 189 927 894
344 314 748 323
541 592 750 670
418 62 483 627
238 584 266 817
655 423 729 649
50 48 990 234
504 902 641 906
207 187 412 206
84 143 231 415
129 367 605 985
207 302 665 535
352 498 734 865
476 460 577 683
115 595 219 665
802 17 847 155
132 363 919 366
696 24 869 193
46 469 316 563
200 532 874 987
88 498 674 600
422 75 573 118
512 286 803 666
336 80 971 111
508 545 581 607
648 362 964 874
339 542 558 987
307 25 869 238
369 219 867 810
3 531 920 848
643 36 835 525
254 968 293 976
692 58 743 687
446 578 564 771
382 59 459 988
380 104 964 568
954 557 961 891
119 523 340 887
236 529 444 890
727 346 779 854
455 649 846 692
179 291 934 753
272 349 919 351
47 50 205 217
418 23 634 874
673 832 918 852
123 204 605 284
106 132 634 779
461 93 894 191
259 27 627 72
211 729 251 905
131 665 210 743
149 146 175 792
560 83 675 624
536 72 680 895
48 295 755 522
86 55 212 572
92 97 798 980
364 871 481 879
172 236 496 650
26 285 273 390
118 56 396 336
211 327 987 535
66 393 372 759
448 778 752 805
682 509 736 599
319 284 860 584
184 220 366 866
81 102 466 401
215 750 899 768
766 57 982 250
115 264 887 853
76 377 799 472
269 156 920 596
15 51 196 443
442 319 660 901
13 475 205 938
22 484 306 592
672 61 740 320
345 359 698 807
116 108 688 891
35 372 718 707
333 428 903 479
675 330 991 398
202 22 371 445
634 654 768 659
127 159 868 206
272 447 633 918
554 733 780 829
427 612 716 738
135 485 542 659
350 478 624 639
11 685 200 991
380 32 877 807
782 440 791 541
624 530 868 974
198 240 421 547
537 319 679 320
675 397 797 683
9 159 26 547
830 57 867 941
301 130 514 181
694 339 702 447
77 346 996 468
570 772 804 847
335 827 866 926
542 69 617 853
733 244 956 355
1 51 348 207
461 154 639 618
684 601 718 686
418 132 576 897
32 367 696 532
640 286 899 700
304 296 725 706
154 338 485 794
412 506 547 655
54 25 836 44
278 250 341 332
627 178 729 478
401 824 671 916
