14
2 1 1
88.5 107.9
88.5
88.5 107.9
11 3 3
89.9 90.1 90.5 92.3 93.7 94.9 95.3 96.7 97.5 98.3 101.1
92.3 94.9 97.5
89.9 101.1
101.1 92.3
94.9 90.1
92 14 86
88.1 88.3 88.5 88.7 88.9 89.1 89.9 90.1 90.3 90.5 90.7 91.1 91.3 91.5 91.9 92.1 92.3 92.5 92.7 92.9 93.1 93.3 93.5 93.7 93.9 94.1 94.3 94.5 94.7 94.9 95.3 95.5 95.7 95.9 96.1 96.3 96.5 96.7 96.9 97.1 97.3 97.5 97.7 97.9 98.1 98.3 98.5 98.7 98.9 99.3 99.5 99.7 99.9 100.1 100.3 100.5 100.7 100.9 101.1 101.3 101.5 101.7 101.9 102.1 102.3 102.5 102.7 102.9 103.1 103.3 103.5 103.7 103.9 104.1 104.3 104.5 104.7 104.9 105.1 105.3 105.5 105.7 105.9 106.1 106.3 106.5 106.9 107.1 107.3 107.5 107.7 107.9
88.5 89.1 89.9 92.9 93.1 93.9 97.3 98.3 101.1 102.3 102.5 104.3 105.7 106.1
96.3 107.9
91.9 101.1
100.1 96.3
88.5 97.3
93.3 106.9
107.9 88.9
88.5 101.9
89.9 98.5
97.7 96.1
93.7 94.3
106.3 103.9
90.3 93.3
98.9 102.1
101.3 101.5
99.9 90.3
88.1 97.1
104.7 105.9
90.3 102.5
103.3 105.3
93.7 104.5
101.9 106.9
98.1 101.3
93.3 90.1
95.9 97.7
91.5 90.7
101.3 96.7
97.3 105.9
95.9 102.7
93.3 103.5
90.7 89.1
105.9 94.5
107.5 96.7
95.5 99.5
100.7 101.7
89.9 99.9
100.3 102.7
95.5 92.3
99.5 105.9
100.3 93.1
99.9 105.9
95.5 102.1
107.1 96.3
94.1 103.3
90.3 102.3
88.1 99.9
90.1 96.3
94.1 103.9
93.1 107.9
94.7 92.3
92.7 96.1
101.1 88.3
99.5 99.3
99.7 97.5
98.9 104.5
104.3 97.9
93.3 99.5
98.3 105.5
104.5 91.9
99.7 96.1
100.3 100.7
106.3 90.5
107.5 88.5
94.3 90.5
97.5 89.1
96.3 106.9
91.5 96.9
103.3 105.9
96.5 102.3
105.7 96.3
93.5 92.5
90.7 94.5
107.9 102.1
105.5 105.1
101.3 102.7
98.1 90.7
100.7 105.3
90.1 97.5
101.5 95.3
88.3 101.7
102.5 94.3
102.1 94.5
107.1 101.5
105.5 97.3
96.3 98.7
94.3 99.3
99.7 107.5
24 15 44
88.3 88.7 90.3 91.3 93.1 94.9 95.1 96.7 97.1 97.7 98.3 98.5 100.3 100.7 100.9 101.5 101.9 102.1 102.9 103.9 104.5 105.3 105.9 107.1
88.3 88.7 91.3 93.1 94.9 95.1 97.1 98.3 98.5 100.7 101.5 101.9 102.1 103.9 104.5
105.9 88.3
100.3 98.3
105.9 100.9
105.9 100.3
91.3 88.7
102.9 98.5
88.7 98.3
91.3 90.3
93.1 100.7
103.9 102.9
97.7 98.3
90.3 97.7
98.5 96.7
98.5 88.7
100.7 101.9
101.5 91.3
107.1 105.9
88.3 98.5
90.3 101.5
105.3 100.9
100.3 104.5
100.9 96.7
98.5 97.7
102.9 97.7
100.7 101.5
96.7 97.7
107.1 103.9
93.1 101.9
90.3 105.9
101.9 105.9
93.1 102.9
97.7 88.7
90.3 98.3
91.3 102.1
105.3 104.5
93.1 102.1
88.3 97.7
95.1 100.9
100.3 97.7
100.3 104.5
88.7 98.5
91.3 98.5
97.7 102.9
97.7 95.1
11 6 21
90.9 93.1 93.7 95.1 97.9 98.9 99.3 101.1 103.1 104.3 107.9
93.1 95.1 98.9 99.3 101.1 107.9
101.1 95.1
93.7 107.9
93.7 97.9
95.1 107.9
99.3 98.9
98.9 107.9
101.1 103.1
95.1 93.7
93.1 101.1
103.1 90.9
97.9 103.1
93.7 98.9
107.9 98.9
98.9 93.1
101.1 104.3
99.3 101.1
104.3 103.1
107.9 99.3
97.9 90.9
101.1 104.3
93.7 107.9
100 65 53
88.1 88.3 88.5 88.7 88.9 89.1 89.3 89.5 89.7 89.9 90.1 90.3 90.5 90.7 90.9 91.1 91.3 91.5 91.7 91.9 92.1 92.3 92.5 92.7 92.9 93.1 93.3 93.5 93.7 93.9 94.1 94.3 94.5 94.7 94.9 95.1 95.3 95.5 95.7 95.9 96.1 96.3 96.5 96.7 96.9 97.1 97.3 97.5 97.7 97.9 98.1 98.3 98.5 98.7 98.9 99.1 99.3 99.5 99.7 99.9 100.1 100.3 100.5 100.7 100.9 101.1 101.3 101.5 101.7 101.9 102.1 102.3 102.5 102.7 102.9 103.1 103.3 103.5 103.7 103.9 104.1 104.3 104.5 104.7 104.9 105.1 105.3 105.5 105.7 105.9 106.1 106.3 106.5 106.7 106.9 107.1 107.3 107.5 107.7 107.9
88.5 88.7 89.1 89.3 89.5 89.9 90.1 90.3 90.5 90.9 91.5 91.9 92.1 92.3 92.5 93.1 93.3 93.5 93.9 94.5 94.7 94.9 95.1 95.3 95.5 95.9 96.1 96.3 96.5 97.1 97.3 97.5 97.7 97.9 98.1 98.3 98.5 99.1 99.3 99.7 100.1 100.5 100.7 101.1 101.5 101.7 102.3 102.5 102.7 102.9 103.3 103.5 103.9 104.1 104.3 104.7 104.9 105.3 105.5 106.3 106.5 106.7 107.1 107.3 107.5
103.7 107.1
89.5 101.7
88.5 94.7
98.5 94.1
89.5 102.7
103.7 95.9
97.1 93.5
104.9 89.5
101.1 88.9
106.5 96.1
101.1 90.7
99.5 91.7
88.3 89.5
98.3 88.3
99.5 89.5
95.7 105.7
89.1 102.1
91.1 89.7
90.3 95.9
100.7 97.3
88.3 95.5
96.3 93.5
104.7 94.9
102.1 93.1
92.5 103.7
107.7 94.9
94.1 96.1
98.3 96.1
98.7 88.3
91.7 96.3
93.3 88.9
90.1 88.5
96.7 107.5
88.5 91.3
99.7 94.3
97.3 103.5
92.7 107.5
98.7 103.3
97.5 98.9
104.5 89.7
103.5 98.9
94.9 100.5
104.9 88.3
89.3 91.1
103.1 88.3
93.5 90.5
89.5 102.9
88.5 102.5
93.1 99.5
94.5 94.3
88.5 101.1
89.5 95.5
100.9 93.7
2 1 49
95.3 98.9
98.9
95.3 98.9
95.3 98.9
95.3 98.9
98.9 95.3
98.9 95.3
98.9 95.3
98.9 95.3
95.3 98.9
98.9 95.3
98.9 95.3
98.9 95.3
95.3 98.9
98.9 95.3
95.3 98.9
95.3 98.9
98.9 95.3
98.9 95.3
95.3 98.9
95.3 98.9
95.3 98.9
95.3 98.9
95.3 98.9
98.9 95.3
98.9 95.3
98.9 95.3
95.3 98.9
98.9 95.3
98.9 95.3
95.3 98.9
98.9 95.3
95.3 98.9
98.9 95.3
95.3 98.9
95.3 98.9
98.9 95.3
98.9 95.3
98.9 95.3
98.9 95.3
95.3 98.9
98.9 95.3
95.3 98.9
95.3 98.9
95.3 98.9
95.3 98.9
98.9 95.3
98.9 95.3
98.9 95.3
98.9 95.3
98.9 95.3
9 7 65
89.5 90.3 92.1 94.3 96.9 100.3 101.1 105.3 105.5
89.5 90.3 92.1 94.3 96.9 100.3 105.5
89.5 96.9
94.3 100.3
89.5 105.3
101.1 96.9
105.3 92.1
105.5 105.3
89.5 105.3
90.3 105.5
100.3 101.1
100.3 92.1
96.9 100.3
105.3 92.1
90.3 89.5
105.5 101.1
90.3 100.3
94.3 101.1
90.3 100.3
92.1 94.3
96.9 92.1
89.5 96.9
92.1 94.3
94.3 105.5
89.5 100.3
96.9 105.3
90.3 94.3
90.3 89.5
96.9 105.3
105.3 90.3
105.3 92.1
105.5 92.1
96.9 89.5
96.9 100.3
94.3 105.5
100.3 94.3
101.1 90.3
105.5 96.9
100.3 92.1
94.3 92.1
89.5 92.1
105.5 92.1
92.1 89.5
92.1 89.5
94.3 100.3
96.9 101.1
101.1 89.5
96.9 105.5
101.1 92.1
96.9 105.3
101.1 105.5
92.1 96.9
90.3 92.1
101.1 94.3
96.9 94.3
89.5 92.1
89.5 92.1
105.3 89.5
100.3 105.3
90.3 92.1
89.5 92.1
105.5 100.3
105.3 96.9
90.3 89.5
105.5 94.3
100.3 101.1
92.1 90.3
7 6 29
90.9 92.1 98.5 104.5 105.3 106.7 107.3
90.9 92.1 98.5 104.5 105.3 107.3
106.7 104.5
104.5 90.9
107.3 92.1
98.5 104.5
104.5 92.1
98.5 105.3
105.3 107.3
92.1 106.7
106.7 90.9
92.1 105.3
90.9 104.5
107.3 105.3
92.1 106.7
90.9 92.1
104.5 106.7
92.1 104.5
107.3 92.1
90.9 98.5
107.3 106.7
92.1 98.5
106.7 98.5
105.3 92.1
104.5 106.7
90.9 98.5
105.3 106.7
106.7 92.1
105.3 90.9
106.7 107.3
107.3 106.7
3 3 11
91.5 94.5 103.9
91.5 94.5 103.9
94.5 91.5
94.5 103.9
94.5 91.5
94.5 91.5
91.5 94.5
91.5 94.5
91.5 103.9
94.5 91.5
91.5 94.5
94.5 103.9
103.9 91.5
3 3 9
90.5 99.1 102.7
90.5 99.1 102.7
102.7 90.5
90.5 99.1
99.1 102.7
102.7 90.5
102.7 99.1
102.7 99.1
90.5 99.1
90.5 99.1
90.5 99.1
3 3 9
94.9 96.1 103.1
94.9 96.1 103.1
103.1 96.1
94.9 103.1
96.1 103.1
103.1 94.9
94.9 103.1
94.9 96.1
103.1 94.9
103.1 96.1
103.1 94.9
100 1 98
88.1 88.3 88.5 88.7 88.9 89.1 89.3 89.5 89.7 89.9 90.1 90.3 90.5 90.7 90.9 91.1 91.3 91.5 91.7 91.9 92.1 92.3 92.5 92.7 92.9 93.1 93.3 93.5 93.7 93.9 94.1 94.3 94.5 94.7 94.9 95.1 95.3 95.5 95.7 95.9 96.1 96.3 96.5 96.7 96.9 97.1 97.3 97.5 97.7 97.9 98.1 98.3 98.5 98.7 98.9 99.1 99.3 99.5 99.7 99.9 100.1 100.3 100.5 100.7 100.9 101.1 101.3 101.5 101.7 101.9 102.1 102.3 102.5 102.7 102.9 103.1 103.3 103.5 103.7 103.9 104.1 104.3 104.5 104.7 104.9 105.1 105.3 105.5 105.7 105.9 106.1 106.3 106.5 106.7 106.9 107.1 107.3 107.5 107.7 107.9
101.1
88.7 93.1
101.3 103.3
90.3 102.1
101.7 102.9
97.3 101.5
91.1 90.5
95.5 104.1
107.9 104.3
98.5 107.5
106.5 103.1
88.7 97.7
95.7 102.9
88.7 93.7
92.3 107.5
104.7 94.7
101.5 92.7
102.1 103.1
96.9 105.1
97.9 96.3
91.7 98.7
97.5 90.9
96.3 96.7
95.5 104.3
105.7 104.5
101.1 90.7
99.1 92.9
88.9 103.1
101.1 91.7
100.5 98.9
89.3 94.7
103.9 98.9
103.7 101.3
98.5 99.3
91.3 91.7
98.9 96.7
96.9 106.3
97.5 97.3
92.7 103.3
105.1 96.3
88.7 91.9
88.3 100.9
100.9 107.3
91.9 96.1
99.5 89.1
93.1 103.3
101.1 105.9
99.9 96.9
107.1 89.9
101.3 100.9
98.3 107.3
101.7 103.1
103.7 94.3
92.9 93.9
95.9 100.3
89.5 107.5
94.9 90.7
99.5 91.5
102.1 88.1
102.9 98.3
91.5 105.1
90.7 96.9
107.9 102.7
98.5 101.9
103.9 94.1
107.7 89.1
89.5 94.7
93.1 88.3
101.1 107.3
99.1 99.9
100.9 99.1
90.9 93.1
105.9 95.3
96.7 100.7
97.5 92.1
88.5 101.3
90.7 97.1
98.7 106.9
94.1 89.9
96.3 94.3
96.5 105.5
102.5 106.1
96.9 104.1
97.3 105.7
90.1 99.7
98.7 90.3
103.5 90.3
96.3 98.9
94.1 91.3
91.1 90.7
107.9 106.7
90.1 97.5
101.1 99.5
91.5 92.9
104.1 103.7
96.3 97.7
106.3 97.1
97.9 106.3
99.5 91.9
100 1 100
88.1 88.3 88.5 88.7 88.9 89.1 89.3 89.5 89.7 89.9 90.1 90.3 90.5 90.7 90.9 91.1 91.3 91.5 91.7 91.9 92.1 92.3 92.5 92.7 92.9 93.1 93.3 93.5 93.7 93.9 94.1 94.3 94.5 94.7 94.9 95.1 95.3 95.5 95.7 95.9 96.1 96.3 96.5 96.7 96.9 97.1 97.3 97.5 97.7 97.9 98.1 98.3 98.5 98.7 98.9 99.1 99.3 99.5 99.7 99.9 100.1 100.3 100.5 100.7 100.9 101.1 101.3 101.5 101.7 101.9 102.1 102.3 102.5 102.7 102.9 103.1 103.3 103.5 103.7 103.9 104.1 104.3 104.5 104.7 104.9 105.1 105.3 105.5 105.7 105.9 106.1 106.3 106.5 106.7 106.9 107.1 107.3 107.5 107.7 107.9
106.7
102.1 92.5
100.1 90.7
91.5 101.1
99.7 103.1
103.9 90.3
95.1 89.7
89.7 99.1
95.7 100.9
91.7 98.7
91.5 101.5
98.3 93.3
99.7 93.5
102.3 97.5
104.3 96.3
102.3 89.9
97.7 99.9
90.5 89.7
106.5 90.9
92.9 104.5
94.7 106.3
106.5 102.1
96.3 93.5
90.3 96.3
103.5 92.1
95.9 97.5
92.1 107.9
100.3 101.1
104.3 96.1
106.7 90.1
105.3 100.3
98.5 90.3
89.9 92.9
95.9 104.5
100.1 98.3
99.3 107.9
94.9 96.3
107.5 93.5
93.1 107.1
103.7 93.5
100.3 94.7
89.9 91.5
104.5 99.5
103.1 107.3
107.9 99.5
93.3 93.7
88.5 104.3
97.5 94.3
101.7 98.3
96.9 104.3
94.1 107.7
96.9 92.5
88.1 92.5
94.5 88.3
100.3 94.7
99.9 102.9
97.9 100.7
101.9 100.3
93.5 106.7
107.3 101.5
96.9 96.1
94.5 94.7
92.9 103.5
95.7 100.9
94.7 91.5
107.9 104.1
100.3 102.7
100.1 91.3
107.5 90.1
100.7 101.5
100.1 101.1
88.5 103.3
94.7 102.9
100.5 99.9
97.1 94.5
92.5 91.5
95.1 92.3
90.5 95.7
107.7 91.9
88.9 107.1
103.3 98.7
107.9 96.3
102.5 106.7
96.9 102.3
103.3 95.5
98.3 99.1
104.7 101.3
107.7 95.5
105.1 93.7
91.1 98.9
98.3 103.5
93.1 106.5
95.7 102.1
94.1 95.5
104.9 103.9
93.1 95.9
106.9 101.5
98.5 103.5
89.7 101.1
94.5 94.1
104.7 106.7
