200
13339 17934 324
13549 13893 908
11442 20504 1208
2904 913 1175
7302 14944 1103
1004 361 1662
1101 14526 922
12327 7050 382
3939 16796 953
13445 11311 1847
14680 16002 388
16032 4552 771
17203 7346 391
3560 10250 2027
11252 17553 1987
3440 18557 2161
11048 11010 229
9148 23337 1890
18554 2277 798
18363 7074 2083
8342 21754 1696
16254 4139 329
20764 21342 2205
20777 24902 1006
21704 11154 1200
12575 5946 1597
20160 16994 1050
8623 1142 1949
20488 19696 2199
24149 4412 1883
21825 12754 1797
19151 20360 1518
12382 16124 1955
12959 11902 561
23786 8606 3
2167 12534 1411
6809 24046 1148
6109 7669 163
11451 3157 1099
19070 18658 385
8764 15483 1385
11564 986 733
18503 13368 691
5432 1327 1677
24967 16466 421
14304 18633 1943
17292 16794 1616
12275 14255 1186
8400 707 280
15573 19777 1213
2159 19893 1542
17850 6457 700
3902 24960 535
22431 21744 1758
2861 21711 1597
16898 2368 506
9821 19660 82
1790 23287 2147
17780 6687 1089
3279 13613 624
7436 7124 1145
18428 24974 1413
21759 20229 1456
13458 17660 218
6484 11873 2042
7329 20124 887
18158 4945 1198
20782 23088 1862
12661 15868 31
5247 10500 2078
8962 17936 107
7571 2717 776
12638 24476 291
9017 12934 115
2140 10770 408
8327 9451 846
16882 2610 363
20098 23392 574
12953 11053 1173
3847 7652 1695
8355 16614 319
19986 15538 874
22944 19528 281
12483 3545 1338
11034 22037 1302
5107 5365 255
10655 22247 219
21149 8697 2048
21083 13002 329
3238 16850 1448
20892 205 757
22835 20191 1665
2495 9488 1805
22983 13323 1141
22757 24358 1409
8302 4465 870
19650 15120 436
8608 2622 2053
20958 15057 1563
19361 18295 1262
16768 5540 1736
22141 3375 1576
18053 22223 1557
24844 11558 478
1533 9316 718
259 8970 1939
4350 19972 462
22040 3580 429
14780 24538 151
4171 18899 1574
1763 2019 349
24561 15512 2092
254 24917 1635
19083 24762 776
17587 1295 106
15450 1554 1674
9129 22256 1980
17929 19296 1243
12055 429 765
4887 4600 104
23718 22715 2250
6737 13628 1917
835 13882 26
805 24317 2161
3685 8257 412
15881 23707 1460
3399 7836 157
10889 17118 1465
5607 4173 649
16215 412 789
12074 24130 139
1304 22219 434
6046 23055 1735
10706 15212 1096
15128 18897 2006
12197 1130 2174
2172 4529 2048
14403 15418 2089
12283 12377 463
10591 19944 1849
4852 23370 1801
21828 16026 670
18784 22072 547
20975 7779 59
22484 14259 728
7249 17809 422
7074 19981 44
14735 737 1599
5866 13020 1804
8874 23611 2170
20943 19815 563
14847 16643 2242
22322 1780 843
19204 14107 1665
6298 11591 105
12289 10193 329
10762 17267 42
5116 23354 1665
6240 20572 645
19741 4446 2158
19538 16742 1720
17705 6589 1735
23250 20263 1144
867 14467 165
2616 20765 1413
18624 24406 850
2441 1520 2168
22591 22988 2143
9831 4228 601
10090 23969 268
313 9859 1502
10352 18916 61
3386 17166 395
23200 9385 1559
23473 12001 578
10338 21977 468
7396 24418 880
13073 13362 366
17104 23193 2042
16707 24635 1669
4405 24949 671
16548 1653 382
10281 5039 10
24276 19591 424
19091 18064 1771
1022 19755 1895
7360 2151 1123
6569 6577 270
12415 23681 230
5192 15389 157
21939 11146 2208
14896 2694 2061
1770 12975 2222
22161 3604 55
1938 22695 1022
10069 15069 494
15177 22429 838
11055 3999 1958
20296 7766 725
19081 12958 775
