40
14383 5886 199
11915 22793 2239
10386 10492 445
16421 2362 4109
18690 20059 1623
13926 5540 1640
14172 5736 1481
20368 2567 4509
15782 21530 4080
15123 24067 2431
13929 4802 5036
23058 8069 3065
11393 18456 1059
3042 1229 1623
9421 19919 1880
23537 198 1516
23315 14370 1361
3526 1091 4412
9956 16873 4036
24170 6996 2727
2305 20925 1646
11327 10336 4435
846 21729 281
857 16124 727
19582 545 1068
8367 15434 5020
19043 13750 3557
1808 17276 3920
20788 18584 2971
2651 17754 1179
24932 20060 852
18368 22739 2190
11226 23586 1354
22539 15795 3850
1434 10378 3663
16601 10097 1402
23317 20492 2752
10756 22301 3116
24286 9441 2959
4689 3444 281
