100
5857 18627 806
11886 14214 1441
18512 20090 3033
9479 9610 766
16189 2274 824
22641 6620 1314
23987 2888 3010
24566 12770 1864
6856 15417 897
22260 849 602
7205 23059 2141
23518 9945 132
11873 3458 1406
17637 4289 1843
1607 20478 3180
24314 9471 840
16100 8459 1604
14438 8025 2463
8074 6233 2722
8681 3493 1950
270 10699 1189
1839 569 1996
17622 3794 2920
19847 21431 2587
6682 14390 491
20791 5057 2409
16521 21157 2689
6491 1947 274
9231 10021 2651
18740 10054 2345
4098 10325 2680
12516 3516 1261
22231 21139 2699
10404 7338 487
19218 14021 1761
14862 9812 1038
19977 17685 2771
24904 24176 429
4207 24759 2310
14744 18499 2877
20127 13950 2765
2560 17818 1007
10563 15049 842
13711 16805 599
13291 2375 2060
18614 8589 2065
3993 19918 1515
1882 19822 1954
1717 24030 2766
11574 5126 211
6486 253 2702
3074 2814 1857
3179 13377 2811
15775 2088 2175
10710 6732 2505
11017 346 1184
21137 20691 559
23943 22573 182
925 24291 326
19018 2217 441
21963 55 2905
13858 3130 825
23571 22661 1896
14685 4789 2415
22604 6851 2870
24250 17868 1883
9485 14006 462
14639 12949 1439
5967 5226 2044
12677 15596 1386
15865 12560 2372
2955 17770 1398
9211 16342 2672
20196 22379 633
8270 19984 2314
19427 19234 172
22283 20072 2737
20830 1063 1859
16950 7030 2755
3714 11059 1821
9047 1924 2406
14435 21232 934
22954 5443 2402
20486 640 49
14159 262 2451
14683 11041 2572
16723 8324 1597
24122 4154 54
10821 12457 1326
2747 16171 2600
10269 218 1055
21703 14653 2858
907 3959 2463
12806 15797 1767
22084 21308 15
17698 10991 78
23898 2715 699
171 18189 2342
2506 4010 43
3224 23109 2280
