130
15000 8378 2430
20053 5081 199
21338 5989 1471
3067 10147 1134
1787 7231 2784
17122 16281 2403
9850 15179 2377
2254 15350 1940
23813 17857 2769
24181 21081 953
15720 2433 1733
15181 22487 2127
4296 18825 697
13722 21892 1009
5297 15032 1851
18181 23506 289
17057 24708 2671
9999 1962 2650
12483 776 2363
18977 16309 1360
14932 23382 2384
19266 13563 1611
3682 9211 196
19086 14285 2646
10990 19583 625
1476 4116 611
16892 12525 2469
13839 22525 2437
1136 1360 1402
22643 20337 796
6582 1621 2788
17955 20888 1861
1815 24570 549
20853 10008 795
11783 12350 1402
9097 13827 14
21269 22071 1366
8149 10910 364
5639 3398 1755
11610 17393 361
8890 23976 2750
4552 16931 2707
13777 10099 2360
23566 5952 547
22641 17735 612
16298 18184 2072
21776 5805 77
23428 13954 579
5308 19593 614
22197 22555 2547
774 6445 264
22325 10997 1763
23412 16127 235
15421 14693 1964
17439 12334 1649
23159 19985 2722
1354 16761 180
17972 6541 2580
11852 11850 1606
482 399 1466
15154 1173 1099
11506 14851 484
24790 13263 1484
23172 20037 2789
18859 3828 1912
7280 1987 1205
21590 3341 1156
352 12665 2656
18069 24517 931
13083 16351 1491
14300 6506 943
4667 9364 2510
6032 9154 952
14875 23679 1437
13412 17538 2179
15636 16170 983
12844 12760 395
1814 4465 492
22326 13886 2801
21039 1969 2323
20152 7621 2078
11790 12289 2804
9631 9673 2511
20735 24548 48
1877 4313 2046
3198 19949 348
15155 7793 11
13156 960 1214
23823 23286 1872
358 10677 2643
18245 22181 327
8990 323 1638
9100 9954 2394
18364 22042 325
17659 23919 2448
844 18469 1307
16551 24976 2336
20019 13133 604
19304 11956 2048
7475 3666 2460
13967 21912 49
11729 5902 2322
13131 15002 85
24207 24718 2713
1183 17377 889
7472 9573 2407
62 1125 302
16797 12496 1059
18141 23153 2363
474 21980 1876
18485 10948 2394
30 14029 1329
6898 2160 539
6424 17719 674
11641 18902 1784
23480 17726 299
3789 9140 2657
17723 938 1396
2493 10431 62
24220 10905 1001
24613 4391 1243
13270 4421 1589
7829 2671 1345
8743 9095 2430
18024 12088 505
2386 10569 823
4969 5710 1886
30 23433 1363
7587 17279 2192
4649 16499 1755
