150
7339 7464 810
12330 12086 2213
6349 19915 748
18881 20011 2582
24133 4387 2
23287 6773 1823
6519 11742 2416
15244 3124 101
16259 2063 1470
11353 6712 1497
8705 5404 1053
1799 17734 2303
24315 15435 2301
15853 669 372
16487 24802 799
20562 23089 326
10205 20960 878
21911 2557 1911
23403 18816 344
821 21522 201
2443 21579 1745
11528 23378 2295
7700 14045 16
23787 4899 1353
17589 21386 1699
24426 16948 2454
13036 18506 587
21092 15417 1600
15921 13820 210
4166 5994 1562
24123 8437 357
24484 11317 1020
8931 19017 2535
165 9156 1038
17069 1745 111
17422 1171 1755
23569 5559 1567
676 1652 1349
5340 8925 1201
20172 13091 981
6527 3566 2186
5812 3050 1642
12124 3333 37
15186 3499 674
6794 20568 1309
11141 4342 1129
7437 19263 2072
13590 19939 1790
1513 16631 1194
3257 11804 13
2346 9683 1064
1225 15495 1862
11421 18972 2090
15634 9158 763
20356 15952 2235
10472 18446 363
18111 883 217
22661 5825 2382
20216 7339 1618
10344 10596 1748
21267 4294 721
10757 5519 894
19650 8292 2288
6876 15279 596
13953 10635 471
16598 21107 2023
14937 5570 166
7540 19584 1695
20083 14800 2118
15609 16496 1636
22939 12763 1231
6304 14873 1474
5164 9523 1395
14349 7751 30
16339 21704 1667
16986 13302 775
11079 19591 1095
22407 18484 2087
14561 4919 1313
14053 20528 967
15494 9819 2063
12581 16123 1436
15187 12639 949
17438 1988 78
1320 9680 586
4486 18018 480
11463 4098 123
24010 1505 1347
6142 16066 2306
19425 21472 390
7853 11966 1575
16748 24547 740
15516 6086 394
15159 14877 1210
22553 16197 558
18003 12035 523
18107 23498 1513
4154 13861 466
17334 20003 1693
1784 14428 2083
6763 13633 1659
21560 5381 1652
10185 20897 922
20097 2408 251
23349 16313 1283
2634 9316 456
8585 18775 547
9986 22930 1650
12892 6616 625
14569 24752 785
21366 6515 485
22833 19428 786
23847 4613 2512
22300 16062 1382
10629 5763 1704
6508 8397 2448
5775 16982 1868
3540 18320 1700
6518 22565 1678
4499 12134 1494
16908 24853 1540
9303 22686 162
23432 21534 2329
24810 18834 593
3596 20815 1778
23696 2324 1830
19465 24451 656
361 19343 2385
4187 861 640
5981 5360 728
23879 13620 1119
23293 22924 1858
17135 12708 1982
6942 3870 800
4163 7466 2177
23500 22515 2169
1234 8332 2232
20950 8693 1913
339 12880 1248
2293 10213 1862
16382 444 313
5323 23738 2313
16951 15873 1807
16465 14168 1307
9813 9683 581
23977 24535 334
15464 769 2400
14107 13072 1805
15740 13411 1863
9587 7057 1638
