175
8793 23439 1641
21620 20114 1951
7371 3418 216
13534 19883 24
23567 4697 360
16067 3674 815
22433 10490 1377
12132 15949 269
10523 6690 12
13147 7629 1589
17335 16422 2180
21968 13043 455
339 11766 1345
10936 16653 1060
2052 15220 1117
19204 6287 1863
19540 3721 1926
11997 7205 1507
8878 17728 169
19170 22227 2058
11520 14563 1101
18660 2883 1536
12267 3223 922
9292 5511 755
17553 7563 1528
21862 1768 215
21198 12660 1828
22376 16009 133
14503 24887 194
4673 19057 1241
18823 21929 336
8044 6942 1540
18012 19209 2115
14747 19854 2126
3134 3759 1901
6742 16973 1801
16638 13171 373
12958 1899 1262
16484 7755 201
4090 3780 1891
13923 22603 660
13320 22000 1262
6952 15012 1884
3807 4759 1298
22525 7894 717
15158 14636 1410
9560 22626 554
7973 1937 225
13748 18421 1780
19409 13863 700
1832 2786 1464
14833 7458 636
1127 14410 1868
6631 9569 1548
23341 23446 734
2458 13605 650
14901 23165 1969
6867 22490 1526
732 11238 2179
18705 22000 1702
15457 23832 1488
18461 5017 2027
1169 22497 169
7538 4128 299
10018 2470 5
20392 21280 1342
11754 2533 967
743 9400 2130
8021 1485 948
8720 20190 500
14634 10647 105
6983 20461 574
23142 21630 751
20063 20520 100
1554 5538 222
6492 930 1682
34 12685 1508
8094 4780 2368
13644 12802 105
21784 21522 1187
1925 11157 1475
13602 9492 468
5296 23986 1070
10840 19049 311
20512 11956 2309
7654 18448 692
7428 18482 797
1088 1576 57
12797 15220 2419
8694 12005 534
24782 5282 943
17869 10236 295
6417 6884 1073
24299 17724 874
21350 13236 150
15292 12242 1478
10164 11023 1361
17721 12111 1069
21410 16260 10
12902 24955 2007
916 16089 301
16439 8958 2257
7806 15375 1341
14511 14674 878
15265 2377 966
2976 17669 1981
9134 2833 916
127 11906 1699
17697 8316 1860
16839 12570 1807
2986 13486 308
10767 21277 1106
20136 20435 133
20037 9946 879
20367 212 1236
8934 19540 1397
1095 3674 1750
20631 3802 1128
18630 12851 1705
24242 4690 1667
21161 7676 1094
9169 9795 1383
6135 4931 411
1180 16320 1517
10900 11688 1041
22996 11974 1401
19114 13069 1808
9416 52 1202
11625 18682 653
13502 9277 323
2949 21790 2371
22235 5960 2106
12799 3447 2089
6502 4628 1089
18799 15528 289
14013 4876 503
3766 23990 1444
22194 24759 1456
10776 11384 2391
12209 16238 1420
9684 10539 350
14835 7775 1910
4781 11926 250
7362 18428 38
1264 3579 38
6853 8944 1334
15769 12711 637
4105 1257 2116
1142 12034 2212
24565 15595 210
7265 16632 349
3107 6467 1456
13558 2601 2342
10160 9963 1302
20038 11227 2274
11796 9433 1458
8430 16554 409
20407 20659 1087
23495 21801 2273
12967 12718 2200
10029 11335 1192
17631 14443 1772
8007 19353 1053
1662 4513 1428
5096 24551 1416
12110 2699 1761
3069 2481 395
23090 22889 1334
19369 12736 1348
2682 704 406
9295 10733 234
16187 3364 877
12251 2724 2130
19564 20738 1823
3193 834 146
