190
14401 12945 133
1394 7366 1574
13589 5456 105
12795 24826 654
8803 18860 1516
8882 3155 89
11648 10695 452
12505 22946 2132
24067 8863 1852
23790 3408 2060
5768 9161 633
24093 10555 1769
11251 24144 2226
12651 3291 872
10435 3447 1450
275 3681 1872
17200 15329 509
3842 2834 1037
9560 1901 2044
19664 17043 1174
21955 22811 1857
3542 13256 1262
17496 15859 38
3258 3510 1048
13846 5297 409
18294 21924 406
17250 14125 1885
18253 9319 1301
8555 18880 2208
7719 4896 409
1644 18203 392
4729 21746 492
18370 5594 1235
13858 8852 2204
21286 22698 2253
23513 7344 54
4421 15947 2137
658 9200 1464
24729 9107 692
17053 8179 101
17772 1175 476
16302 5904 1404
19440 15626 10
22086 4485 2116
10946 17123 354
13751 15637 1569
4833 11410 1714
1392 12069 250
7271 3150 538
23381 11556 1775
19388 4328 2290
24951 11983 1094
2259 6423 2297
1514 19861 244
972 5807 627
23129 10911 2058
2630 15744 525
23078 17137 1282
19078 15760 1736
24186 14141 500
3825 24882 1579
9639 24833 1244
21358 18444 1261
15055 11310 1069
4589 12283 1822
11246 10412 1655
24893 13042 98
24950 11120 561
3428 21550 389
10056 20737 1548
3241 15914 20
8458 554 2199
658 13264 726
24281 3319 1004
9118 24260 1555
24763 10506 1161
1318 10399 117
9970 1701 1411
2111 5129 1174
10012 15186 1741
7055 9779 2041
3979 9589 245
17089 10247 519
14995 880 1040
24211 9999 1528
20711 1114 2087
10326 18784 654
21632 20107 828
1761 22218 293
3441 7231 2061
17210 14286 1988
21894 9617 1129
18483 18058 1252
3337 8053 2047
24213 23617 986
2998 10680 642
8641 21006 1396
16035 17638 1775
131 10752 1066
5709 5545 407
17824 22756 1871
6071 11002 834
3906 4485 771
11989 24174 1132
3656 23388 1875
13970 17738 2233
8102 1379 1046
21018 8766 228
4042 250 668
9284 5959 1218
4461 15135 248
13924 21206 324
24356 113 643
2847 3454 1726
5744 7110 2290
7257 12432 1542
19451 11886 1045
11299 7904 929
3489 11946 225
22784 12582 500
6272 17043 1494
3868 22319 26
3818 21676 1347
8253 15875 2065
3215 21619 1905
4269 3877 1329
6709 14680 979
18232 17331 1728
13522 20820 706
413 9956 779
18264 16228 1828
1250 11448 1606
21794 6618 2220
8804 14872 321
24267 9439 639
13193 13709 404
22254 11770 1326
1850 21355 1605
14350 1229 945
5148 1642 16
17177 19906 1832
3954 12508 1999
21698 9303 839
2470 18107 795
15469 8726 1271
16440 13271 2234
21288 10526 58
15816 12376 433
19027 18078 918
18059 23226 465
18399 15404 847
9967 19358 1762
20688 7408 2187
21676 1230 1672
20239 8051 710
3242 24492 2256
16306 20780 1946
7493 2949 1808
11386 13328 200
16509 6387 150
14626 16138 1914
7649 17458 354
13181 13146 1196
10720 1174 218
10014 21414 814
739 24656 26
4735 7315 56
19257 6160 1183
12507 17546 892
7483 9055 1925
17037 15033 1978
8348 22683 36
10368 2216 420
11149 12937 1125
13159 14303 99
23221 15042 1983
7775 19777 474
4462 5386 1322
4097 17893 2115
17061 16728 924
19117 8766 538
20959 8466 1279
15259 10186 789
14057 21335 732
14030 9495 1732
10417 7716 378
22813 15492 1250
17523 11306 600
18394 15403 2036
3163 23817 1636
