20 80
10001111101001111111
69 8 5
92 9 1
93 7 18
113 13 4
83 5 7
99 3 10
29 15 10
18 4 1
5 7 16
22 2 7
81 6 11
43 15 5
38 13 15
1 17 9
116 12 3
48 20 19
87 3 10
8 20 3
118 7 1
75 16 8
123 4 1
111 10 13
72 12 6
31 9 16
59 3 10
34 20 6
12 3 7
103 12 2
9 15 13
27 14 17
54 3 18
20 20 13
73 6 15
110 3 2
98 14 7
121 7 4
115 7 10
66 18 8
62 15 3
6 12 4
19 19 16
23 15 4
104 12 10
119 20 1
107 4 12
25 16 6
90 3 2
85 1 18
64 18 2
94 15 13
109 7 12
76 10 3
11 2 10
32 17 11
80 7 11
45 10 5
96 3 12
56 6 10
67 6 7
114 4 10
71 13 5
40 19 16
14 1 2
42 5 2
52 7 15
58 4 12
3 4 3
101 7 15
49 5 6
95 20 1
78 6 18
36 7 4
51 6 7
117 12 3
60 10 2
15 7 4
106 1 16
16 16 10
46 18 2
89 18 15
