25 100
0000000010001000111000001
108 4 10
144 20 8
54 15 8
67 2 8
45 24 14
13 12 9
90 10 9
51 25 4
133 19 16
96 4 20
110 13 15
127 7 6
122 8 22
32 13 18
29 5 9
61 24 13
62 16 5
84 19 17
53 23 20
49 22 23
93 24 8
128 14 21
73 8 7
111 11 24
149 6 4
104 24 18
75 23 21
10 10 14
102 24 11
72 7 24
124 15 24
21 20 24
109 2 8
24 12 21
66 11 10
8 12 1
44 19 8
17 8 5
42 15 13
156 10 16
119 24 1
28 20 21
98 7 1
94 19 25
155 23 16
26 20 10
151 4 10
138 23 12
121 13 12
147 3 1
38 19 18
137 7 4
130 10 16
36 19 2
115 16 23
56 15 2
88 2 1
100 9 25
47 6 14
6 3 19
4 11 21
132 19 13
14 13 8
99 16 12
33 2 12
15 11 22
106 24 16
91 4 2
101 20 10
40 4 24
37 16 24
18 3 10
34 9 16
135 6 2
59 19 13
140 25 18
2 4 22
142 2 21
23 3 12
69 11 24
46 18 14
30 15 19
82 2 5
153 5 8
71 23 16
117 10 23
20 13 20
78 19 24
86 16 8
112 24 20
80 1 24
114 12 18
146 4 25
65 14 11
76 8 21
125 7 2
12 13 4
63 9 13
1 7 19
58 7 18
