50 50 1000 6
31 16 98
8 35 2
12 16 60
39 21 80
23 32 41
13 32 87
21 35 88
9 40 70
11 6 42
24 21 54
22 25 55
17 41 3
20 45 71
25 7 60
26 39 66
1 32 64
42 36 16
34 10 83
39 41 72
28 8 29
44 4 30
24 11 82
17 33 26
25 5 9
1 19 30
47 48 50
28 29 39
40 38 35
46 48 40
42 23 98
25 13 92
47 49 67
1 17 5
39 12 51
16 42 58
32 41 64
1 47 14
35 33 18
24 45 64
42 27 36
24 14 14
6 50 46
14 35 98
17 14 56
26 9 98
25 27 16
22 43 6
5 30 57
43 40 83
31 49 47
41 14 75
24 16 44
35 47 49
50 13 64
12 4 48
33 34 20
38 10 90
8 5 60
37 46 38
17 4 2
48 38 65
33 50 49
30 34 89
25 43 68
2 42 87
20 15 90
5 25 3
8 24 27
34 31 62
49 17 92
37 50 62
18 33 58
1 45 28
22 33 68
5 40 31
6 33 91
32 44 54
15 10 67
36 11 62
33 41 52
14 33 19
42 42 93
39 19 25
50 30 69
33 9 67
41 28 74
3 26 40
10 39 45
1 10 28
39 42 72
12 10 63
18 10 90
43 15 66
37 21 9
28 28 14
24 17 9
10 36 5
47 15 65
48 39 87
46 46 57
46 38 28
40 36 47
13 24 94
30 40 78
45 34 76
7 12 41
48 24 97
34 6 54
3 31 39
20 15 87
41 31 19
43 35 92
50 46 86
2 48 16
49 28 22
26 28 89
18 23 76
43 35 63
42 44 66
32 2 31
10 47 60
47 38 72
15 34 85
4 16 62
38 26 5
43 38 24
25 21 24
30 31 85
26 29 31
39 25 21
35 18 27
22 42 37
46 6 57
46 39 54
21 35 80
19 4 52
42 6 62
16 20 41
32 35 29
34 13 57
25 20 45
8 33 22
29 35 100
35 2 99
5 7 65
8 7 68
12 4 27
48 45 55
30 32 31
37 42 29
48 36 31
2 3 42
25 6 78
20 20 95
23 29 96
27 44 83
1 28 8
8 50 9
28 21 6
25 23 13
27 3 49
49 48 86
34 10 23
5 2 83
36 25 17
12 29 61
46 29 73
3 24 20
7 18 70
23 17 100
7 44 77
32 42 17
44 2 64
14 23 95
4 21 97
4 24 77
27 25 44
2 8 92
22 27 82
23 31 84
1 9 18
44 40 75
20 34 74
22 22 27
33 22 53
16 35 5
31 19 72
35 48 80
6 39 60
10 6 55
7 13 88
50 38 20
10 15 87
32 11 53
29 4 25
11 24 12
42 39 40
47 2 60
22 16 64
10 2 69
31 16 91
7 44 79
9 6 11
16 26 42
48 15 43
23 9 97
20 44 70
40 26 47
32 44 90
41 10 26
8 33 50
41 33 23
19 50 47
35 33 73
27 21 67
14 6 46
40 33 70
19 7 86
30 34 78
8 49 50
33 21 76
48 37 96
17 8 67
12 41 19
30 49 53
30 50 32
4 37 11
28 46 72
46 30 18
35 22 11
32 33 77
50 49 67
24 48 98
49 48 56
5 18 59
35 13 75
27 38 63
45 12 34
47 41 20
46 50 81
16 32 85
2 30 25
10 8 80
14 48 21
10 37 59
35 15 43
50 5 91
35 45 10
45 16 22
24 45 50
29 3 65
16 15 48
22 19 34
20 24 71
43 31 77
9 28 5
3 36 62
25 35 29
28 23 36
31 14 10
40 46 70
8 38 86
24 7 13
38 35 35
21 2 43
49 16 5
45 38 59
16 48 60
17 34 64
7 21 13
6 6 14
2 37 94
44 10 15
49 9 73
1 43 10
1 20 26
28 7 54
4 37 73
4 6 92
33 20 80
23 30 14
36 24 97
1 50 37
8 48 71
34 48 68
17 12 24
40 18 21
35 44 19
32 3 47
15 5 70
13 22 48
16 33 39
5 11 46
9 28 61
11 19 67
6 37 41
1 30 86
30 41 20
8 50 13
33 34 7
42 3 14
21 7 86
45 49 56
48 30 23
8 32 53
50 46 10
40 31 63
8 26 13
33 31 96
8 4 63
34 5 57
38 3 32
37 9 65
25 31 19
37 41 83
48 32 75
40 43 79
44 14 11
21 49 36
30 49 89
11 16 80
36 44 41
8 36 48
27 45 71
11 28 56
41 35 56
9 3 12
46 3 32
31 26 67
31 11 59
27 40 69
18 43 22
1 14 8
6 5 9
33 6 55
37 47 15
22 6 43
10 46 64
46 38 79
34 28 63
42 18 40
16 50 50
23 30 39
3 5 21
40 22 70
38 9 64
7 5 46
22 49 15
16 26 27
27 40 60
5 15 68
25 5 86
10 44 81
42 35 48
26 12 87
1 17 81
38 42 73
1 5 27
43 9 18
27 41 45
50 16 37
28 31 61
31 14 29
1 27 9
32 9 40
31 32 82
19 38 54
35 16 71
26 46 77
18 40 92
42 12 55
39 1 51
11 10 8
29 27 80
13 17 96
47 30 23
28 20 68
48 41 72
32 48 90
18 31 15
49 38 36
31 15 71
23 3 28
17 34 2
20 10 13
43 13 29
11 13 70
40 28 13
21 32 60
35 30 11
26 12 63
30 15 23
26 30 26
20 40 30
31 46 51
37 7 9
15 13 92
4 9 41
18 24 1
50 35 39
32 15 58
32 29 36
48 7 74
45 21 54
24 7 46
42 36 6
31 17 87
49 39 27
20 29 12
23 2 40
32 7 32
27 8 97
11 22 86
7 32 88
40 12 65
13 14 43
26 37 54
33 43 3
43 44 23
36 40 44
22 14 15
45 17 10
34 38 90
49 49 67
46 22 40
22 21 57
38 34 11
14 12 25
4 39 81
50 49 66
43 18 13
35 44 14
28 16 35
37 27 33
31 26 36
35 26 79
17 11 63
27 11 89
38 23 45
31 28 37
8 10 66
14 39 54
27 28 7
26 29 46
2 44 56
37 30 59
20 50 97
44 29 62
33 19 54
10 24 86
13 16 24
46 27 14
42 40 24
19 41 73
10 49 84
38 38 88
42 27 32
22 27 24
13 20 3
6 14 94
27 1 83
16 1 45
23 50 45
23 26 76
24 37 32
12 33 76
43 35 66
21 22 67
4 40 27
2 47 95
39 7 100
27 42 40
9 10 2
41 41 91
48 35 3
17 2 17
46 38 19
13 34 76
40 21 46
43 42 30
40 24 14
27 17 82
16 46 5
19 3 94
22 35 41
9 24 89
26 26 60
10 33 47
50 20 97
40 9 74
46 30 45
42 26 84
50 4 65
16 15 39
3 30 17
43 16 86
20 19 21
10 8 47
36 6 67
8 49 90
5 2 5
49 43 34
45 21 58
19 45 73
15 29 8
47 24 24
48 47 64
46 24 92
37 25 43
45 15 35
11 43 72
35 1 33
35 1 42
3 3 87
40 3 16
37 8 93
42 4 44
13 38 84
23 7 42
45 30 56
14 26 81
37 2 67
46 10 72
22 30 30
35 19 29
20 34 14
12 47 58
13 30 88
28 7 50
21 47 88
5 42 71
34 43 87
14 43 23
36 44 52
43 43 27
13 26 19
23 37 47
41 35 39
23 14 51
21 35 23
34 10 92
44 12 9
28 24 34
1 13 71
32 21 93
12 44 85
27 38 63
4 33 78
9 12 37
43 4 64
9 9 87
15 46 6
36 27 34
26 17 59
35 42 5
11 20 65
29 4 65
20 5 11
42 1 63
49 19 73
28 13 47
39 47 29
35 26 91
9 38 95
50 7 67
5 31 43
40 44 45
46 31 15
21 7 28
23 41 58
5 9 80
30 48 27
27 4 54
42 43 8
16 38 64
42 13 29
32 9 1
1 15 56
50 14 37
8 31 22
21 40 26
47 8 4
37 46 90
2 23 74
8 39 89
40 39 94
21 14 87
35 30 88
7 22 30
36 39 83
34 18 100
15 27 18
13 24 15
24 49 60
4 18 62
40 41 49
21 28 22
47 45 66
5 28 62
32 48 40
24 34 40
40 21 52
43 40 85
50 17 84
19 37 48
41 27 54
34 17 30
50 35 39
13 39 8
29 11 64
29 3 15
41 30 61
15 38 5
29 1 20
26 8 47
33 9 15
30 31 54
28 12 45
23 45 10
46 16 64
49 1 72
16 47 48
30 39 1
49 4 78
9 40 39
24 28 92
26 20 36
31 14 86
8 27 64
11 31 28
10 7 26
45 21 64
16 45 12
49 38 52
29 17 88
44 19 9
23 25 24
14 14 37
3 7 69
9 45 84
43 13 71
50 21 69
3 41 28
31 13 94
17 28 68
28 34 3
47 46 94
16 12 70
10 26 17
30 33 66
28 12 58
43 10 89
10 14 71
26 18 8
20 48 43
2 42 62
8 22 47
9 44 96
28 16 21
44 27 5
19 9 64
42 49 39
4 22 87
9 50 96
10 24 23
36 22 48
10 21 96
32 4 47
1 22 52
16 7 95
15 14 88
3 29 25
12 11 90
33 4 52
39 23 24
30 36 21
31 1 65
19 8 19
1 40 100
1 10 94
11 33 46
4 29 10
6 9 32
18 16 26
2 10 62
32 13 29
7 4 65
20 39 22
20 9 11
50 2 98
38 32 10
38 26 39
1 49 92
10 20 18
23 43 71
17 45 70
4 39 60
31 48 51
28 38 5
28 33 45
47 48 73
45 38 67
7 39 31
7 15 77
36 35 77
16 31 51
40 25 75
2 49 44
13 18 77
31 38 7
38 49 40
18 10 92
37 14 48
13 43 86
23 36 51
10 15 35
11 1 51
38 22 61
32 35 48
9 36 97
31 1 83
6 9 17
49 38 86
1 43 55
26 45 74
38 18 57
1 15 2
1 40 62
9 30 22
29 42 29
11 18 60
43 20 80
39 49 15
29 36 68
49 27 78
8 2 69
21 11 87
28 43 32
23 33 38
23 6 92
1 27 15
46 22 79
25 11 23
41 4 83
35 1 80
36 2 56
16 25 91
19 25 45
29 28 28
37 32 19
45 23 70
39 27 72
18 29 90
20 34 61
17 38 78
29 40 82
5 27 67
34 17 56
35 16 38
45 8 67
41 5 22
13 31 78
31 7 64
17 24 27
19 1 5
39 16 88
13 19 78
24 18 76
49 14 58
46 44 45
38 42 88
45 37 96
31 27 49
48 23 55
8 36 63
5 11 36
24 48 42
7 13 78
15 49 45
39 39 48
9 24 18
22 33 31
34 15 85
21 1 50
30 45 41
40 48 94
38 24 9
15 15 52
38 48 55
9 20 91
24 14 49
18 11 30
38 42 80
18 23 82
14 42 69
48 23 63
32 36 32
43 8 90
30 3 86
15 11 59
39 23 100
20 1 36
32 46 90
3 44 86
3 22 9
10 35 31
38 21 42
23 10 3
46 41 46
33 17 30
19 15 60
7 44 35
7 19 40
40 29 97
34 37 49
14 21 48
27 40 20
50 6 8
29 38 83
31 10 92
38 13 86
28 48 6
16 42 66
11 39 6
14 41 100
35 39 81
49 26 84
31 7 64
29 8 77
31 39 78
5 7 59
19 21 62
19 21 38
19 18 39
37 16 91
20 6 90
38 3 92
5 5 8
25 34 80
38 15 83
5 22 48
19 36 82
9 18 36
25 28 63
38 1 40
9 3 57
43 22 16
5 17 65
6 5 91
21 39 15
33 28 92
42 4 31
37 14 31
9 19 26
22 26 62
32 38 8
41 34 57
20 2 7
7 3 100
21 20 33
6 18 50
49 35 96
2 38 52
19 44 72
25 26 76
32 47 16
17 32 27
38 7 1
14 13 50
46 27 60
50 9 99
34 50 25
6 18 47
25 9 28
30 35 26
21 27 23
9 46 60
14 28 27
12 4 16
41 37 18
5 2 62
26 34 88
18 40 17
42 3 28
28 12 96
5 19 45
36 35 43
31 24 56
14 27 77
19 15 84
9 13 29
38 32 78
12 45 23
24 25 28
19 4 97
28 36 66
15 9 25
49 35 46
15 38 54
3 20 14
19 14 35
27 24 36
38 38 93
45 13 28
30 46 61
16 22 86
45 37 37
34 28 36
48 42 2
29 34 27
4 7 13
31 27 38
38 46 20
8 22 17
38 18 21
19 34 44
39 6 75
8 47 100
3 7 88
3 27 89
33 12 94
15 1 25
41 10 8
11 36 36
25 48 30
9 49 2
5 31 26
19 41 63
23 30 79
19 17 4
10 5 81
44 48 19
11 5 22
2 23 61
35 42 90
46 12 5
37 5 76
41 13 99
13 8 93
18 44 90
43 39 96
30 5 21
2 2 73
30 47 38
9 24 95
15 37 59
46 45 24
8 36 34
44 28 29
45 21 68
49 48 42
6 29 64
9 31 89
25 28 32
22 39 20
27 47 79
25 41 97
20 48 82
40 32 8
25 13 36
23 33 76
2 22 88
45 17 35
19 27 41
26 41 53
7 47 65
14 6 20
7 22 52
20 15 61
36 47 99
47 24 43
17 13 36
38 35 34
15 6 13
33 21 66
17 42 46
44 5 97
45 40 55
10 50 99
37 49 91
23 33 10
29 20 99
31 15 23
8 4 16
10 32 18
21 13 2
3 7 5
41 9 75
2 24 18
33 13 76
35 44 14
45 26 72
47 34 61
3 49 85
31 50 32
26 41 2
38 25 94
14 19 85
49 8 21
12 32 80
1 99
26 89
24 79
33 95
5 80
19 64
