10000 10000 10000
1 6035
1 9991
1 9433
1 8429
1 8443
1 6073
1 4086
1 1502
1 4346
1 2477
1 1487
1 1283
1 6126
1 9932
1 5004
1 6916
1 2950
1 5921
1 2852
1 9172
1 4653
1 5799
1 7562
1 242
1 4351
1 1040
1 130
1 2265
1 7213
1 2342
1 4890
1 782
1 5956
1 9277
1 7737
1 5258
1 381
1 6229
1 2352
1 4230
1 8034
1 7927
1 1192
1 683
1 6118
1 3817
1 8238
1 5197
1 3473
1 6333
1 6628
1 1555
1 8882
1 5121
1 2943
1 7214
1 8143
1 5178
1 99
1 7569
1 4373
1 9789
1 5124
1 3579
1 9067
1 9862
1 4489
1 1471
1 7151
1 5356
1 1377
1 2999
1 2963
1 3912
1 4454
1 8222
1 4682
1 3227
1 6066
1 6979
1 4442
1 762
1 2061
1 4550
1 3612
1 597
1 6803
1 6609
1 4141
1 2395
1 432
1 5833
1 3960
1 1810
1 1020
1 4967
1 36
1 7735
1 4694
1 7331
1 8967
1 3317
1 8434
1 9435
1 343
1 8895
1 7335
1 1019
1 1018
1 4985
1 7121
1 7596
1 2122
1 4836
1 9542
1 6013
1 4194
1 6898
1 1722
1 4618
1 1973
1 5385
1 3914
1 5943
1 5910
1 8857
1 1004
1 9129
1 1426
1 4248
1 529
1 8554
1 6840
1 6026
1 915
1 8010
1 4345
1 2939
1 1684
1 274
1 3193
1 7397
1 8149
1 6649
1 7343
1 9768
1 7278
1 6109
1 2048
1 1292
1 3222
1 7679
1 8218
1 9826
1 6906
1 6015
1 2823
1 8557
1 9003
1 2223
1 3193
1 6057
1 2
1 8353
1 3925
1 9463
1 4294
1 1145
1 9288
1 8366
1 8224
1 2805
1 726
1 3561
1 5182
1 4982
1 8665
1 4597
1 1001
1 2294
1 7958
1 1611
1 5935
1 7448
1 8854
1 9884
1 8873
1 1595
1 8598
1 1347
1 7466
1 3238
1 6452
1 3737
1 9852
1 2227
1 9368
1 4472
1 3200
1 9390
1 8054
1 4341
1 5558
1 3586
1 3976
1 9122
1 7507
1 2710
1 1823
1 2923
1 1005
1 1099
1 7256
1 3396
1 1560
1 1233
1 8512
1 2991
1 3980
1 1747
1 9575
1 8078
1 4322
1 8852
1 7267
1 5674
1 9701
1 5502
1 3087
1 8162
1 3669
1 4966
1 7869
1 787
1 5010
1 7748
1 6866
1 4236
1 920
1 4254
1 5842
1 4686
1 1812
1 267
1 7836
1 2082
1 2142
1 5661
1 349
1 4453
1 6707
1 5890
1 3783
1 3895
1 9531
1 692
1 3599
1 5891
1 2699
1 8643
1 1180
1 1054
1 7693
1 5550
1 3430
1 3894
1 9525
1 6505
1 9884
1 8724
1 7048
1 4261
1 9682
1 7301
1 6754
1 8773
1 1961
1 7639
1 7371
1 5618
1 5137
1 9457
1 1646
1 7166
1 6758
1 8409
1 7859
1 1616
1 5985
1 2268
1 7428
1 1122
1 3147
1 2695
1 3041
1 8474
1 4881
1 5054
1 2986
1 4499
1 2169
1 9728
1 2246
1 5255
1 2521
1 1604
1 7922
1 6282
1 2814
1 30
1 3529
1 5672
1 7319
1 908
1 8827
1 7467
1 1070
1 8189
1 3954
1 8756
1 3672
1 6135
1 7306
1 2705
1 2168
1 7986
1 9996
1 5301
1 7417
1 2588
1 4094
1 3209
1 3704
1 4186
1 1083
1 1616
1 200
1 3100
1 5856
1 6962
1 1023
1 6156
1 329
1 4571
1 1138
1 7897
1 3159
1 6496
1 580
1 5845
1 128
1 3863
1 178
1 7646
1 2180
1 6113
1 2086
1 6828
1 5007
1 4991
1 5814
1 2570
1 6787
1 3929
1 9919
1 1783
1 7683
1 5906
1 9254
1 1840
1 2269
1 8581
1 3315
1 101
1 9066
1 3385
1 7296
1 4623
1 7326
1 3950
1 394
1 2010
1 9959
1 7085
1 969
1 1767
1 2565
1 7906
1 5354
1 6151
1 4257
1 6355
1 1876
1 9131
1 9044
1 8112
1 3080
1 628
1 4073
1 7477
1 156
1 9438
1 6815
1 6879
1 6385
1 6713
1 8855
1 6448
1 7086
1 1542
1 1283
1 4209
1 82
1 4893
1 2956
1 718
1 7370
1 773
1 531
1 7239
1 5174
1 6158
1 6741
1 7322
1 534
1 8775
1 5059
1 1169
1 8275
1 8696
1 1240
1 1479
1 4862
1 8202
1 8516
1 9327
1 8560
1 1635
1 1964
1 2101
1 7543
1 6921
1 7608
1 4426
1 7129
1 8076
1 6230
1 8170
1 7545
1 3263
1 4673
1 6183
1 7143
1 8266
1 2446
1 1631
1 11
1 2979
1 8047
1 1212
1 8981
1 4851
1 9714
1 9391
1 7339
1 4111
1 8963
1 1630
1 2224
1 5671
1 8677
1 7425
1 1482
1 5633
1 9240
1 5120
1 1280
1 2291
1 9531
1 6268
1 8025
1 9872
1 7357
1 8088
1 1558
1 6203
1 8893
1 3138
1 494
1 3658
1 1633
1 7306
1 1452
1 9536
1 9391
1 557
1 6684
1 5895
1 9560
1 6454
1 4521
1 3065
1 4105
1 3694
1 4690
1 4473
1 978
1 3981
1 286
1 7414
1 9451
1 8906
1 29
1 6431
1 4202
1 4561
1 1715
1 4607
1 2977
1 823
1 8920
1 3283
1 5152
1 9782
1 4867
1 9835
1 2105
1 4304
1 9350
1 8352
1 9810
1 1378
1 9653
1 8473
1 272
1 4761
1 3312
1 1624
1 4209
1 7692
1 5996
1 2466
1 2262
1 6472
1 7619
1 5611
1 2733
1 3370
1 8258
1 3907
1 5190
1 9769
1 7947
1 2019
1 8679
1 2884
1 4710
1 9923
1 10000
1 1781
1 4949
1 546
1 7545
1 6169
1 2745
1 8239
1 6422
1 8138
1 3031
1 6045
1 9060
1 9661
1 7736
1 8095
1 9091
1 4304
1 8609
1 5185
1 4724
1 2644
1 5136
1 7487
1 8193
1 9288
1 9092
1 2076
1 3039
1 9376
1 7078
1 5770
1 9511
1 219
1 5355
1 3735
1 1528
1 5437
1 8132
1 4249
1 208
1 598
1 6154
1 8976
1 700
1 352
1 8502
1 6890
1 3812
1 9839
1 7862
1 7595
1 4927
1 5270
1 7144
1 8275
1 4679
1 4533
1 1553
1 241
1 9876
1 3505
1 197
1 7233
1 5277
1 3623
1 3914
1 4478
1 2799
1 6142
1 9842
1 7807
1 4259
1 4298
1 4954
1 5170
1 1361
1 2459
1 9790
1 6832
1 7235
1 2563
1 7637
1 2725
1 5917
1 6814
1 5193
1 6803
1 6845
1 1278
1 8065
1 1862
1 3038
1 7394
1 6922
1 3238
1 5780
1 2857
1 1672
1 619
1 7598
1 8079
1 3113
1 8038
1 7601
1 1470
1 4371
1 3822
1 3242
1 4262
1 4940
1 7019
1 1010
1 4283
1 6196
1 4378
1 135
1 5071
1 2288
1 1169
1 1980
1 1145
1 6478
1 2767
1 1173
1 4398
1 5558
1 1802
1 9352
1 2345
1 2851
1 6996
1 8391
1 8347
1 6609
1 4009
1 1243
1 3944
1 957
1 9705
1 7034
1 5873
1 1951
1 2405
1 1683
1 2717
1 8256
1 6152
1 7003
1 5698
1 8133
1 7051
1 2554
1 8446
1 6442
1 3823
1 1402
1 2650
1 2710
1 2991
1 5317
1 8197
1 8301
1 9959
1 1526
1 3871
1 1405
1 9609
1 1614
1 4598
1 2
1 7140
1 7748
1 43
1 2202
1 1542
1 492
1 2742
1 9110
1 2619
1 8303
1 3406
1 5148
1 5052
1 2489
1 1602
1 4100
1 8127
1 5761
1 8912
1 7665
1 7081
1 3923
1 4747
1 1765
1 5380
1 6040
1 7804
1 5653
1 3954
1 3894
1 2633
1 3602
1 3147
1 5148
1 2756
1 4326
1 819
1 3196
1 6259
1 773
1 3415
1 6695
1 204
1 9806
1 6156
1 8522
1 7045
1 5462
1 8538
1 5073
1 8657
1 3642
1 7011
1 8146
1 1762
1 5986
1 2272
1 7574
1 7973
1 4226
1 7496
1 4628
1 4114
1 2141
1 5288
1 2038
1 7009
1 3636
1 8697
1 6148
1 4070
1 8965
1 6415
1 9933
1 291
1 2355
1 9568
1 8497
1 2769
1 2613
1 8680
1 5914
1 2038
1 8290
1 1502
1 8429
1 6081
1 8089
1 6039
1 2674
1 5282
1 8624
1 7977
1 9912
1 2635
1 3927
1 5134
1 3304
1 4662
1 3063
1 1285
1 1514
1 3863
1 2760
1 1403
1 4609
1 4796
1 6600
1 2807
1 9482
1 5405
1 2718
1 5287
1 563
1 8731
1 3697
1 6896
1 6091
1 4212
1 3828
1 4830
1 9778
1 1214
1 8442
1 1208
1 9823
1 8717
1 9717
1 1209
1 75
1 5769
1 2648
1 7087
1 2668
1 2293
1 3579
1 6505
1 4004
1 3532
1 8004
1 5973
1 7066
1 9857
1 1342
1 8179
1 3283
1 9708
1 6540
1 2241
1 3050
1 3984
1 6846
1 1106
1 2152
1 9638
1 106
1 3777
1 2623
1 6319
1 6172
1 1196
1 7121
1 205
1 3133
1 9719
1 6489
1 4509
1 9684
1 1563
1 7541
1 3351
1 1574
1 3101
1 7530
1 5954
1 6724
1 5792
1 4900
1 3180
1 4152
1 2642
1 4914
1 859
1 6376
1 1920
1 792
1 4165
1 1397
1 8086
1 8729
1 7240
1 8661
1 9612
1 411
1 7019
1 639
1 3695
1 459
1 9062
1 4542
1 7603
1 2082
1 4335
1 844
1 2187
1 8650
1 9279
1 4057
1 1536
1 3251
1 5711
1 8500
1 822
1 5123
1 1974
1 5379
1 9723
1 524
1 6712
1 9627
1 7467
1 3876
1 1845
1 5990
1 4597
1 7431
1 833
1 6661
1 3446
1 5082
1 3610
1 3083
1 8907
1 8943
1 3075
1 1981
1 7109
1 6968
1 3538
1 1856
1 5405
1 8557
1 446
1 9481
1 5924
1 6352
1 6780
1 3106
1 1466
1 8069
1 8158
1 6231
1 3067
1 6246
1 5088
1 1829
1 810
1 2571
1 2660
1 802
1 7402
1 9471
1 9673
1 7468
1 6202
1 1702
1 3627
1 4654
1 3947
1 2388
1 3459
1 5152
1 610
1 9330
1 6736
1 7257
1 2400
1 2741
1 8856
1 550
1 6464
1 9628
1 8525
1 5997
1 2978
1 5323
1 3686
1 1461
1 3494
1 7612
1 8930
1 5519
1 8627
1 5173
1 428
1 7810
1 8767
1 4264
1 5129
1 6766
1 9770
1 3665
1 4555
1 7646
1 2379
1 9808
1 6109
1 2153
1 5329
1 503
1 7518
1 7573
1 9822
1 2571
1 7962
1 5062
1 1755
1 9699
1 4420
1 9175
1 6005
1 4906
1 9912
1 2740
1 2274
1 1069
1 6590
1 7845
1 1586
1 1544
1 3765
1 7674
1 1474
1 2486
1 5221
1 9109
1 6925
1 5082
1 5067
1 3264
1 9568
1 6844
1 8573
1 1589
1 2724
1 2257
1 4328
1 1594
1 2980
1 7334
1 4079
1 8834
1 9143
1 5973
1 6966
1 9253
1 5876
1 3274
1 5933
1 7055
1 3766
1 4923
1 8650
1 4857
1 2585
1 6373
1 9974
1 1525
1 4009
1 6186
1 6195
1 8499
1 1030
1 3113
1 4856
1 9450
1 8763
1 6627
1 8443
1 2129
1 5822
1 378
1 5609
1 8309
1 8505
1 5982
1 4680
1 1533
1 5828
1 7216
1 9883
1 9836
1 1101
1 3755
1 8403
1 1528
1 7904
1 499
1 1632
1 3368
1 8065
1 3674
1 6719
1 2532
1 2542
1 261
1 604
1 5073
1 4451
1 2693
1 7313
1 3204
1 2398
1 4152
1 2309
1 9369
1 6421
1 1465
1 1860
1 1603
1 9396
1 8400
1 462
1 5116
1 5198
1 3664
1 1241
1 644
1 4396
1 6191
1 106
1 8312
1 7884
1 5923
1 4458
1 1579
1 6416
1 7090
1 1200
1 9781
1 7509
1 6407
1 6504
1 6922
1 728
1 5979
1 8349
1 2376
1 4823
1 567
1 1818
1 5142
1 1005
1 1555
1 2096
1 8433
1 7952
1 1055
1 4612
1 9522
1 5434
1 1399
1 8950
1 8903
1 2766
1 442
1 920
1 8784
1 4441
1 9689
1 5999
1 8628
1 4162
1 1673
1 2838
1 1318
1 4183
1 4565
1 393
1 5095
1 4714
1 288
1 6304
1 9044
1 8259
1 4540
1 9047
1 3332
1 4280
1 4969
1 9290
1 7157
1 1392
1 2918
1 2084
1 3726
1 5702
1 5834
1 3606
1 398
1 7634
1 4709
1 4954
1 7243
1 7204
1 5438
1 3025
1 342
1 4962
1 4531
1 6380
1 9322
1 1298
1 2974
1 5943
1 5918
1 5798
1 7463
1 6660
1 9513
1 4589
1 6719
1 5518
1 9267
1 3627
1 5355
1 640
1 6225
1 5025
1 615
1 9347
1 2998
1 7658
1 3985
1 9198
1 9927
1 3511
1 6346
1 2663
1 3871
1 6388
1 5624
1 9576
1 6602
1 2581
1 7725
1 4057
1 2736
1 4325
1 7647
1 5811
1 2755
1 4357
1 5075
1 3969
1 2729
1 3569
1 8268
1 5979
1 7574
1 4612
1 6576
1 7293
1 3992
1 1512
1 8561
1 672
1 32
1 6154
1 423
1 4805
1 9038
1 3757
1 9257
1 9770
1 4522
1 8716
1 9044
1 9730
1 7739
1 819
1 9474
1 854
1 6280
1 5098
1 3606
1 8728
1 5824
1 2754
1 503
1 4957
1 2982
1 6419
1 2731
1 8769
1 2629
1 1987
1 1365
1 9854
1 330
1 3980
1 9763
1 3675
1 2457
1 6385
1 3136
1 6163
1 6469
1 7294
1 9680
1 8044
1 428
1 5375
1 210
1 566
1 759
1 9254
1 9544
1 3443
1 4154
1 7120
1 8889
1 2831
1 9266
1 3027
1 1241
1 6053
1 2933
1 9871
1 483
1 1697
1 9364
1 1748
1 1853
1 8303
1 270
1 3224
1 1638
1 3983
1 9754
1 2790
1 6219
1 4189
1 9590
1 7863
1 1744
1 9435
1 3289
1 2526
1 2288
1 6207
1 5551
1 2260
1 4000
1 9561
1 3341
1 8833
1 8786
1 3796
1 612
1 928
1 8693
1 984
1 7188
1 6808
1 811
1 5913
1 5718
1 2385
1 7014
1 4216
1 8393
1 3070
1 6742
1 4868
1 4826
1 8445
1 7365
1 964
1 2562
1 1596
1 1008
1 2184
1 7418
1 3542
1 4143
1 406
1 2641
1 6523
1 1939
1 273
1 1696
1 9707
1 8706
1 715
1 7274
1 3022
1 9710
1 4485
1 1418
1 50
1 9297
1 4200
1 9318
1 7036
1 2127
1 5725
1 6600
1 9051
1 3098
1 1453
1 7504
1 3870
1 272
1 2731
1 635
1 5890
1 4623
1 9956
1 5187
1 3238
1 267
1 7714
1 3115
1 957
1 5137
1 5958
1 516
1 1638
1 7242
1 2334
1 5364
1 2915
1 4182
1 8210
1 3323
1 4963
1 5905
1 9841
1 5590
1 2587
1 6806
1 9898
1 7404
1 7233
1 4033
1 8236
1 716
1 6029
1 3562
1 6659
1 8624
1 5345
1 1577
1 974
1 9309
1 7735
1 8010
1 3670
1 9853
1 6002
1 5056
1 7911
1 4663
1 4183
1 4591
1 3759
1 382
1 1941
1 818
1 833
1 4466
1 2513
1 4994
1 399
1 976
1 9231
1 4356
1 6483
1 9073
1 5440
1 3236
1 9763
1 6601
1 8616
1 8795
1 8663
1 6156
1 9236
1 2014
1 5070
1 2950
1 1695
1 3866
1 7379
1 2880
1 1595
1 8391
1 3255
1 7340
1 5194
1 858
1 6575
1 8997
1 6505
1 7343
1 4812
1 48
1 6845
1 6876
1 4399
1 6634
1 1717
1 7686
1 9622
1 8775
1 2760
1 1714
1 9943
1 1950
1 5015
1 9259
1 3303
1 4321
1 1805
1 3568
1 8544
1 1867
1 7843
1 8370
1 2544
1 4282
1 1755
1 6401
1 5237
1 3162
1 516
1 4167
1 877
1 8279
1 9443
1 5098
1 8242
1 9618
1 1965
1 5826
1 274
1 8204
1 6348
1 146
1 7732
1 5722
1 2799
1 6409
1 8377
1 5782
1 760
1 2592
1 7338
1 4115
1 1575
1 2141
1 6141
1 959
1 7654
1 1
1 9567
1 6777
1 642
1 7256
1 5893
1 5261
1 6078
1 3927
1 5563
1 4615
1 1653
1 5422
1 6468
1 6359
1 8481
1 3480
1 9618
1 136
1 5475
1 3949
1 6451
1 3373
1 8082
1 9135
1 2503
1 5606
1 9326
1 6977
1 3051
1 1282
1 407
1 8342
1 5500
1 97
1 3697
1 8272
1 7210
1 4766
1 2666
1 1828
1 268
1 6872
1 9531
1 3959
1 8134
1 2665
1 4832
1 4000
1 2898
1 5883
1 4576
1 850
1 8703
1 5031
1 1809
1 3430
1 8049
1 1332
1 5037
1 1853
1 4380
1 5127
1 247
1 7482
1 4510
1 2208
1 7241
1 7822
1 5246
1 9662
1 2442
1 4629
1 7388
1 2134
1 7957
1 7720
1 3604
1 5286
1 6600
1 7828
1 9384
1 7900
1 7299
1 6474
1 9296
1 9330
1 4620
1 469
1 3539
1 1585
1 7728
1 2774
1 5805
1 1713
1 8548
1 9411
1 5364
1 9553
1 2445
1 2494
1 9216
1 1712
1 4436
1 7738
1 9013
1 3216
1 1610
1 4832
1 2616
1 7481
1 7274
1 1204
1 554
1 36
1 6083
1 4256
1 7140
1 9321
1 5478
1 6139
1 9148
1 4754
1 5496
1 1617
1 3799
1 1238
1 5257
1 6088
1 9811
1 4493
1 8788
1 6730
1 119
1 636
1 6231
1 8713
1 370
1 150
1 3275
1 2710
1 5718
1 4666
1 9322
1 3243
1 7128
1 3403
1 3936
1 6852
1 7330
1 4161
1 6350
1 7795
1 6390
1 4401
1 6799
1 4048
1 7542
1 2309
1 4671
1 7876
1 3338
1 9800
1 7257
1 6214
1 9826
1 5194
1 6411
1 687
1 3289
1 1843
1 672
1 246
1 410
1 2034
1 3985
1 6807
1 4561
1 4464
1 6332
1 6104
1 7062
1 6836
1 8281
1 6288
1 5974
1 1956
1 4718
1 7826
1 6359
1 5294
1 2123
1 782
1 8235
1 3979
1 1125
1 3674
1 5626
1 8079
1 8375
1 7269
1 209
1 1897
1 5128
1 3079
1 8233
1 9636
1 3798
1 6597
1 4838
1 8002
1 1358
1 2409
1 4550
1 1232
1 2381
1 7905
1 8222
1 1783
1 4135
1 6922
1 3956
1 2078
1 6867
1 8571
1 5758
1 1199
1 2782
1 4877
1 3214
1 7793
1 5432
1 5481
1 5016
1 5325
1 6410
1 1954
1 564
1 47
1 8087
1 3143
1 6776
1 6841
1 6182
1 7221
1 3535
1 7547
1 3721
1 3430
1 4240
1 2505
1 1797
1 6947
1 9565
1 2822
1 1190
1 4860
1 9925
1 8641
1 2088
1 7199
1 6417
1 6819
1 7723
1 68
1 388
1 2648
1 4388
1 3956
1 6184
1 2760
1 2669
1 5791
1 7900
1 5150
1 1298
1 2520
1 615
1 8838
1 2245
1 9461
1 9743
1 8033
1 6310
1 2733
1 2164
1 3934
1 3240
1 302
1 3363
1 1827
1 3001
1 5135
1 4335
1 6040
1 1878
1 8534
1 8179
1 3727
1 6554
1 9790
1 902
1 7381
1 5343
1 3775
1 7359
1 1029
1 686
1 6064
1 7624
1 9958
1 3640
1 9086
1 6560
1 417
1 4438
1 2723
1 4615
1 5718
1 2387
1 3425
1 7536
1 8617
1 1011
1 2339
1 6954
1 3773
1 1078
1 6477
1 4430
1 5715
1 1018
1 5092
1 6345
1 9863
1 2473
1 8935
1 6740
1 2787
1 6313
1 8152
1 5425
1 2829
1 8023
1 8023
1 3791
1 6384
1 1383
1 4616
1 9720
1 280
1 5779
1 5085
1 2894
1 7889
1 5396
1 4106
1 6656
1 5759
1 9767
1 4436
1 3650
1 7973
1 1878
1 7191
1 6691
1 8569
1 6281
1 8582
1 3685
1 5180
1 7035
1 9873
1 5022
1 5136
1 8800
1 5498
1 8165
1 776
1 311
1 3118
1 2966
1 5466
1 5522
1 7526
1 5681
1 8347
1 4604
1 1985
1 1181
1 15
1 474
1 6058
1 5395
1 9549
1 231
1 2940
1 1754
1 5827
1 1685
1 8595
1 6133
1 2028
1 524
1 6119
1 5398
1 6429
1 8497
1 8100
1 1380
1 6475
1 259
1 3726
1 8429
1 591
1 7077
1 5241
1 6409
1 4717
1 4402
1 4223
1 8672
1 6812
1 7169
1 5907
1 4467
1 7708
1 821
1 5593
1 4652
1 7667
1 5676
1 4565
1 9089
1 9057
1 8062
1 6553
1 8575
1 1457
1 6193
1 2917
1 9496
1 1402
1 103
1 385
1 5865
1 2759
1 6678
1 4368
1 3866
1 9032
1 8022
1 5703
1 411
1 5570
1 9737
1 6866
1 9452
1 171
1 8080
1 561
1 3185
1 1193
1 869
1 3054
1 5570
1 4271
1 92
1 3569
1 1247
1 5003
1 9057
1 212
1 8747
1 8905
1 822
1 7038
1 8613
1 1384
1 3805
1 4014
1 7521
1 7441
1 2500
1 1867
1 2781
1 4670
1 2894
1 8
1 3584
1 8433
1 8057
1 553
1 1304
1 9383
1 5121
1 7270
1 6844
1 7193
1 6866
1 8318
1 8571
1 9660
1 4698
1 4316
1 1356
1 2237
1 9430
1 1795
1 6539
1 3422
1 4673
1 6534
1 3067
1 847
1 3450
1 7574
1 8435
1 5718
1 2203
1 5538
1 9147
1 9862
1 7962
1 2365
1 7491
1 8229
1 3444
1 5588
1 1751
1 9455
1 2255
1 4061
1 9227
1 2168
1 3746
1 2480
1 4047
1 7901
1 4504
1 6250
1 1420
1 2395
1 219
1 5919
1 6992
1 6423
1 6022
1 2947
1 6144
1 7667
1 641
1 125
1 8202
1 1161
1 3131
1 9789
1 3641
1 2066
1 7151
1 1377
1 7483
1 6899
1 8396
1 7239
1 8258
1 7796
1 2794
1 6815
1 1726
1 7582
1 9461
1 8627
1 7583
1 4433
1 4835
1 6709
1 7837
1 3361
1 1110
1 7903
1 7254
1 3840
1 7696
1 8825
1 6497
1 7966
1 8177
1 8366
1 4449
1 3153
1 3698
1 5195
1 3855
1 2009
1 9515
1 5834
1 4732
1 8457
1 3445
1 9203
1 4407
1 8520
1 3922
1 5375
1 3389
1 1832
1 2810
1 7641
1 5790
1 5557
1 2540
1 9523
1 8310
1 8444
1 3340
1 6548
1 7096
1 801
1 3070
1 4776
1 204
1 7451
1 7220
1 8741
1 9544
1 4247
1 8986
1 4325
1 6020
1 6998
1 7274
1 1163
1 8792
1 3065
1 8708
1 5834
1 3306
1 9971
1 2659
1 1493
1 554
1 6722
1 8369
1 6388
1 7507
1 4860
1 2387
1 4408
1 9534
1 1867
1 6588
1 8458
1 7148
1 7066
1 4177
1 9900
1 6586
1 8473
1 3384
1 8582
1 3936
1 2624
1 6024
1 9175
1 4916
1 3446
1 8312
1 4866
1 6469
1 1573
1 5419
1 9022
1 4854
1 6058
1 1503
1 2679
1 8179
1 6695
1 1638
1 2249
1 8049
1 8108
1 3237
1 619
1 9606
1 9417
1 3349
1 5023
1 2103
1 5372
1 2816
1 1285
1 8318
1 9857
1 6735
1 3636
1 6015
1 396
1 4425
1 949
1 4395
1 9897
1 3107
1 1522
1 8213
1 2883
1 8296
1 2623
1 4942
1 4417
1 9877
1 2013
1 8336
1 1802
1 4113
1 6864
1 4178
1 1248
1 8068
1 5540
1 5394
1 4748
1 564
1 1669
1 3477
1 4527
1 9549
1 8536
1 2719
1 1025
1 4713
1 5541
1 8196
1 8678
1 5966
1 9407
1 4408
1 3049
1 7107
1 8471
1 6741
1 3291
1 1005
1 1873
1 2683
1 6182
1 7074
1 7821
1 9084
1 4924
1 694
1 575
1 2325
1 6080
1 1964
1 7155
1 3253
1 2259
1 2086
1 188
1 2386
1 3565
1 666
1 7992
1 6226
1 5749
1 3058
1 7389
1 8147
1 5354
1 3570
1 8034
1 5347
1 3496
1 9926
1 7753
1 626
1 1676
1 1063
1 8731
1 2741
1 9382
1 9065
1 7654
1 251
1 6802
1 2831
1 6342
1 9722
1 5440
1 4751
1 3935
1 7204
1 4753
1 1696
1 9593
1 8966
1 871
1 660
1 6571
1 7053
1 9601
1 1820
1 9031
1 2082
1 3487
1 826
1 1917
1 6076
1 4668
1 857
1 3427
1 3694
1 1362
1 5342
1 4763
1 8504
1 8760
1 4850
1 6177
1 6903
1 1843
1 6031
1 6277
1 6989
1 6858
1 4999
1 7571
1 8940
1 3708
1 9518
1 6950
1 6071
1 264
1 8075
1 6895
1 5044
1 3316
1 3734
1 7200
1 6297
1 3248
1 8160
1 8542
1 5569
1 6591
1 7830
1 1394
1 9707
1 9599
1 1122
1 4058
1 6396
1 426
1 8315
1 4980
1 4552
1 6569
1 9213
1 5189
1 4036
1 1263
1 157
1 695
1 4637
1 7168
1 4879
1 951
1 3600
1 3397
1 1475
1 743
1 5848
1 8313
1 7364
1 4735
1 3576
1 5390
1 9738
1 7935
1 6718
1 9697
1 8685
1 1720
1 7576
1 1684
1 8413
1 8029
1 4221
1 8520
1 4025
1 4689
1 2486
1 44
1 1516
1 6563
1 5778
1 3143
1 5781
1 6036
1 9333
1 6668
1 831
1 8572
1 8122
1 6227
1 811
1 6438
1 5863
1 5260
1 314
1 7803
1 819
1 8313
1 5391
1 4345
1 8813
1 3361
1 3186
1 1225
1 8914
1 8114
1 9953
1 4446
1 7401
1 2623
1 6040
1 450
1 8247
1 7391
1 2811
1 6461
1 9634
1 7192
1 9810
1 4553
1 6874
1 2177
1 366
1 6860
1 7091
1 9531
1 5480
1 4321
1 2446
1 2242
1 929
1 2182
1 3228
1 9881
1 1384
1 4487
1 3950
1 8238
1 7479
1 7070
1 2407
1 9731
1 9938
1 7907
1 3553
1 4259
1 6873
1 218
1 4100
1 7010
1 1043
1 1618
1 3035
1 7566
1 5868
1 8958
1 2313
1 1793
1 333
1 5481
1 9345
1 5619
1 7469
1 1671
1 9082
1 207
1 6363
1 4650
1 9878
1 5163
1 6109
1 3397
1 3947
1 3731
1 3564
1 7268
1 8856
1 4612
1 6303
1 9847
1 1954
1 5426
1 7403
1 116
1 7348
1 9789
1 7066
1 2088
1 4942
1 4750
1 6592
1 5323
1 5742
1 6393
1 7338
1 7853
1 5927
1 2324
1 9980
1 2563
1 8837
1 2227
1 285
1 1991
1 4010
1 3809
1 1149
1 9171
1 4805
1 5061
1 5728
1 6287
1 1242
1 6006
1 1602
1 8165
1 7412
1 7738
1 9277
1 921
1 9411
1 5936
1 2708
1 7358
1 2147
1 3624
1 1164
1 8500
1 9992
1 8224
1 8860
1 9641
1 6195
1 8569
1 5380
1 5035
1 3870
1 2266
1 9138
1 8167
1 4127
1 8535
1 3480
1 5394
1 8393
1 6521
1 3283
1 2573
1 7964
1 5725
1 3417
1 701
1 7375
1 6338
1 4013
1 1031
1 4714
1 2252
1 3334
1 8610
1 8317
1 8777
1 2317
1 8420
1 8058
1 1836
1 9253
1 9445
1 448
1 9830
1 9149
1 7237
1 1340
1 1483
1 5157
1 4746
1 9671
1 556
1 9213
1 889
1 6222
1 2563
1 6347
1 557
1 7950
1 4004
1 5839
1 4806
1 9135
1 4109
1 1411
1 4872
1 7775
1 2902
1 4832
1 5154
1 9669
1 5268
1 9892
1 9070
1 7515
1 9921
1 1511
1 3859
1 2072
1 2873
1 708
1 5875
1 5978
1 5214
1 503
1 1609
1 8993
1 2818
1 1803
1 5610
1 7931
1 9863
1 4720
1 1625
1 2427
1 904
1 6668
1 2428
1 3863
1 5715
1 1716
1 2986
1 5745
1 1464
1 7364
1 5324
1 7467
1 8650
1 6629
1 5059
1 7651
1 7239
1 665
1 1692
1 6468
1 128
1 3255
1 9276
1 7728
1 7652
1 7589
1 6104
1 4369
1 2776
1 7508
1 7185
1 760
1 1050
1 5566
1 9640
1 2303
1 1870
1 4632
1 5697
1 645
1 3676
1 8327
1 7167
1 9620
1 5859
1 160
1 6643
1 5057
1 7601
1 1347
1 9563
1 5188
1 909
1 9151
1 1733
1 984
1 9733
1 1664
1 9620
1 1976
1 9551
1 7370
1 5803
1 904
1 7870
1 4166
1 8501
1 3782
1 1881
1 8375
1 1248
1 1997
1 8618
1 6580
1 7563
1 784
1 5844
1 4002
1 6813
1 2887
1 5400
1 7647
1 4997
1 1000
1 1356
1 2454
1 5369
1 8589
1 5348
1 3839
1 3205
1 5825
1 7861
1 3252
1 1209
1 3715
1 6390
1 1285
1 8693
1 415
1 1075
1 9819
1 8541
1 8282
1 8227
1 2231
1 16
1 4412
1 6111
1 5501
1 6136
1 4531
1 2911
1 4695
1 2818
1 1220
1 812
1 1528
1 6333
1 1699
1 7074
1 4981
1 2970
1 9184
1 8065
1 3739
1 321
1 7817
1 6950
1 1641
1 902
1 4253
1 8257
1 3664
1 3802
1 8957
1 5
1 4462
1 2925
1 522
1 836
1 6786
1 9850
1 984
1 3217
1 4218
1 1341
1 7277
1 9609
1 8397
1 6874
1 6829
1 9930
1 4476
1 5598
1 5243
1 4249
1 5409
1 146
1 4678
1 5288
1 5851
1 1868
1 514
1 2849
1 563
1 9155
1 940
1 423
1 6917
1 8398
1 2647
1 9595
1 7871
1 8243
1 2351
1 1499
1 6906
1 1730
1 9944
1 82
1 5497
1 8360
1 3243
1 9723
1 4665
1 5224
1 2674
1 3730
1 8474
1 5876
1 425
1 691
1 6788
1 9402
1 8299
1 3669
1 8945
1 7961
1 4747
1 8738
1 4716
1 3631
1 6564
1 6542
1 1519
1 2965
1 7906
1 1678
1 7123
1 660
1 3143
1 7650
1 3806
1 7794
1 8372
1 1107
1 9528
1 1976
1 2791
1 2560
1 3227
1 2745
1 8122
1 3451
1 5506
1 8288
1 8691
1 4341
1 9855
1 6535
1 5789
1 1068
1 4075
1 1800
1 2430
1 5072
1 8752
1 4946
1 233
1 5711
1 4299
1 9254
1 4508
1 4424
1 5788
1 9449
1 5524
1 684
1 3370
1 7433
1 345
1 7094
1 6960
1 7089
1 480
1 8754
1 9136
1 4545
1 7558
1 2124
1 3901
1 6393
1 9341
1 2816
1 7493
1 6920
1 4956
1 4325
1 3823
1 4202
1 9775
1 3004
1 6920
1 7444
1 4784
1 2790
1 214
1 1890
1 1204
1 3032
1 5050
1 8113
1 9665
1 3894
1 3430
1 6328
1 62
1 6600
1 4852
1 2726
1 9111
1 2211
1 7914
1 2060
1 2843
1 8223
1 6518
1 4870
1 7766
1 9351
1 7930
1 2724
1 5086
1 6594
1 3502
1 9628
1 385
1 8156
1 3542
1 9931
1 4762
1 4817
1 5938
1 861
1 7977
1 8112
1 1376
1 5669
1 3078
1 8843
1 5448
1 5972
1 6760
1 3406
1 901
1 1882
1 4011
1 6356
1 6524
1 9089
1 4606
1 3816
1 2651
1 9890
1 4266
1 1454
1 4926
1 2534
1 4760
1 6378
1 5770
1 6973
1 9975
1 1787
1 9623
1 7929
1 269
1 9331
1 9078
1 5462
1 8689
1 5660
1 5514
1 1219
1 4995
1 716
1 5637
1 5432
1 6685
1 4300
1 5144
1 3421
1 2949
1 1203
1 8150
1 6314
1 6677
1 117
1 2130
1 3994
1 2340
1 5857
1 6661
1 1414
1 9759
1 544
1 2084
1 7950
1 2571
1 1767
1 2053
1 8461
1 4338
1 7244
1 4789
1 5097
1 4253
1 1410
1 8177
1 5985
1 8855
1 9983
1 3961
1 174
1 1370
1 9277
1 3839
1 8712
1 5749
1 1623
1 4749
1 5822
1 2280
1 1094
1 9327
1 3452
1 8769
1 5845
1 970
1 8587
1 8902
1 1229
1 6040
1 8681
1 9532
1 1206
1 850
1 3970
1 3685
1 1062
1 9652
1 4359
1 5229
1 3528
1 9325
1 7372
1 8504
1 3558
1 9763
1 1866
1 3485
1 9699
1 6962
1 5786
1 4461
1 3964
1 3968
1 8302
1 5447
1 1012
1 4924
1 9954
1 8372
1 6717
1 3984
1 2213
1 4727
1 8318
1 4798
1 8781
1 1854
1 3205
1 8215
1 2303
1 6214
1 5426
1 8981
1 5389
1 4668
1 2275
1 8379
1 7393
1 7352
1 5941
1 3636
1 9403
1 2709
1 8293
1 9838
1 8189
1 9906
1 462
1 532
1 7588
1 1516
1 8409
1 3734
1 9354
1 5538
1 2054
1 9408
1 1731
1 5182
1 8431
1 674
1 2340
1 5701
1 2259
1 7005
1 3212
1 5466
1 5827
1 1663
1 7331
1 2348
1 724
1 4253
1 4486
1 7209
1 914
1 4538
1 4487
1 2108
1 2193
1 4252
1 8946
1 7956
1 1411
1 9063
1 5223
1 3821
1 9297
1 3957
1 8851
1 8973
1 904
1 4929
1 2539
1 5506
1 2670
1 5853
1 8618
1 333
1 9641
1 2147
1 8034
1 5212
1 7628
1 7727
1 5645
1 4103
1 5543
1 6021
1 2606
1 6940
1 4269
1 5020
1 2792
1 9092
1 651
1 9823
1 2136
1 8890
1 9384
1 5018
1 5581
1 1206
1 4292
1 4487
1 7920
1 6793
1 7414
1 860
1 3714
1 9963
1 1369
1 3469
1 8406
1 6436
1 1507
1 9286
1 4126
1 5515
1 1194
1 2208
1 404
1 83
1 6891
1 7108
1 3530
1 1560
1 8372
1 2987
1 4918
1 8124
1 3114
1 1723
1 3515
1 9389
1 4690
1 9412
1 6624
1 930
1 972
1 7278
1 3851
1 7205
1 8697
1 4793
1 367
1 4067
1 6280
1 29
1 1337
1 3016
1 6875
1 8528
1 508
1 4302
1 341
1 8079
1 6566
1 6205
1 5694
1 5969
1 5549
1 7242
1 3779
1 9234
1 9161
1 3489
1 5883
1 3998
1 4894
1 6849
1 2764
1 5483
1 574
1 3468
1 3061
1 2621
1 4552
1 4191
1 6703
1 7378
1 9995
1 4893
1 8468
1 3967
1 5018
1 9130
1 9826
1 62
1 409
1 6860
1 4019
1 6346
1 9115
1 6797
1 3988
1 5450
1 5639
1 5153
1 2783
1 5698
1 1530
1 4002
1 1755
1 4081
1 8466
1 2391
1 1421
1 1249
1 6650
1 6289
1 5974
1 8072
1 1133
1 1239
1 6117
1 8619
1 9891
1 5173
1 4103
1 8388
1 9191
1 6702
1 4179
1 9099
1 7474
1 3705
1 8781
1 7435
1 8610
1 400
1 2300
1 7041
1 6063
1 3901
1 1660
1 8018
1 1022
1 6038
1 3563
1 8176
1 8298
1 6840
1 9920
1 9032
1 3406
1 5328
1 3591
1 7156
1 8662
1 2085
1 7717
1 7954
1 5401
1 7602
1 3562
1 5845
1 6375
1 6001
1 2599
1 6891
1 2536
1 7549
1 1993
1 1710
1 7369
1 885
1 538
1 5209
1 8795
1 9905
1 4098
1 5729
1 4263
1 9262
1 4844
1 9807
1 7396
1 8136
1 2140
1 2268
1 9496
1 3557
1 1047
1 49
1 3711
1 7908
1 3317
1 1649
1 7935
1 9224
1 8755
1 7665
1 1637
1 5748
1 5439
1 2633
1 3404
1 4977
1 2142
1 7957
1 6634
1 8375
1 3870
1 8212
1 2214
1 4547
1 3903
1 8937
1 5471
1 6486
1 1762
1 214
1 6341
1 5211
1 2043
1 8627
1 9869
1 927
1 64
1 2090
1 5951
1 7901
1 6930
1 5709
1 6438
1 8506
1 6775
1 8281
1 7775
1 5244
1 9298
1 5439
1 7459
1 7126
1 8123
1 9847
1 1260
1 5237
1 2243
1 1126
1 3241
1 5279
1 6433
1 9862
1 3000
1 7940
1 5047
1 18
1 2606
1 2648
1 1835
1 9015
1 703
1 5592
1 3856
1 1856
1 1814
1 8152
1 3642
1 1165
1 3608
1 5998
1 8672
1 2548
1 4713
1 4244
1 4469
1 9099
1 4336
1 7096
1 1036
1 6642
1 9245
1 5387
1 910
1 4560
1 2663
1 7216
1 7222
1 9817
1 8179
1 2609
1 1417
1 2178
1 1035
1 7300
1 7874
1 9954
1 4005
1 9041
1 4537
1 4994
1 8297
1 8814
1 4352
1 35
1 2021
1 1696
1 3949
1 6726
1 5770
1 7865
1 1480
1 2334
1 9620
1 6808
1 2493
1 5399
1 251
1 6812
1 4386
1 3697
1 8603
1 630
1 8473
1 3880
1 6977
1 1724
1 9422
1 2099
1 3145
1 7478
1 6067
1 5511
1 8512
1 6466
1 6531
1 2980
1 9557
1 4670
1 653
1 9440
1 4982
1 8256
1 5081
1 3616
1 7764
1 4525
1 3024
1 3633
1 6820
1 3241
1 4088
1 8206
1 8564
1 1615
1 4081
1 492
1 6130
1 6187
1 1214
1 3388
1 5869
1 8104
1 4627
1 8821
1 5757
1 1688
1 1279
1 2388
1 9497
1 6537
1 4180
1 3820
1 5012
1 5385
1 7046
1 8662
1 3951
1 4529
1 4050
1 6572
1 7242
1 1219
1 2458
1 1304
1 1334
1 6041
1 8684
1 6910
1 9323
1 9271
1 2141
1 7496
1 1018
1 9706
1 3437
1 863
1 4116
1 1138
1 6220
1 5548
1 3292
1 3303
1 5160
1 372
1 1068
1 9138
1 5593
1 9846
1 4441
1 118
1 23
1 4459
1 7118
1 582
1 6215
1 346
1 1992
1 5679
1 8566
1 9662
1 9488
1 713
1 6035
1 1229
1 7467
1 5406
1 4618
1 5335
1 7579
1 4990
1 9087
1 3454
1 3354
1 8278
1 3039
1 7283
1 7626
1 3725
1 6249
1 6122
1 6891
1 4219
1 9714
1 122
1 3627
1 9415
1 5106
1 2221
1 205
1 7632
1 5141
1 1386
1 2307
1 1831
1 4904
1 2052
1 3089
1 9049
1 5051
1 8379
1 9137
1 4703
1 4640
1 2138
1 4639
1 7756
1 5188
1 3979
1 6720
1 5274
1 2263
1 423
1 6237
1 5113
1 6477
1 7346
1 1572
1 4403
1 2974
1 6693
1 9393
1 5354
1 5375
1 4405
1 3028
1 1293
1 9992
1 6073
1 5836
1 9018
1 6571
1 675
1 935
1 620
1 506
1 7259
1 251
1 954
1 2157
1 4926
1 2373
1 1984
1 6467
1 8923
1 1949
1 5671
1 956
1 1268
1 3813
1 5110
1 9868
1 1501
1 4655
1 1788
1 2800
1 4861
1 4849
1 7843
1 497
1 6677
1 9559
1 1682
1 3749
1 2890
1 8528
1 5476
1 1647
1 9866
1 6307
1 7366
1 4703
1 7631
1 6140
1 7406
1 8425
1 1819
1 1002
1 9419
1 3372
1 4145
1 4483
1 773
1 121
1 1387
1 9707
1 6177
1 8087
1 3057
1 7988
1 3194
1 1348
1 3949
1 8805
1 1100
1 9461
1 54
1 851
1 5758
1 1471
1 6205
1 8435
1 4475
1 299
1 3252
1 9999
1 1355
1 7675
1 9420
1 8080
1 605
1 3508
1 8349
1 209
1 6872
1 3557
1 8315
1 7144
1 2432
1 4268
1 3943
1 5899
1 4695
1 5266
1 7244
1 8762
1 7860
1 872
1 2112
1 3004
1 1124
1 5849
1 7735
1 6004
1 7602
1 6035
1 7781
1 3717
1 3673
1 7497
1 8290
1 4203
1 1510
1 3588
1 5724
1 2194
1 62
1 7063
1 7157
1 54
1 7352
1 638
1 471
1 5310
1 2609
1 6940
1 8488
1 3040
1 5029
1 5147
1 8473
1 2055
1 6218
1 2895
1 2572
1 917
1 479
1 5703
1 9264
1 5177
1 7836
1 7036
1 8724
1 3059
1 6206
1 6601
1 6948
1 7668
1 1217
1 7010
1 9832
1 5528
1 9038
1 8754
1 7385
1 2658
1 8266
1 3240
1 4590
1 1995
1 7610
1 8702
1 1693
1 8120
1 4126
1 7074
1 6450
1 2936
1 169
1 1519
1 7949
1 7745
1 5823
1 9619
1 9441
1 1689
1 5693
1 8913
1 437
1 9285
1 3262
1 6808
1 8377
1 7404
1 5909
1 5256
1 1572
1 2743
1 9737
1 1487
1 316
1 5676
1 4306
1 9167
1 5443
1 8695
1 9836
1 6350
1 515
1 6735
1 4358
1 6643
1 1752
1 4283
1 6966
1 3679
1 3850
1 3222
1 2425
1 1670
1 553
1 800
1 4139
1 6815
1 4981
1 2423
1 8730
1 5980
1 697
1 5725
1 5370
1 2626
1 7837
1 7419
1 4026
1 8469
1 1934
1 3480
1 2595
1 9766
1 4731
1 3227
1 6497
1 1905
1 4720
1 9498
1 6793
1 8639
1 2056
1 411
1 1512
1 639
1 7729
1 2637
1 6194
1 523
1 2553
1 1208
1 9225
1 2870
1 3714
1 1935
1 1990
1 946
1 5036
1 9515
1 6261
1 6842
1 8270
1 2137
1 6957
1 496
1 1724
1 5591
1 893
1 3885
1 3632
1 1304
1 8850
1 5618
1 7019
1 5367
1 4908
1 9980
1 4051
1 4272
1 9259
1 1913
1 5417
1 2986
1 6251
1 4316
1 6890
1 500
1 5103
1 8026
1 3399
1 3390
1 4129
1 4673
1 3847
1 5653
1 9436
1 802
1 7820
1 7381
1 6649
1 5677
1 324
1 5584
1 9476
1 5841
1 8371
1 1985
1 2485
1 8959
1 4572
1 4335
1 8411
1 7934
1 869
1 6201
1 973
1 4302
1 5135
1 848
1 2090
1 6846
1 9286
1 3066
1 2757
1 2167
1 4208
1 3265
1 5752
1 2512
1 8952
1 5391
1 5113
1 4868
1 3239
1 1269
1 2063
1 373
1 6214
1 1163
1 7809
1 3527
1 6472
1 789
1 3555
1 6385
1 5892
1 7069
1 9454
1 6949
1 9003
1 1241
1 8984
1 6763
1 2327
1 4561
1 9009
1 6444
1 3943
1 1910
1 5633
1 4092
1 2628
1 5203
1 2562
1 4195
1 2743
1 5304
1 588
1 392
1 410
1 7286
1 79
1 4575
1 9529
1 735
1 6988
1 6945
1 1140
1 9340
1 3136
1 1948
1 2949
1 2511
1 5264
1 3716
1 7401
1 6301
1 9341
1 5931
1 3151
1 6712
1 5058
1 3559
1 4070
1 1520
1 521
1 1779
1 2984
1 4221
1 5933
1 2794
1 8984
1 9253
1 9000
1 8214
1 5868
1 1572
1 5570
1 6585
1 5235
1 4236
1 8042
1 6325
1 7215
1 2597
1 6348
1 6539
1 4905
1 7422
1 5935
1 4769
1 2441
1 8452
1 5266
1 253
1 6446
1 6426
1 3447
1 5438
1 7182
1 7478
1 9543
1 1616
1 569
1 2331
1 4497
1 4011
1 8712
1 6563
1 5578
1 3432
1 1970
1 6992
1 9394
1 869
1 6649
1 148
1 2588
1 3470
1 6104
1 2512
1 3972
1 2239
1 6907
1 5656
1 1976
1 3296
1 8322
1 6027
1 5817
1 2768
1 9991
1 9288
1 469
1 9642
1 6939
1 7720
1 7650
1 68
1 2603
1 2817
1 2959
1 8254
1 6903
1 5737
1 4401
1 7896
1 9199
1 9869
1 6555
1 4607
1 1336
1 6734
1 1563
1 5535
1 3314
1 7641
1 6303
1 6804
1 1774
1 8097
1 1904
1 7037
1 6190
1 2585
1 1577
1 9801
1 7345
1 4613
1 4456
1 2752
1 9782
1 3886
1 6949
1 1961
1 4041
1 4696
1 6449
1 8460
1 9203
1 2255
1 3936
1 2612
1 2798
1 2270
1 5893
1 40
1 7743
1 6779
1 7867
1 4321
1 920
1 8874
1 4219
1 3488
1 826
1 6807
1 6885
1 4461
1 6285
1 7624
1 4710
1 1551
1 3332
1 6648
1 8758
1 629
1 7183
1 8271
1 7972
1 4662
1 9577
1 5438
1 1381
1 8271
1 1695
1 8618
1 4508
1 4832
1 9127
1 1935
1 8787
1 7907
1 1796
1 6522
1 392
1 2325
1 1095
1 9397
1 1447
1 715
1 4811
1 2226
1 678
1 804
1 6869
1 5506
1 3229
1 2388
1 6111
1 4813
1 9427
1 1822
1 5551
1 5988
1 5158
1 9321
1 3748
1 8116
1 6366
1 7651
1 2206
1 2238
1 6867
1 1063
1 9330
1 873
1 250
1 963
1 9047
1 6053
1 7957
1 1340
1 4009
1 66
1 471
1 9687
1 9782
1 3589
1 405
1 5554
1 4226
1 459
1 2335
1 212
1 7099
1 3939
1 5610
1 2954
1 9600
1 3255
1 1993
1 4061
1 3553
1 9489
1 2128
1 6040
1 3627
1 5467
1 140
1 4882
1 4718
1 3668
1 9408
1 302
1 3277
1 7085
1 7286
1 5093
1 7467
1 8615
1 2003
1 4785
1 3524
1 3550
1 8583
1 2874
1 6168
1 9249
1 9809
1 4805
1 7080
1 6470
1 1189
1 8598
1 2416
1 5899
1 5739
1 6492
1 4871
1 4045
1 4047
1 1766
1 6053
1 6459
1 529
1 2586
1 9298
1 2303
1 5202
1 7522
1 4266
1 8414
1 5409
1 6611
1 6442
1 2306
1 3559
1 390
1 1033
1 4710
1 2780
1 5266
1 9536
1 2228
1 4112
1 8297
1 3545
1 3071
1 1807
1 6964
1 4732
1 2179
1 8731
1 4416
1 5265
1 6666
1 3023
1 4507
1 1619
1 1615
1 9028
1 2057
1 3454
1 5868
1 3774
1 7222
1 7911
1 4830
1 2021
1 4326
1 7560
1 1259
1 6257
1 2605
1 7592
1 6632
1 7286
1 3009
1 3438
1 3729
1 3886
1 9703
1 6890
1 7458
1 2724
1 2535
1 9215
1 1968
1 6124
1 5068
1 6724
1 862
1 5547
1 4713
1 3472
1 8756
1 5061
1 3178
1 9646
1 8269
1 396
1 9092
1 7797
1 5247
1 6945
1 2036
1 755
1 1018
1 4215
1 2078
1 5352
1 4854
1 4782
1 8647
1 845
1 6627
1 7574
1 2317
1 3262
1 4586
1 8505
1 102
1 3560
1 9913
1 4002
1 3298
1 440
1 4387
1 778
1 1240
1 4203
1 3682
1 5352
1 4969
1 607
1 8959
1 247
1 2393
1 9194
1 7142
1 9136
1 6443
1 7824
1 1682
1 1510
1 2943
1 821
1 1476
1 6097
1 5137
1 6279
1 5184
1 3410
1 691
1 5311
1 1063
1 675
1 8073
1 948
1 6268
1 2004
1 6190
1 3208
1 607
1 1203
1 8831
1 409
1 7592
1 359
1 2588
1 8464
1 8198
1 3334
1 3190
1 1250
1 8504
1 261
1 8020
1 9498
1 3989
1 4081
1 5768
1 5609
1 9851
1 9583
1 2125
1 6438
1 3695
1 6446
1 7716
1 7153
1 410
1 3914
1 7299
1 3285
1 2509
1 168
1 9130
1 7066
1 8530
1 9113
1 6729
1 9339
1 363
1 5126
1 2438
1 4131
1 5779
1 430
1 7329
1 1416
1 3294
1 6036
1 9762
1 9437
1 9972
1 266
1 7726
1 2407
1 7112
1 360
1 1889
1 3416
1 4689
1 5178
1 7156
1 8644
1 1921
1 8488
1 5790
1 5527
1 2475
1 4108
1 1651
1 2936
1 440
1 4554
1 2501
1 9166
1 1820
1 2198
1 7442
1 6245
1 3042
1 375
1 6523
1 2137
1 7132
1 3828
1 2103
1 8985
1 907
1 3506
1 6984
1 6349
1 2492
1 4187
1 4659
1 8499
1 6594
1 9251
1 9443
1 7964
1 293
1 8195
1 7595
1 3615
1 5849
1 6920
1 3276
1 2905
1 5110
1 3909
1 6234
1 6256
1 4335
1 7579
1 9972
1 5638
1 2206
1 9596
1 4050
1 7659
1 3674
1 3332
1 5012
1 5073
1 7507
1 893
1 6428
1 6251
1 6555
1 4966
1 582
1 8783
1 6002
1 666
1 8895
1 8870
1 1920
1 5419
1 4293
1 7281
1 2097
1 1224
1 2311
1 7185
1 4360
1 7101
1 1647
1 844
1 5094
1 7750
1 8252
1 886
1 1776
1 3139
1 5090
1 6449
1 6379
1 379
1 2404
1 5969
1 2820
1 1516
1 5592
1 2558
1 1338
1 9075
1 7822
1 8641
1 177
1 4608
1 2683
1 1813
1 9524
1 1442
1 323
1 5932
1 4053
1 5987
1 8801
1 3488
1 496
1 5314
1 1382
1 8396
1 1076
1 7838
1 6078
1 9792
1 883
1 2770
1 3881
1 37
1 1758
1 5070
1 6123
1 5716
1 2936
1 3258
1 5455
1 1497
1 3653
1 9896
1 6086
1 713
1 7542
1 4916
1 379
1 3384
1 9269
1 6147
1 857
1 7921
1 8282
1 8350
1 8222
1 7188
1 6830
1 2637
1 5341
1 4363
1 1425
1 8767
1 6013
1 1457
1 6622
1 8418
1 2569
1 9686
1 2279
1 8051
1 2282
1 4051
1 4117
1 727
1 2400
1 2438
1 7500
1 1630
1 6544
1 1980
1 9512
1 4610
1 7254
1 8592
1 5232
1 7295
1 702
1 9881
1 5062
1 5580
1 1391
1 8719
1 3711
1 1073
1 2205
1 7854
1 5023
1 9362
1 6090
1 8916
1 5824
1 8151
1 8246
1 639
1 7107
1 9706
1 2339
1 1476
1 3548
1 2984
1 1265
1 504
1 8642
1 251
1 8093
1 3408
1 4887
1 9374
1 4256
1 7481
1 5326
1 5560
1 2001
1 9774
1 5947
1 7626
1 2484
1 9557
1 8191
1 2539
1 2754
1 2326
1 4765
1 4617
1 6578
1 1071
1 3480
1 2834
1 4443
1 3826
1 1533
1 3812
1 8369
1 2045
1 5133
1 4401
1 9120
1 2244
1 7111
1 7740
1 824
1 8218
1 9260
1 1419
1 7979
1 2578
1 6401
1 3799
1 6327
1 7858
1 9953
1 924
1 5014
1 6986
1 1404
1 8586
1 3239
1 6506
1 4088
1 4037
1 3571
1 1831
1 7922
1 7687
1 1166
1 9084
1 3518
1 1041
1 6521
1 9932
1 4314
1 2316
1 7995
1 2552
1 1453
1 1201
1 1157
1 9100
1 8933
1 9109
1 3475
1 419
1 554
1 349
1 5274
1 4715
1 2244
1 7285
1 5293
1 6789
1 7130
1 9771
1 2414
1 5575
1 4719
1 4654
1 6108
1 5641
1 8787
1 9018
1 4360
1 118
1 50
1 6774
1 5476
1 2302
1 5426
1 702
1 551
1 4496
1 6364
1 6503
1 2814
1 7759
1 412
1 9237
1 4025
1 9547
1 5255
1 2003
1 1789
1 4935
1 128
1 403
1 260
1 4904
1 3664
1 2086
1 3776
1 1325
1 9928
1 5122
1 6140
1 7891
1 6105
1 3131
1 1751
1 2680
1 4203
1 9198
1 1869
1 5057
1 3965
1 62
1 9461
1 8130
1 6525
1 7975
1 5692
1 3219
1 4159
1 4961
1 5744
1 2494
1 1715
1 5955
1 5733
1 1021
1 8136
1 5458
1 1961
1 6592
1 7590
1 1198
1 1528
1 4553
1 8333
1 1624
1 5894
1 8670
1 8904
1 10
1 8214
1 7344
1 4109
1 2508
1 9384
1 8012
1 8486
1 6883
1 208
1 2175
1 4857
1 9839
1 6805
1 890
1 1182
1 870
1 2242
1 4407
1 4591
1 3582
1 7396
1 1972
1 7003
1 3209
1 6275
1 4241
1 5614
1 6119
1 847
1 4704
1 554
1 6784
1 6506
1 8580
1 9023
1 2757
1 4872
1 9565
1 4438
1 900
1 851
1 4123
1 2660
1 6090
1 7014
1 7528
1 4329
1 2500
1 1258
1 6558
1 7283
1 7810
1 5506
1 153
1 3018
1 7845
1 6485
1 3830
1 5669
1 6527
1 3896
1 7600
1 4397
1 4300
1 40
1 6717
1 2031
1 7862
1 3311
1 8449
1 2389
1 8478
1 5028
1 271
1 7129
1 6777
1 2008
1 2330
1 1957
1 51
1 9322
1 6189
1 7197
1 9628
1 9892
1 8067
1 733
1 3712
1 5107
1 8188
1 1936
1 7611
1 3661
1 4900
1 3429
1 1975
1 5181
1 3940
1 680
1 2263
1 5066
1 2161
1 1432
1 2248
1 4056
1 5092
1 8984
1 7392
1 4525
1 8955
1 53
1 4257
1 704
1 8337
1 3466
1 1577
1 5353
1 2061
1 9886
1 9651
1 9610
1 5054
1 5843
1 124
1 2096
1 4158
1 2779
1 4223
1 1542
1 2112
1 8369
1 2520
1 9748
1 5146
1 4999
1 7505
1 1525
1 4737
1 2962
1 4985
1 2705
1 3103
1 978
1 3531
1 7666
1 6941
1 5585
1 2195
1 7671
1 6314
1 3096
1 5764
1 9821
1 4743
1 5855
1 5312
1 4674
1 4449
1 1026
1 1815
1 7021
1 8661
1 299
1 3033
1 4698
1 329
1 2998
1 1205
1 3526
1 9402
1 7221
1 9423
1 4314
1 6404
1 485
1 5694
1 8601
1 8074
1 8621
1 7525
1 3416
1 3432
1 9103
1 9125
1 6425
1 6646
1 3446
1 8878
1 9461
1 1481
1 5645
1 7933
1 3229
1 3122
1 1670
1 3216
1 5088
1 4681
1 2895
1 9385
1 9993
1 4770
1 3646
1 6200
1 7901
1 6318
1 7806
1 8715
1 2083
1 5321
1 3146
1 924
1 5260
1 8370
1 9730
1 1396
1 1397
1 2502
1 8952
1 3486
1 3906
1 1686
1 1952
1 9680
1 1370
1 8837
1 5058
1 4479
1 7463
1 5663
1 8070
1 5216
1 2416
1 1905
1 395
1 3508
1 8146
1 5233
1 278
1 2698
1 5068
1 474
1 1481
1 9016
1 9102
1 4467
1 8648
1 9320
1 7225
1 615
1 4879
1 6829
1 5008
1 7642
1 8648
1 4249
1 1037
1 9949
1 3633
1 6249
1 5341
1 7873
1 6087
1 466
1 131
1 7920
1 324
1 1454
1 6858
1 4783
1 412
1 9372
1 3100
1 221
1 7384
1 1805
1 4193
1 3765
1 3977
1 8606
1 5318
1 8232
1 9206
1 4459
1 8386
1 3855
1 4938
1 8482
1 534
1 6595
1 6193
1 6589
1 750
1 7558
1 9531
1 1352
1 5978
1 7059
1 4889
1 3373
1 9653
1 5745
1 89
1 8368
1 7458
1 2802
1 6899
1 1295
1 9334
1 2890
1 1779
1 3857
1 394
1 3854
1 1451
1 1839
1 2039
1 7675
1 6806
1 4452
1 8661
1 9051
1 2794
1 82
1 1201
1 6281
1 2448
1 2480
1 4728
1 3791
1 9271
1 2752
1 6827
1 3599
1 9870
1 3630
1 6077
1 9800
1 7918
1 7756
1 149
1 4751
1 2066
1 2726
1 7033
1 4046
1 5867
1 3338
1 6286
1 2182
1 8590
1 3490
1 6748
1 9777
1 9576
1 11
1 3881
1 6054
1 5748
1 2607
1 498
1 6074
1 3509
1 8707
1 5276
1 1836
1 6664
1 63
1 7700
1 9286
1 8842
1 4159
1 5490
1 6273
1 3141
1 845
1 240
1 102
1 8926
1 7224
1 7711
1 3706
1 7212
1 3417
1 6232
1 5037
1 5544
1 4823
1 5753
1 4100
1 4326
1 5440
1 128
1 5958
1 8446
1 3545
1 8362
1 9626
1 9762
1 7818
1 5096
1 7090
1 6401
1 4447
1 2147
1 941
1 5928
1 8865
1 8976
1 1039
1 7500
1 48
1 9670
1 1210
1 7978
1 27
1 3682
1 7071
1 5020
1 5023
1 513
1 862
1 7476
1 366
1 6551
1 5688
1 7577
1 1441
1 1402
1 8914
1 5470
1 3649
1 9099
1 1433
1 8132
1 6672
1 6515
1 8081
1 5661
1 8779
1 2836
1 6872
1 337
1 2703
1 4575
1 6612
1 8925
1 6868
1 1115
1 4967
1 6153
1 6101
1 2894
1 2800
1 7946
1 7193
1 6025
1 3010
1 8282
1 2202
1 1685
1 9805
1 8396
1 8479
1 2110
1 2439
1 3879
1 8805
1 4321
1 6289
1 9851
1 3190
1 6698
1 2398
1 7940
1 2916
1 6195
1 6861
1 1038
1 3172
1 2317
1 7367
1 2482
1 9268
1 146
1 113
1 6757
1 3894
1 5554
1 3860
1 208
1 788
1 1918
1 7017
1 1920
1 2988
1 4898
1 5214
1 71
1 5898
1 939
1 3613
1 8881
1 7702
1 8853
1 5005
1 7689
1 6127
1 2099
1 4373
1 8742
1 7123
1 8049
1 9618
1 9435
1 2184
1 3156
1 8107
1 1727
1 9815
1 2807
1 3810
1 4753
1 5457
1 930
1 6649
1 1881
1 3122
1 2344
1 3401
1 6379
1 6042
1 4386
1 9105
1 7521
1 6411
1 2633
1 2804
1 7187
1 4657
1 3064
1 2396
1 6071
1 5954
1 1432
1 9477
1 2852
1 1904
1 6949
1 1334
1 71
1 2978
1 5512
1 7013
1 9589
1 8283
1 6079
1 6894
1 8472
1 1112
1 4794
1 1317
1 968
1 7401
1 2326
1 8513
1 9372
1 5154
1 8273
1 7876
1 8246
1 1100
1 7771
1 3675
1 5999
1 9658
1 1176
1 173
1 1343
1 1601
1 3879
1 3537
1 9090
1 2685
1 1350
1 4397
1 6919
1 1497
1 7600
1 1198
1 8231
1 7957
1 8819
1 7580
1 886
1 7629
1 2754
1 3262
1 7953
1 5608
1 1862
1 8598
1 3970
1 3323
1 9052
1 2920
1 8771
1 349
1 7538
1 875
1 5170
1 9446
1 8526
1 6868
1 8151
1 3552
1 5027
1 3701
1 9831
1 1557
1 892
1 5388
1 5296
1 8819
1 6206
1 1686
1 7821
1 1520
1 4770
1 9762
1 7046
1 4892
1 2469
1 9964
1 8457
1 1182
1 6690
1 7369
1 469
1 1284
1 2419
1 8380
1 7263
1 5614
1 7507
1 9267
1 637
1 1985
1 5774
1 3207
1 3745
1 5513
1 766
1 5059
1 3565
1 6575
1 8662
1 7542
1 552
1 3782
1 1577
1 3742
1 2689
1 1154
1 1333
1 6968
1 5033
1 3101
1 2240
1 6216
1 8427
1 8746
1 6724
1 8729
1 935
1 2356
1 6886
1 1434
1 3060
1 8814
1 5038
1 5590
1 3175
1 2207
1 1947
1 2671
1 1831
1 64
1 4177
1 8234
1 3600
1 183
1 4738
1 4784
1 3235
1 1259
1 2071
1 6905
1 7424
1 1748
1 5545
1 6644
1 2009
1 7472
1 5617
1 302
1 7670
1 626
1 5861
1 8277
1 1945
1 2060
1 9867
1 1903
1 9857
1 8498
1 3663
1 1161
1 4951
1 8215
1 2458
1 5413
1 502
1 2973
1 5081
1 9324
1 2948
1 6071
1 2105
1 1710
1 1407
1 6527
1 57
1 3869
1 662
1 1933
1 1221
1 3746
1 1366
1 3129
1 2418
1 9678
1 3432
1 8588
1 9231
1 9949
1 3576
1 9556
1 4029
1 294
1 5462
1 8209
1 7794
1 1025
1 3122
1 5791
1 8133
1 9545
1 8248
1 1155
1 4995
1 1767
1 6935
1 3410
1 2074
1 1456
1 6615
1 9614
1 5182
1 5771
1 9855
1 7097
1 486
1 9731
1 7662
1 6011
1 2517
1 6195
1 4242
1 6625
1 2914
1 1785
1 8342
1 8228
1 4920
1 7729
1 6676
1 8180
1 4200
1 8342
1 3240
1 7786
1 6676
1 8591
1 4338
1 4628
1 1160
1 3881
1 2648
1 8593
1 827
1 8211
1 9525
1 9883
1 4958
1 4824
1 6119
1 7605
1 9427
1 2359
1 6086
1 6128
1 7013
1 7905
1 9603
1 5857
1 4490
1 3887
1 8036
1 3516
1 1289
1 5903
1 1037
1 9755
1 318
1 204
1 1457
1 8598
1 1873
1 8880
1 8875
1 1453
1 2158
1 495
1 1890
1 1407
1 9909
1 7629
1 1179
1 2201
1 2687
1 379
1 6318
1 3255
1 3214
1 1445
1 4865
1 4696
1 6333
1 5310
1 5633
1 8406
1 790
1 5049
1 6336
1 8601
1 161
1 2157
1 8843
1 3860
1 3433
1 6670
1 2725
1 8811
1 1820
1 6243
1 6129
1 8231
1 368
1 818
1 8489
1 8948
1 9928
1 1024
1 2950
1 354
1 4121
1 5945
1 4930
1 8505
1 1103
1 7794
1 9755
1 6167
1 2168
1 1660
1 9434
1 8146
1 5828
1 5920
1 8044
1 4030
1 6442
1 2789
1 3620
1 491
1 6402
1 9200
1 7328
1 1694
1 7375
1 8343
1 2771
1 3783
1 1920
1 186
1 2100
1 9359
1 2602
1 1777
1 3094
1 6389
1 1244
1 6114
1 2914
1 9824
1 7844
1 5469
1 2201
1 5682
1 6958
1 3453
1 2482
1 7783
1 3756
1 1616
1 1245
1 4328
1 1903
1 7279
1 7832
1 858
1 4789
1 2937
1 6280
1 9058
1 4252
1 3302
1 1724
1 1249
1 4612
1 5245
1 6932
1 139
1 7994
1 2335
1 4049
1 5276
1 3884
1 2833
1 487
1 9091
1 6044
1 7050
1 8759
1 6106
1 4982
1 25
1 117
1 6556
1 273
1 1499
1 9093
1 8043
1 2808
1 7124
1 2758
1 1683
1 6871
1 2825
1 5018
1 3105
1 8094
1 2395
1 6786
1 8892
1 1322
1 3530
1 6971
1 3834
1 861
1 3758
1 7885
1 7542
1 5067
1 4743
1 6340
1 2140
1 5129
1 9433
1 83
1 917
1 9760
1 3914
1 9565
1 8146
1 1774
1 1755
1 8476
1 2735
1 7307
1 2597
1 9945
1 4283
1 5302
1 8047
1 6634
1 6143
1 3490
1 2095
1 6869
1 8009
1 7729
1 8479
1 8390
1 3434
1 8610
1 5240
1 786
1 4151
1 3124
1 3218
1 7522
1 6358
1 4640
1 9734
1 8450
1 583
1 7816
1 2773
1 1128
1 2293
1 2106
1 6696
1 8470
1 7815
1 3846
1 464
1 9700
1 9240
1 4905
1 1770
1 1260
1 2529
1 1609
1 2981
1 2606
1 687
1 9982
1 995
1 1533
1 9894
1 4521
1 1074
1 7742
1 3550
1 9788
1 5988
1 5431
1 1155
1 6217
1 3067
1 3323
1 4551
1 8006
1 4711
1 7933
1 8901
1 1745
1 6066
1 6956
1 641
1 4593
1 2950
1 1062
1 4672
1 5743
1 2723
1 1439
1 9707
1 2373
1 2416
1 5855
1 5678
1 7226
1 566
1 9253
1 870
1 3272
1 9571
1 3447
1 3537
1 6066
1 5578
1 247
1 5575
1 626
1 3876
1 408
1 9674
1 2591
1 8223
1 8107
1 4602
1 4965
1 9787
1 4607
1 1881
1 6743
1 7534
1 2438
1 6495
1 6579
1 9750
1 6705
1 2692
1 1907
1 1962
1 1632
1 7848
1 1605
1 1281
1 6218
1 9526
1 5549
1 2407
1 1001
1 3227
1 1605
1 1426
1 4558
1 3755
1 9819
1 3285
1 2740
1 3908
1 8354
1 3211
1 2990
1 1247
1 4843
1 8387
1 8874
1 7235
1 8958
1 596
1 8132
1 3927
1 7077
1 8288
1 4308
1 6001
1 7210
1 1400
1 3312
1 5331
1 7108
1 526
1 9346
1 2224
1 9896
1 4882
1 4044
1 2877
1 804
1 1165
1 8809
1 1820
1 5711
1 4432
1 2279
1 617
1 6327
1 7089
1 5061
1 6704
1 9828
1 4122
1 1617
1 1375
1 1009
1 4522
1 3753
1 5518
1 7466
1 2594
1 5919
1 1417
1 1337
1 7765
1 4095
1 6483
1 5438
1 2825
1 5324
1 7511
1 1950
1 5390
1 1204
1 9048
1 1460
1 9418
1 7680
1 3439
1 4060
1 3699
1 700
1 9328
1 8873
1 9269
1 6241
1 4898
1 9139
1 9344
1 2780
1 1409
1 8795
1 1243
1 2955
1 5236
1 1700
1 3267
1 4629
1 1084
1 6197
1 4385
1 4552
1 3828
1 537
1 4228
1 579
1 9145
1 8189
1 6272
1 9877
1 1296
1 9026
1 9575
1 5656
1 9343
1 8655
1 7499
1 3828
1 9258
1 5650
1 5189
1 1949
1 6574
1 5268
1 4097
1 3273
1 6137
1 7709
1 3856
1 2821
1 858
1 6368
1 1346
1 1157
1 5344
1 4783
1 3245
1 505
1 6582
1 5213
1 2955
1 8992
1 9871
1 6588
1 1706
1 9968
1 8403
1 9353
1 9938
1 9404
1 1345
1 222
1 5194
1 6667
1 3476
1 2347
1 3682
1 8269
1 6760
1 5028
1 33
1 1361
1 5095
1 7263
1 406
1 8088
1 8075
1 9472
1 3548
1 9012
1 1275
1 2840
1 8327
1 7219
1 872
1 455
1 7546
1 7064
1 1033
1 9754
1 3847
1 6742
1 5195
1 1390
1 4936
1 2053
1 282
1 5994
1 7554
1 7116
1 9523
1 9475
1 7837
1 3197
1 152
1 3697
1 9646
1 1053
1 4991
1 6322
1 8387
1 7264
1 5377
1 6258
1 6466
1 4286
1 5974
1 4519
1 4643
1 1220
1 4968
1 3206
1 6783
1 9868
1 2318
1 1410
1 3519
1 6749
1 8700
1 9362
1 9039
1 8854
1 2506
1 4554
1 1889
1 4902
1 5713
1 3970
1 2988
1 2290
1 1755
1 6007
1 6730
1 3182
1 4275
1 7963
1 2534
1 7363
1 9078
1 5367
1 2332
1 9351
1 9663
1 8016
1 1481
1 4726
1 2249
1 5790
1 6408
1 9543
1 9906
1 3590
1 7163
1 3374
1 1080
1 5127
1 4744
1 2721
1 7023
1 5741
1 1515
1 7883
1 8104
1 9780
1 5021
1 4078
1 9369
1 4872
1 7425
1 364
1 6112
1 7098
1 6093
1 7199
1 649
1 6128
1 1560
1 2219
1 6339
1 7697
1 7941
1 7265
1 3673
1 8730
1 4391
1 9787
1 3471
1 1082
1 8076
1 1363
1 6709
1 7943
1 9605
1 4775
1 6503
1 9047
1 819
1 6761
1 5120
1 1208
1 3733
1 2533
1 280
1 4925
1 2815
1 7023
1 2395
1 4101
1 7879
1 2210
1 8855
1 5242
1 420
1 4541
1 4779
1 3914
1 4395
1 6061
1 7857
1 6013
1 2677
1 1129
1 6585
1 4286
1 8297
1 8974
1 9798
1 9789
1 1222
1 4399
1 1406
1 8787
1 245
1 5726
1 6637
1 6353
1 5842
1 4319
1 585
1 8363
1 4241
1 5730
1 8602
1 6839
1 8694
1 2463
1 9906
1 5018
1 6284
1 1459
1 6918
1 440
1 1050
1 8388
1 5630
1 2555
1 4496
1 2596
1 5237
1 1320
1 5610
1 3426
1 3552
1 4997
1 6681
1 3027
1 7737
1 7363
1 3172
1 8049
1 4748
1 6798
1 987
1 4009
1 8685
1 6409
1 5703
1 7293
1 9434
1 4116
1 7719
1 7735
1 3407
1 621
1 1512
1 2727
1 8417
1 3322
1 1339
1 1895
1 4244
1 3130
1 2864
1 9308
1 2189
1 887
1 3554
1 1320
1 4891
1 4535
1 172
1 749
1 6409
1 8820
1 1340
1 6250
1 8815
1 3170
1 7756
1 7051
1 3765
1 2495
1 289
1 9899
1 6177
1 7755
1 1771
1 7614
1 4155
1 7744
1 7454
1 3691
1 1253
1 7097
1 451
1 6440
1 6426
1 2634
1 5755
1 2954
1 4851
1 4521
1 7537
1 7196
1 1782
1 3395
1 3191
1 2979
1 651
1 3408
1 5783
1 8213
1 6535
1 9720
1 9692
1 9228
1 5376
1 4927
1 5087
1 101
1 2603
1 2135
1 9327
1 3582
1 1508
1 2519
1 5001
1 5221
1 4054
1 5185
1 4390
1 6646
1 393
1 8688
1 5668
1 5498
1 3185
1 2327
1 1164
1 9987
1 8259
1 7090
1 4335
1 2260
1 9012
1 7029
1 4894
1 1092
1 7165
1 1699
1 7589
1 8783
1 1142
1 9059
1 2141
1 4185
1 7622
1 6178
1 4510
1 5351
1 3337
1 8610
1 2312
1 1167
1 4659
1 2474
1 7541
1 267
1 4405
1 5923
1 7134
1 9371
1 7113
1 4992
1 9028
1 2968
1 7820
1 3143
1 4172
1 379
1 630
1 3583
1 1234
1 7888
1 165
1 2743
1 7495
1 4401
1 9203
1 6275
1 2167
1 3446
1 4124
1 8981
1 340
1 6422
1 3985
1 6993
1 9913
1 6434
1 4414
1 4722
1 3842
1 7182
1 6382
1 8467
1 6915
1 5403
1 3066
1 1368
1 3741
1 4624
1 2349
1 9614
1 1045
1 1373
1 2204
1 6836
1 5079
1 6403
1 3721
1 4472
1 2116
1 4700
1 9971
1 2954
1 2440
1 885
1 6238
1 4406
1 7756
1 6136
1 8779
1 8587
1 1058
1 1451
1 4732
1 3817
1 8715
1 4245
1 6058
1 5873
1 2634
1 5719
1 4796
1 2774
1 6694
1 9970
1 345
1 4181
1 7110
1 6073
1 243
1 2369
1 5257
1 6883
1 5849
1 7774
1 3050
1 8694
1 9335
1 4174
1 7364
1 8686
1 8878
1 2859
1 2123
1 6394
1 7982
1 2257
1 2956
1 9821
1 783
1 8133
1 6012
1 1616
1 7872
1 2096
1 3193
1 8682
1 4872
1 7470
1 3050
1 2332
1 3131
1 1701
1 9170
1 3753
1 3731
1 7075
1 9589
1 5903
1 324
1 8843
1 6588
1 6581
1 722
1 19
1 7514
1 9445
1 5381
1 6093
1 1628
1 4636
1 5670
1 9785
1 3515
1 272
1 4169
1 3074
1 6831
1 5153
1 2865
1 6860
1 4458
1 9232
1 4500
1 8753
1 7469
1 6270
1 1218
1 8541
1 6505
1 1536
1 8928
1 8702
1 6814
1 6171
1 4597
1 2870
1 682
1 9080
1 719
1 585
1 4592
1 9568
1 4752
1 9226
1 3518
1 2715
1 6345
1 2030
1 69
1 1324
1 5563
1 1843
1 3684
1 7597
1 1597
1 7777
1 4927
1 2405
1 1441
1 6005
1 7535
1 4260
1 8855
1 5586
1 468
1 9710
1 9063
1 7362
1 6997
1 3913
1 2316
1 734
1 2819
1 9888
1 7515
1 2554
1 274
1 5670
1 9443
1 8051
1 9204
1 3092
1 8424
1 8321
1 2199
1 8371
1 5010
1 9783
1 2935
1 4777
1 4446
1 9983
1 6760
1 2049
1 21
1 2842
1 9704
1 3688
1 4386
1 5530
1 5702
1 957
1 576
1 5829
1 6063
1 943
1 7939
1 2502
1 4720
1 5180
1 2538
1 4101
1 6320
1 7892
1 7628
1 8415
1 3534
1 3893
1 2071
1 7737
1 1919
1 3685
1 4003
1 2098
1 1134
1 2146
1 6019
1 9136
1 1847
1 6902
1 2269
1 3072
1 7752
1 6168
1 7445
1 8060
1 6240
1 6565
1 8534
1 9385
1 489
1 6471
1 9186
1 3922
1 5214
1 2921
1 5204
1 3004
1 5219
1 6199
1 6083
1 5250
1 2737
1 9561
1 3545
1 3221
1 6727
1 6697
1 1723
1 6895
1 4078
1 5974
1 8766
1 6808
1 5049
1 894
1 6843
1 3413
1 8191
1 9625
1 4283
1 1551
1 1215
1 9091
1 7926
1 1389
1 1598
1 4816
1 2171
1 3122
1 8465
1 6507
1 7849
1 727
1 3717
1 6495
1 8091
1 1247
1 7082
1 2257
1 2085
1 1378
1 181
1 9027
1 4223
1 1353
1 6394
1 1606
1 8843
1 3283
1 3
1 1897
1 971
1 8218
1 9961
1 219
1 9132
1 6592
1 4239
1 6353
1 698
1 7790
1 5526
1 5797
1 1451
1 2474
1 4892
1 3928
1 8297
1 1706
1 2516
1 7466
1 4356
1 7376
1 8217
1 5264
1 617
1 8486
1 5316
1 5113
1 7544
1 8980
1 657
1 1409
1 8214
1 8550
1 8272
1 8948
1 5348
1 5571
1 8105
1 2358
1 6950
1 8396
1 7900
1 7582
1 4350
1 2292
1 3478
1 5785
1 3037
1 6919
1 7806
1 2877
1 6246
1 1865
1 9886
1 4520
1 3505
1 361
1 102
1 1814
1 8639
1 4371
1 824
1 6224
1 3313
1 2169
1 5672
1 3270
1 9192
1 1175
1 5413
1 4853
1 6039
1 3683
1 7341
1 4117
1 4306
1 9895
1 429
1 2833
1 5795
1 3946
1 1474
1 3547
1 6167
1 45
1 436
1 729
1 6601
1 9799
1 4175
1 6748
1 9747
1 1910
1 4226
1 2536
1 6020
1 2005
1 3804
1 2146
1 7548
1 2603
1 8558
1 6353
1 7028
1 9363
1 759
1 1513
1 9892
1 2360
1 2231
1 4578
1 230
1 7492
1 5645
1 8353
1 3634
1 1800
1 1184
1 9753
1 9352
1 1657
1 3790
1 50
1 9595
1 5569
1 1050
1 5923
1 9589
1 683
1 4678
1 4433
1 9370
1 8944
1 5388
1 2007
1 8572
1 7793
1 4566
1 4896
1 1197
1 7652
1 3924
1 8447
1 2685
1 2577
1 9039
1 5224
1 1747
1 996
1 418
1 2645
1 5076
1 3078
1 1824
1 9764
1 3082
1 1335
1 627
1 8413
1 8148
1 4083
1 294
1 2118
1 5671
1 7728
1 6469
1 1382
1 7075
1 7252
1 3885
1 5293
1 1687
1 5107
1 116
1 1554
1 5980
1 4184
1 3510
1 4153
1 6919
1 2313
1 9353
1 6329
1 3370
1 6566
1 3332
1 9171
1 703
1 7097
1 4284
1 8267
1 494
1 9803
1 5270
1 5117
1 4842
1 731
1 6646
1 7306
1 185
1 7801
1 6053
1 6631
1 6014
1 4347
1 1275
1 6167
1 922
1 2652
1 7376
1 3611
1 8767
1 8554
1 445
1 579
1 5146
1 6339
1 7419
1 9545
1 8453
1 3975
1 411
1 7649
1 8985
1 4937
1 7981
1 6110
1 1711
1 4768
1 1226
1 2452
1 7603
1 3660
1 6877
1 9313
1 5463
1 3498
1 4002
1 3229
1 9377
1 4242
1 8280
1 5189
1 8734
1 9642
1 7107
1 85
1 9028
1 6436
1 8091
1 3133
1 9184
1 4817
1 720
1 5705
1 3645
1 6908
1 1490
1 9792
1 7095
1 2939
1 5084
1 5551
1 4191
1 1360
1 1499
1 3467
1 5273
1 137
1 6287
1 8424
1 5754
1 8728
1 6925
1 1200
1 4092
1 4580
1 5534
1 3284
1 1302
1 2474
1 3579
1 297
1 3127
1 1850
1 5436
1 8328
1 9554
1 5821
1 5616
1 2232
1 8270
1 9224
1 7019
1 8904
1 9871
1 1850
1 3464
1 906
1 8940
1 2517
1 9163
1 31
1 8826
1 5360
1 301
1 9097
1 3211
1 8137
1 2394
1 916
1 210
1 3953
1 50
1 9947
1 9109
1 6495
1 1601
1 7802
1 3424
1 3101
1 6355
1 6468
1 561
1 6382
1 4403
1 6242
1 3668
1 8325
1 3119
1 1408
1 7700
1 6080
1 3150
1 4096
1 4620
1 9736
1 617
1 7142
1 3422
1 5893
1 2946
1 7334
1 6954
1 1962
1 8580
1 8271
1 5095
1 4634
1 9414
1 4934
1 8069
1 990
1 7286
1 6508
1 6408
1 2268
1 1845
1 3987
1 442
1 3504
1 846
1 6949
1 4479
1 6528
1 8983
1 4284
1 9753
1 2446
1 7062
1 6205
1 5581
1 1201
1 1582
1 3900
1 567
1 6837
1 5765
1 2759
1 7621
1 1462
1 9363
1 3576
1 2462
1 8999
1 7824
1 9475
1 458
1 6612
1 9544
1 8405
1 6896
1 7552
1 6083
1 4857
1 5141
1 2545
1 1601
1 861
1 6111
1 2382
1 4739
1 8974
1 2041
1 3647
1 6092
1 7502
1 6792
1 8399
1 3395
1 649
1 7336
1 6680
1 5099
1 8271
1 6598
1 6630
1 9235
1 731
1 852
1 6305
1 2526
1 169
1 4202
1 8390
1 8250
1 1515
1 76
1 4693
1 3678
1 4493
1 5757
1 5675
1 29
1 4644
1 3786
1 1401
1 7105
1 9026
1 7440
1 153
1 6017
1 1370
1 5152
1 8032
1 249
1 5313
1 4052
1 9690
1 9404
1 1208
1 7222
1 2425
1 443
1 716
1 5100
1 1559
1 856
1 5446
1 3793
1 7030
1 6613
1 9170
1 4086
1 3442
1 451
1 317
1 6502
1 176
1 2433
1 5136
1 3668
1 9202
1 8931
1 9309
1 8439
1 8027
1 1954
1 5507
1 3535
1 6296
1 8430
1 8899
1 4018
1 6897
1 6118
1 3611
1 4729
1 7773
1 6944
1 600
1 8502
1 5406
1 3186
1 4313
1 8710
1 5802
1 5497
1 3107
1 2769
1 1619
1 251
1 3116
1 532
1 7461
1 4167
1 258
1 3278
1 1941
1 4720
1 9847
1 3195
1 6391
1 7828
1 6643
1 9737
1 2548
1 7369
1 6445
1 5919
1 8959
1 4570
1 6285
1 7009
1 3590
1 5416
1 4331
1 3169
1 8942
1 410
1 9113
1 4934
1 4833
1 6239
1 8614
1 5205
1 4923
1 1052
1 2242
1 6369
1 1276
1 7628
1 2541
1 8585
1 4811
1 4344
1 1570
1 4585
1 1417
1 4718
1 758
1 4659
1 9381
1 9639
1 952
1 4538
1 2726
1 9767
1 3205
1 3781
1 219
1 869
1 4353
1 2276
1 2130
1 3182
1 5418
1 708
1 2133
1 7970
1 4141
1 7774
1 9742
1 5957
1 2451
1 9007
1 971
1 1301
1 8255
1 3340
1 3655
1 7022
1 2757
1 7026
1 3541
1 3649
1 2064
1 3787
1 6616
1 5065
1 873
1 2071
1 1720
1 3768
1 30
1 3981
1 4927
1 154
1 8795
1 3093
1 9408
1 522
1 9538
1 1254
1 8410
1 2707
1 9554
1 3407
1 4567
1 5680
1 7794
1 7720
1 3154
1 342
1 1828
1 8933
1 4209
1 9688
1 1105
1 789
1 7890
1 1563
1 6928
1 4302
1 7396
1 6877
1 2311
1 2905
1 5564
1 6991
1 2625
1 1381
1 6461
1 3712
1 3976
1 219
1 2828
1 9887
1 1795
1 44
1 1769
1 4514
1 8675
1 967
1 3841
1 9386
1 2913
1 4131
1 1291
1 5604
1 5512
1 1265
1 1420
1 2823
1 5706
1 8088
1 7980
1 7652
1 936
1 1511
1 4947
1 2371
1 6172
1 5958
1 8499
1 7265
1 1923
1 5240
1 5692
1 503
1 7736
1 7215
1 3408
1 4482
1 1612
1 2104
1 1186
1 6399
1 110
1 6292
1 6025
1 7960
1 7910
1 3288
1 8568
1 7032
1 6878
1 6154
1 9004
1 1832
1 6115
1 6667
1 3829
1 3584
1 7900
1 2767
1 5607
1 6829
1 3305
1 1477
1 7383
1 8813
1 3681
1 505
1 3470
1 6365
1 8841
1 4652
1 4124
1 5098
1 80
1 6855
1 6011
1 167
1 5013
1 4995
1 3277
1 2466
1 7901
1 5211
1 1728
1 6419
1 7353
1 6368
1 2116
1 6183
1 5406
1 5997
1 5259
1 7588
1 9368
1 534
1 892
1 9151
1 8507
1 9515
1 9399
1 4454
1 1391
1 8396
1 2733
1 1414
1 1051
1 4914
1 8890
1 7582
1 1208
1 4665
1 3215
1 2827
1 1114
1 8184
1 7897
1 2023
1 8321
1 4328
1 754
1 1569
1 8365
1 8593
1 8196
1 8657
1 9102
1 4219
1 2551
1 4605
1 7707
1 7260
1 3744
1 2573
1 8366
1 7461
1 3008
1 5074
1 2307
1 4228
1 3118
1 7606
1 8956
1 2190
1 1885
1 8617
1 9340
1 5205
1 1959
1 2987
1 2031
1 5668
1 7657
1 2979
1 1678
1 7136
1 479
1 150
1 1968
1 7499
1 7419
1 4035
1 5233
1 9078
1 7237
1 1061
1 3086
1 2311
1 7375
1 7638
1 5237
1 472
1 3575
1 9622
1 7291
1 1340
1 6231
1 6439
1 614
1 5973
1 268
1 2868
1 1978
1 5358
1 7029
1 5244
1 7715
1 4882
1 3655
1 1537
1 9691
1 283
1 2226
1 6701
1 2437
1 3098
1 8794
1 6067
1 6905
1 4928
1 562
1 9723
1 7019
1 5386
1 1344
1 2132
1 3586
1 7359
1 3623
1 7055
1 6795
1 6414
1 3641
1 2815
1 6986
1 7427
1 9369
1 5863
1 6646
1 2624
1 4916
1 9470
1 8590
1 6910
1 5725
1 3986
1 6003
1 5462
1 6643
1 13
1 9182
1 5884
1 4253
1 868
1 5632
1 8000
1 1387
1 979
1 7925
1 4712
1 9445
1 6975
1 6665
1 5936
1 7750
1 5766
1 6043
1 7862
1 2381
1 7286
1 8157
1 3214
1 4541
1 8041
1 2062
1 4111
1 8451
1 4319
1 1889
1 997
1 4103
1 613
1 5877
1 5985
1 8411
1 8294
1 3710
1 5211
1 356
1 9468
1 9562
1 5564
1 6752
1 7304
1 6674
1 6380
1 1202
1 791
1 2069
1 2957
1 1716
1 785
1 7555
1 1842
1 5553
1 657
1 1490
1 7890
1 8951
1 9477
1 2334
1 7809
1 836
1 1382
1 6530
1 918
1 5350
1 7275
1 8141
1 7084
1 2526
1 6835
1 6025
1 1724
1 6502
1 8140
1 2717
1 1817
1 9212
1 7980
1 9651
1 9549
1 9459
1 5499
1 4598
1 6119
1 4886
1 1095
1 6151
1 1393
1 3737
1 4209
1 4820
1 912
1 2176
1 1127
1 5090
1 3188
1 8284
1 5997
1 9597
1 4638
1 8031
1 9917
1 2251
1 1442
1 5981
1 6035
1 4328
1 2964
1 6801
1 9947
1 5800
1 3924
1 7356
1 7447
1 8467
1 6619
1 5984
1 9857
1 7386
1 6019
1 3372
1 8299
1 5845
1 6680
1 9013
1 5262
1 8636
1 2732
1 9716
1 766
1 1862
1 4517
1 1947
1 532
1 4058
1 6704
1 3047
1 364
1 9061
1 1181
1 9000
1 9640
1 927
1 6894
1 7600
1 5050
1 4133
1 1628
1 2187
1 10000
1 9433
1 654
1 6738
1 2303
1 7489
1 645
1 64
1 5271
1 8542
1 2642
1 6183
1 3595
1 9007
1 4613
1 1058
1 8232
1 231
1 2707
1 3156
1 2970
1 156
1 3442
1 7998
1 9318
1 4546
1 9955
1 8803
1 6884
1 9626
1 5012
1 2693
1 3469
1 8174
1 8856
1 8313
1 8532
1 5461
1 6307
1 9048
1 940
1 2964
1 9608
1 9343
1 5177
1 5857
1 5081
1 4164
1 9540
1 7544
1 3677
1 2307
1 7832
1 9371
1 7594
1 2383
1 4590
1 6128
1 7631
1 8801
1 8283
1 1670
1 824
1 1626
1 3172
1 8703
1 6073
1 7144
1 157
1 4764
1 785
1 4070
1 390
1 9003
1 8544
1 8021
1 1692
1 5318
1 3840
1 1540
1 3592
1 3371
1 7197
1 9363
1 8530
1 1316
1 8493
1 9423
1 7371
1 7364
1 8505
1 6703
1 3659
1 8731
1 9830
1 6082
1 5865
1 4905
1 2496
1 1580
1 3337
1 1517
1 7338
1 3000
1 3183
1 4544
1 6915
1 7143
1 634
1 5777
1 6265
1 988
1 9004
1 7047
1 992
1 8371
1 6682
1 169
1 9073
1 3506
1 330
1 5818
1 5646
1 6144
1 1725
1 2271
1 4359
1 330
1 8440
1 4833
1 665
1 6025
1 6639
1 3882
1 6420
1 3504
1 9475
1 6044
1 1461
1 2307
1 5065
1 7761
1 2389
1 3785
1 6476
1 1475
1 4310
1 7528
1 36
1 1147
1 9650
1 8006
1 7314
1 5176
1 7651
1 5547
1 9641
1 64
1 5300
1 1182
1 978
1 8449
1 2540
1 9141
1 9894
1 2950
1 703
1 1435
1 3727
1 8328
1 8499
1 9092
1 115
1 2456
1 3107
1 8356
1 5908
1 3644
1 1171
1 7550
1 6206
1 633
1 6950
1 5799
1 2462
1 1309
1 1888
1 9721
1 9619
1 3562
1 9008
1 9797
1 4138
1 6130
1 8838
1 2761
1 771
1 8675
1 579
1 6472
1 8350
1 4723
1 9870
1 161
1 67
1 1538
1 7005
1 8859
1 5774
1 5406
1 2766
1 2041
1 843
1 2846
1 8078
1 8685
1 2464
1 1552
1 8436
1 1276
1 4011
1 6175
1 9125
1 4355
1 5137
1 4400
1 6883
1 9733
1 1593
1 8725
1 4974
1 1197
1 1357
1 9793
1 9200
1 2164
1 2321
1 4181
1 3368
1 1111
1 7307
1 5829
1 9317
1 6237
1 967
1 9389
1 4999
1 9860
1 3357
1 3775
1 7707
1 189
1 4741
1 2098
1 8488
1 3060
1 8161
1 6340
1 4890
1 5180
1 4288
1 6325
1 6383
1 4643
1 5701
1 523
1 1547
1 7748
1 3710
1 4639
1 3553
1 9110
1 3946
1 3837
1 50
1 4339
1 6144
1 4805
1 4587
1 5102
1 6165
1 1751
1 8249
1 2805
1 8425
1 3807
1 7467
1 1213
1 1902
1 9101
1 2482
1 4217
1 6800
1 6947
1 8798
1 2215
1 6244
1 8765
1 7476
1 9250
1 4553
1 9393
1 372
1 8196
1 6077
1 2885
1 2942
1 7302
1 9237
1 5699
1 3652
1 5026
1 6185
1 3188
1 3874
1 614
1 7338
1 5478
1 8355
1 2769
1 8356
1 3541
1 8579
1 4248
1 3908
1 5952
1 4432
1 3097
1 459
1 2218
1 5259
1 3569
1 1507
1 2573
1 1999
1 7440
1 6824
1 7439
1 1122
1 7478
1 44
1 5459
1 1588
1 5519
1 7046
1 3172
1 3178
1 8448
1 5161
1 1243
1 163
1 590
1 8377
1 1926
1 9645
1 1106
1 7296
1 7675
1 9451
1 8412
1 2923
1 6811
1 2829
1 7454
1 9044
1 1143
1 8861
1 319
1 4942
1 1883
1 6715
1 2964
1 4995
1 8686
1 7350
1 2896
1 2289
1 110
1 8673
1 320
1 8666
1 2316
1 6283
1 3828
1 5893
1 659
1 639
1 2722
1 8418
1 6273
1 6501
1 7804
1 5044
1 2853
1 9510
1 6376
1 6279
1 6814
1 9812
1 3850
1 7164
1 9081
1 6424
1 6959
1 8620
1 3292
1 2398
1 2416
1 9962
1 8494
1 3188
1 4889
1 2979
1 5515
1 2335
1 1473
1 5314
1 2718
1 2393
1 6558
1 1910
1 5061
1 4354
1 9802
1 3844
1 285
1 939
1 8026
1 357
1 4555
1 8474
1 9444
1 986
1 9807
1 1502
1 8084
1 8432
1 6656
1 1927
1 5495
1 5163
1 509
1 655
1 1191
1 9194
1 8472
1 5893
1 3318
1 730
1 8416
1 7720
1 3081
1 3235
1 4141
1 4017
1 5797
1 1036
1 4593
1 576
1 1797
1 8722
1 117
1 6770
1 2903
1 1714
1 6874
1 9082
1 7404
1 3398
1 4737
1 7179
1 8731
1 7597
1 7114
1 6711
1 1493
1 103
1 3004
1 5066
1 4858
1 7017
1 1606
1 3032
1 3981
1 1287
1 6175
1 4757
1 9703
1 8423
1 8109
1 3105
1 7659
1 4059
1 8728
1 6779
1 6827
1 3348
1 1945
1 8642
1 2190
1 26
1 5836
1 62
1 1032
1 3687
1 4015
1 5806
1 4554
1 2910
1 2555
1 1392
1 922
1 5919
1 1931
1 1472
1 2083
1 3669
1 3250
1 3043
1 3959
1 2036
1 787
1 7618
1 2599
1 8859
1 8295
1 4750
1 2142
1 5628
1 5746
1 5879
1 5880
1 5210
1 5305
1 7553
1 3344
1 1620
1 6979
1 7872
1 2801
1 4138
1 5167
1 2006
1 2106
1 1379
1 1016
1 4341
1 2796
1 2554
1 9564
1 5942
1 4724
1 270
1 3554
1 3263
1 903
1 172
1 3456
1 411
1 5981
1 1101
1 1330
1 6928
1 6429
1 9104
1 8675
1 3846
1 2561
1 2000
1 7593
1 3820
1 673
1 6586
1 728
1 7462
1 4447
1 1397
1 4014
1 8502
1 182
1 1853
1 4115
1 8035
1 487
1 8873
1 4562
1 3290
1 5792
1 7471
1 9201
1 6555
1 1334
1 9727
1 6575
1 4359
1 3378
1 6868
1 6878
1 7623
1 5296
1 3854
1 2273
1 7277
1 6802
1 9736
1 797
1 8367
1 64
1 2985
1 7385
1 8208
1 1503
1 1801
1 9252
1 6841
1 4478
1 8520
1 4682
1 5409
1 3052
1 6477
1 6172
1 3957
1 4388
1 9726
1 288
1 2648
1 6025
1 2851
1 5550
1 2671
1 7917
1 3669
1 9671
1 4487
1 7655
1 4279
1 8907
1 6853
1 6676
1 8053
1 3389
1 8834
1 6186
1 9807
1 4426
1 800
1 8321
1 2221
1 6172
1 7153
1 2836
1 7531
1 2091
1 5471
1 8555
1 3513
1 6843
1 6099
1 826
1 7241
1 3320
1 5509
1 4270
1 92
1 2799
1 6880
1 990
1 2993
1 2758
1 7455
1 3930
1 5821
1 4529
1 1657
1 797
1 4163
1 1590
1 6893
1 7939
1 3555
1 99
1 3221
1 3908
1 3664
1 6240
1 834
1 5762
1 2894
1 2060
1 3183
1 4024
1 2054
1 9836
1 8212
1 7341
1 470
1 3761
1 1862
1 2764
1 1905
1 8727
1 4002
1 847
1 2169
1 3455
1 308
1 6693
1 1047
1 1272
1 2483
1 6282
1 9636
1 6342
1 3677
1 9159
1 830
1 9760
1 9114
1 7449
1 3328
1 3219
1 4453
1 8346
1 5814
1 5652
1 9539
1 6687
1 2452
1 7543
1 1038
1 2485
1 9868
1 1306
1 1262
1 3107
1 7619
1 7728
1 40
1 1019
1 2847
1 8004
1 7713
1 8244
1 492
1 6606
1 8332
1 2044
1 2870
1 8164
1 3269
1 4332
1 8307
1 1353
1 1544
1 8235
1 3438
1 6009
1 4613
1 6988
1 8963
1 9997
1 158
1 1167
1 9723
1 610
1 6188
1 3994
1 3643
1 8618
1 6088
1 6350
1 9043
1 7832
1 8328
1 9282
1 6870
1 9890
1 6651
1 1062
1 6610
1 3896
1 4299
1 9311
1 9948
1 685
1 849
1 9515
1 6291
1 2836
1 4936
1 3912
1 7098
1 3455
1 6050
1 7751
1 2033
1 8835
1 4882
1 6462
1 4277
1 3588
1 7048
1 4640
1 6022
1 5545
1 5745
1 6231
1 6908
1 4114
1 6654
1 7988
1 9676
1 794
1 4242
1 9219
1 5798
1 8947
1 7925
1 1828
1 2543
1 6381
1 1278
1 8672
1 6272
1 6487
1 5446
1 6678
1 2926
1 8136
1 2828
1 9852
1 5695
1 8422
1 2826
1 911
1 9405
1 8969
1 6618
1 5059
1 5653
1 3646
1 5981
1 1508
1 8893
1 8027
1 1203
1 6726
1 4864
1 5949
1 864
1 5032
1 730
1 8661
1 2646
1 635
1 6083
1 2151
1 7596
1 5025
1 6431
1 6676
1 2691
1 4682
1 8160
1 6589
1 7101
1 6451
1 5366
1 52
1 76
1 3977
1 2855
1 8922
1 1378
1 3816
1 1548
1 7961
1 4818
1 3840
1 1029
1 5943
1 4546
1 4754
1 9718
1 4006
1 6848
1 8339
1 3373
1 8357
1 8086
1 6310
1 9924
1 225
1 1795
1 8006
1 9387
1 2205
1 3263
1 4486
1 8295
1 1021
1 5463
1 7392
1 676
1 8518
1 6843
1 2674
1 2949
1 891
1 5543
1 8759
1 6688
1 9690
1 9133
1 4695
1 1155
1 7311
1 6114
1 733
1 1614
1 6704
1 9869
1 3207
1 2292
1 6882
1 8493
1 5377
1 2315
1 43
1 5063
1 7715
1 6516
1 2678
1 9477
1 8420
1 7838
1 3199
1 9615
1 2664
1 4190
1 8678
1 2822
1 1383
1 7860
1 7605
1 1401
1 4360
1 4957
1 3708
1 4934
1 9582
1 8961
1 3703
1 9433
1 866
1 4874
1 1260
1 8612
1 6047
1 3830
1 3377
1 7026
1 6377
1 2417
1 4770
1 3413
1 9773
1 3992
1 8976
1 9764
1 5672
1 4406
1 7937
1 3488
1 9996
1 1224
1 8983
1 4108
1 882
1 5116
1 2859
1 3621
1 6121
1 7351
1 3450
1 3686
1 4267
1 7145
1 9038
1 8133
1 3595
1 3448
1 4540
1 5316
1 6716
1 6214
1 5143
1 3309
1 1520
1 1323
1 6730
1 5105
1 2927
1 7192
1 7394
1 6616
1 2955
1 4145
1 8518
1 681
1 6377
1 6976
1 6975
1 7249
1 8865
1 4784
1 5726
1 7876
1 3858
1 7925
1 8063
1 3362
1 5961
1 2597
1 263
1 5375
1 8315
1 4764
1 9001
1 6401
1 7078
1 3373
1 7751
1 5086
1 2612
1 8843
1 2412
1 1999
1 4464
1 7984
1 4452
1 6544
1 5225
1 816
1 4028
1 2710
1 5707
1 7525
1 3183
1 4788
1 3566
1 425
1 3323
1 5744
1 1280
1 5806
1 207
1 1137
1 9912
1 4960
1 1786
1 9735
1 9051
1 4854
1 7193
1 8929
1 1885
1 6784
1 354
1 6253
1 5226
1 214
1 5434
1 2616
1 810
1 5578
1 2755
1 3816
1 1352
1 2697
1 2875
1 4620
1 8975
1 6418
1 9051
1 495
1 7664
1 5833
1 335
1 9130
1 1666
1 2405
1 8753
1 4269
1 3259
1 6151
1 191
1 919
1 1933
1 502
1 5327
1 6663
1 1058
1 9427
1 3779
1 3783
1 9634
1 3690
1 5735
1 5042
1 4642
1 9591
1 1557
1 3957
1 8295
1 3104
1 1695
1 1460
1 5833
1 4305
1 8845
1 121
1 851
1 3681
1 7771
1 9755
1 2167
1 9332
1 8196
1 5910
1 5425
1 5811
1 3755
1 8591
1 7208
1 8451
1 4510
1 3553
1 3900
1 5701
1 3503
1 7212
1 8639
1 9661
1 1906
1 497
1 8033
1 5022
1 6206
1 7168
1 7568
1 9514
1 8740
1 4080
1 3012
1 168
1 7838
1 7460
1 1079
1 6808
1 5253
1 1318
1 5705
1 5303
1 8983
1 7632
1 8764
1 4718
1 2896
1 3868
1 7211
1 613
1 6633
1 76
1 1264
1 3965
1 2037
1 8714
1 4765
1 2556
1 6861
1 1295
1 2123
1 3598
1 7359
1 2839
1 2178
1 3422
1 7576
1 9473
1 2946
1 3192
1 750
1 3351
1 8265
1 4970
1 3245
1 7259
1 8303
1 8793
1 7583
1 4512
1 2579
1 8397
1 8638
1 6378
1 4049
1 3485
1 88
1 1194
1 4367
1 4918
1 3699
1 3840
1 4004
1 5546
1 7105
1 3947
1 1682
1 8017
1 8569
1 2856
1 3700
1 3335
1 3238
1 7646
1 6118
1 903
1 6005
1 1694
1 2855
1 5411
1 6051
1 5848
1 6651
1 7768
1 66
1 7605
1 171
1 7032
1 9041
1 8581
1 1274
1 6481
1 6534
1 9805
1 451
1 3526
1 2960
1 2697
1 5327
1 9582
1 1700
1 2469
1 8439
1 2869
1 7608
1 7304
1 4946
1 2443
1 8344
1 5951
1 5201
1 6568
1 4038
1 285
1 6535
1 4973
1 5617
1 2137
1 4742
1 5597
1 5210
1 3900
1 2324
1 1452
1 4750
1 2956
1 8774
1 9824
1 3444
1 8842
1 6630
1 4404
1 948
1 9959
1 6461
1 1577
1 3510
1 5746
1 1732
1 6349
1 2042
1 1905
1 2037
1 2205
1 4621
1 373
1 7104
1 3695
1 2725
1 7973
1 811
1 2708
1 9450
1 1074
1 386
1 3966
1 3174
1 3281
1 2105
1 9467
1 1069
1 319
1 8911
1 5873
1 2801
1 6430
1 1178
1 3782
1 219
1 9357
1 4787
1 3557
1 6593
1 2172
1 5798
1 1102
1 6052
1 4387
1 7687
1 5475
1 5887
1 5675
1 7552
1 5047
1 2083
1 249
1 1331
1 7369
1 2991
1 2342
1 7160
1 7032
1 9367
1 2965
1 6584
1 5494
1 8517
1 7469
1 9069
1 1665
1 6790
1 5874
1 8727
1 8380
1 4487
1 6262
1 2446
1 9485
1 2963
1 8997
1 8348
1 2201
1 892
1 5330
1 367
1 8385
1 9246
1 3139
1 7396
1 6562
1 8661
1 3803
1 4105
1 6698
1 3037
1 20
1 2173
1 4469
1 6507
1 1903
1 1755
1 2480
1 8085
1 8272
1 6173
1 4445
1 4082
1 7286
1 3823
1 3699
1 1098
1 695
1 2992
1 2621
1 8607
1 8752
1 8209
1 278
1 4751
1 2125
1 1472
1 820
1 6098
1 4411
1 6156
1 3078
1 3344
1 7700
1 2861
1 5438
1 9096
1 3632
1 4190
1 6152
1 2224
1 3571
1 885
1 7513
1 4889
1 1283
1 3818
1 4091
1 3382
1 6414
1 8220
1 368
1 5373
1 5297
1 4793
1 1677
1 3086
1 9490
1 8731
1 9310
1 7642
1 5727
1 2041
1 6207
1 5998
1 6053
1 1102
1 4821
1 9182
1 1320
1 4922
1 4131
1 6516
1 9175
1 7629
1 760
1 3041
1 6607
1 2592
1 4269
1 6149
1 7547
1 2544
1 7877
1 7084
1 113
1 8202
1 1411
1 3803
1 7778
1 8051
1 6618
1 9210
1 6028
1 7006
1 7979
1 5066
1 7620
1 2927
1 6895
1 669
1 1688
1 5245
1 614
1 4869
1 5682
1 1403
1 446
1 7112
1 7387
1 6900
1 1665
1 5316
1 3041
1 9260
1 7629
1 4887
1 9904
1 3077
1 9574
1 9810
1 5636
1 5206
1 528
1 4876
1 1294
1 4334
1 2906
1 9681
1 8028
1 8445
1 6703
1 7318
1 7783
1 3616
1 7085
1 8442
1 7804
1 335
1 8554
1 4538
1 9783
1 7916
1 8193
1 7001
1 8456
1 4439
1 1691
1 7319
1 988
1 9830
1 4843
1 5373
1 5673
1 8418
1 4676
1 2898
1 4119
1 7222
1 5760
1 3979
1 8435
1 2403
1 8419
1 9249
1 4383
1 986
1 6750
1 4456
1 9352
1 1546
1 9451
1 4262
1 1005
1 4112
1 7980
1 1
1 9840
1 7195
1 6358
1 280
1 7819
1 941
1 2898
1 9532
1 6815
1 7643
1 2602
1 4775
1 1988
1 5329
1 1994
1 6986
1 9964
1 5961
1 673
1 7639
1 6649
1 6869
1 2495
1 9816
1 7976
1 7195
1 6926
1 152
1 8560
1 1502
1 649
1 8404
1 6863
1 8007
1 9568
1 1055
1 9445
1 5685
1 1095
1 1328
1 5584
1 9349
1 1279
1 4995
1 6683
1 6641
1 9515
1 2173
1 9791
1 4168
1 1399
1 403
1 6614
1 8136
1 2269
1 4477
1 6739
1 2475
1 9512
1 4082
1 8686
1 5104
1 7937
1 1583
1 5446
1 7811
1 7818
1 9530
1 6354
1 9315
1 7064
1 7633
1 1395
1 8600
1 6633
1 1598
1 4058
1 65
1 1011
1 7639
1 7062
1 7409
1 9412
1 169
1 9644
1 2124
1 9086
1 3974
1 7234
1 4122
1 130
1 1126
1 6222
1 8828
1 3125
1 6621
1 4721
1 8664
1 3123
1 2092
1 1786
1 2363
1 5238
1 1938
1 2017
1 8279
1 8175
1 3774
1 8342
1 1057
1 5717
1 6622
1 649
1 6745
1 9856
1 5213
1 2739
1 6974
1 2750
1 8979
1 3978
1 7918
1 1442
1 4863
1 7188
1 5639
1 9838
1 8270
1 2409
1 3272
1 8281
1 6231
1 5177
1 3650
1 5304
1 8058
1 6520
1 7026
1 6999
1 3581
1 52
1 3394
1 9722
1 8595
1 9904
1 9086
1 4749
1 5189
1 7692
1 80
1 8144
1 8868
1 3327
1 7964
1 799
1 5774
1 3983
1 7594
1 2349
1 9418
1 4385
1 2816
1 8135
1 7989
1 8810
1 7309
1 2670
1 2377
1 6218
1 7578
1 2546
1 6689
1 9840
1 6149
1 6079
1 8222
1 164
1 7157
1 9750
1 8396
1 9837
1 9652
1 3699
1 9585
1 9324
1 2950
1 3901
1 6113
1 1794
1 4256
1 3339
1 6618
1 7222
1 5153
1 4571
1 4967
1 2938
1 4515
1 9164
1 1727
1 1580
1 8214
1 2289
1 6602
1 401
1 1836
1 9720
1 8170
1 9889
1 3276
1 2849
1 7260
1 3054
1 5404
1 6256
1 725
1 8613
1 4255
1 8154
1 4108
1 5101
1 3589
1 5226
1 5987
1 7895
1 2004
1 9944
1 8236
1 8514
1 5064
1 7004
1 3294
1 635
1 6647
1 8470
1 6248
1 3624
1 8241
1 8743
1 3434
1 2002
1 3206
1 5690
1 9585
1 2754
1 1566
1 7236
1 7167
1 6757
1 4079
1 3480
1 4726
1 9055
1 6000
1 1593
1 1125
1 6885
1 2816
1 7970
1 1894
1 8289
1 5189
1 4000
1 1877
1 5402
1 1609
1 8758
1 1696
1 3536
1 1930
1 1877
1 5456
1 881
1 9338
1 2080
1 9016
1 568
1 7311
1 2559
1 3317
1 1642
1 1658
1 3286
1 1811
1 9910
1 6297
1 3997
1 9911
1 4448
1 5098
1 5673
1 265
1 9835
1 6736
1 5153
1 6818
1 3827
1 4778
1 6091
1 4442
1 9829
1 7330
1 743
1 7880
1 859
1 6244
1 8781
1 5002
1 1484
1 732
1 5919
1 2479
1 7005
1 5247
1 6729
1 8715
1 8537
1 6871
1 9600
1 2950
1 8168
1 7601
1 272
1 6932
1 308
1 7402
1 2275
1 3242
1 1804
1 8296
1 2782
1 3422
1 7082
1 125
1 7379
1 4122
1 4012
1 8099
1 111
1 2814
1 2511
1 345
1 8293
1 6172
1 9526
1 1748
1 8403
1 9925
1 1014
1 3261
1 1178
1 8581
1 7944
1 6038
1 6578
1 1431
1 5299
1 2987
1 8274
1 3992
1 4783
1 1527
1 4986
1 1158
1 2241
1 433
1 2274
1 7708
1 4293
1 7678
1 816
1 9965
1 9445
1 4912
1 2796
1 6533
1 2339
1 1964
1 7030
1 7326
1 2205
1 237
1 3699
1 7666
1 2619
1 2344
1 2707
1 3725
1 5471
1 1176
1 9171
1 6038
1 4871
1 5106
1 5502
1 7464
1 6448
1 6653
1 6908
1 8219
1 4638
1 9968
1 6363
1 3413
1 6194
1 2864
1 6294
1 5872
1 2041
1 3955
1 1365
1 5849
1 8452
1 156
1 6693
1 7467
1 3736
1 5090
1 7568
1 445
1 819
1 2671
1 8765
1 3710
1 3967
1 2440
1 1420
1 9879
1 8688
1 5636
1 2006
1 7357
1 4158
1 4512
1 7897
1 913
1 30
1 7189
1 228
1 7671
1 9656
1 2786
1 2300
1 3614
1 3039
1 1259
1 3077
1 4556
1 3318
1 1222
1 1229
1 5023
1 1850
1 1546
1 268
1 621
1 3922
1 8657
1 1174
1 6370
1 2153
1 9906
1 7558
1 1415
1 9987
1 2785
1 72
1 2309
1 5170
1 3855
1 5056
1 4169
1 2246
1 6337
1 4328
1 9505
1 3394
1 437
1 2213
1 6707
1 6740
1 2596
1 7105
1 3181
1 8188
