23
21 1
998 157
997 341
993 686
987 901
960 990
925 1000
106 990
54 984
15 707
8 558
4 426
1 319
11 138
33 90
78 38
152 8
219 5
714 2
891 24
938 47
959 76
344 410
21 1
995 649
993 808
965 888
921 947
844 998
572 1000
355 1000
34 998
9 977
6 939
2 578
1 407
1 378
11 167
53 42
119 5
322 0
551 7
636 10
936 41
984 93
500 146
21 1
1000 423
989 753
980 905
951 930
904 970
878 990
732 998
398 998
304 997
152 986
25 940
7 588
5 532
5 461
8 245
124 8
467 1
886 0
969 38
988 151
998 291
833 59
21 2
998 473
997 899
995 912
976 945
877 992
577 1000
78 989
42 981
28 949
26 938
18 876
7 597
6 555
6 334
10 232
31 69
276 15
466 6
942 20
956 30
992 87
857 91
242 536
21 2
996 881
988 924
945 948
904 963
811 991
795 995
536 998
127 998
51 958
22 900
4 487
3 350
12 98
23 18
117 11
221 4
768 1
907 1
961 33
970 69
990 200
927 193
137 879
21 2
994 647
993 706
984 930
960 951
846 989
549 991
195 987
22 964
6 950
3 633
4 301
6 116
15 38
37 2
476 2
782 6
855 26
930 51
951 71
989 137
992 177
992 190
867 884
22 3
993 703
992 780
988 859
967 948
946 963
900 969
304 1000
276 997
154 977
31 898
11 873
5 764
4 732
0 308
7 201
54 48
86 32
615 6
739 4
909 52
973 110
982 345
623 633
690 259
849 339
21 3
1000 243
998 567
978 872
972 928
951 943
856 964
708 987
618 996
514 1000
513 1000
94 999
20 924
0 658
0 75
12 50
55 8
312 2
676 0
971 21
992 74
999 213
105 160
402 832
724 132
21 3
993 778
959 951
851 984
779 988
656 989
206 986
100 971
79 963
19 934
9 797
4 470
7 412
21 279
61 3
121 0
585 7
889 20
975 46
982 182
986 308
992 563
340 82
941 239
654 975
21 4
999 816
997 861
981 973
917 989
804 993
744 995
667 996
271 999
117 979
68 969
41 961
11 752
3 409
18 107
43 64
198 11
436 0
532 0
938 13
992 16
998 316
928 268
727 351
830 377
77 613
23 4
1000 810
996 834
962 977
696 989
248 999
162 985
137 980
36 933
14 825
2 553
2 506
11 192
85 15
150 11
417 4
876 10
910 14
933 20
955 44
968 60
989 99
999 309
1000 634
407 866
973 519
454 402
469 487
22 4
999 612
997 955
618 999
498 1000
410 996
258 983
155 965
112 955
84 944
7 586
2 558
11 245
43 54
76 23
133 14
282 6
682 9
891 20
941 23
984 91
992 191
998 329
753 407
637 336
635 214
723 764
21 5
997 358
996 595
987 852
986 863
937 954
889 978
844 988
298 999
109 1000
87 995
46 925
8 725
1 427
22 32
214 6
599 8
720 10
924 35
965 56
993 93
996 167
738 653
477 556
234 979
860 200
617 340
22 5
994 461
992 871
977 935
936 997
332 998
151 982
70 908
24 840
19 777
13 695
0 264
3 75
58 8
136 1
144 1
517 3
649 8
754 15
893 39
941 67
971 96
985 256
132 331
814 393
896 739
449 21
550 896
22 5
995 668
994 868
975 926
963 948
914 975
519 989
34 981
15 965
8 913
3 734
4 612
6 372
27 181
34 118
92 26
276 7
782 2
937 47
973 79
983 90
987 150
992 280
972 289
831 690
264 601
918 810
755 432
10 4
1 9
2 8
3 7
5 5
6 4
7 3
8 2
9 1
10 0
1000 0
10 2
6 7
9 4
9 3
6 1
17 8
4 9
3 3
5 2
8 2
12 4
10 7
6 4
17 8
4 9
3 3
5 2
8 2
12 4
14 7
13 7
13 6
8 3
100 4
400 305
400 316
400 327
400 338
400 349
400 360
400 371
400 382
400 393
400 404
400 415
400 426
400 437
400 448
389 459
378 459
367 459
356 459
345 459
334 459
323 459
312 459
301 459
290 459
279 459
268 459
257 459
246 459
235 459
224 459
213 459
202 459
191 459
180 459
169 459
158 459
147 459
136 459
125 459
114 448
114 437
114 426
114 415
114 404
114 393
114 382
114 371
114 360
114 349
114 338
114 327
114 316
114 305
114 294
114 283
114 272
114 261
114 250
114 239
114 228
114 217
114 206
114 195
125 173
125 173
136 173
147 173
158 173
169 173
180 173
191 173
202 173
213 173
224 173
235 173
246 173
257 173
268 173
279 173
290 173
301 173
312 173
323 173
334 173
345 173
356 173
367 173
378 173
389 173
400 184
400 195
400 206
400 217
400 228
400 239
400 250
400 261
400 272
400 283
400 294
200 300
200 200
300 300
200 400
100 2
400 305
400 316
400 327
400 338
400 349
400 360
400 371
400 382
400 393
400 404
400 415
400 426
400 437
400 448
389 459
378 459
367 459
356 459
345 459
334 459
323 459
312 459
301 459
290 459
279 459
268 459
257 459
246 459
235 459
224 459
213 459
202 459
191 459
180 459
169 459
158 459
147 459
136 459
125 459
114 448
114 437
114 426
114 415
114 404
114 393
114 382
114 371
114 360
114 349
114 338
114 327
114 316
114 305
114 294
114 283
114 272
114 261
114 250
114 239
114 228
114 217
114 206
114 195
125 173
125 173
136 173
147 173
158 173
169 173
180 173
191 173
202 173
213 173
224 173
235 173
246 173
257 173
268 173
279 173
290 173
301 173
312 173
323 173
334 173
345 173
356 173
367 173
378 173
389 173
400 184
400 195
400 206
400 217
400 228
400 239
400 250
400 261
400 272
400 283
400 294
200 180
200 200
100 10
400 305
400 316
400 327
400 338
400 349
400 360
400 371
400 382
400 393
400 404
400 415
400 426
400 437
400 448
389 459
378 459
367 459
356 459
345 459
334 459
323 459
312 459
301 459
290 459
279 459
268 459
257 459
246 459
235 459
224 459
213 459
202 459
191 459
180 459
169 459
158 459
147 459
136 459
125 459
114 448
114 437
114 426
114 415
114 404
114 393
114 382
114 371
114 360
114 349
114 338
114 327
114 316
114 305
114 294
114 283
114 272
114 261
114 250
114 239
114 228
114 217
114 206
114 195
125 173
125 173
136 173
147 173
158 173
169 173
180 173
191 173
202 173
213 173
224 173
235 173
246 173
257 173
268 173
279 173
290 173
301 173
312 173
323 173
334 173
345 173
356 173
367 173
378 173
389 173
400 184
400 195
400 206
400 217
400 228
400 239
400 250
400 261
400 272
400 283
400 294
200 300
200 200
300 300
200 400
333 333
283 329
350 420
150 420
190 329
320 285
5 4
5 0
8 2
7 7
2 6
1 2
2 4
4 5
6 1
4 1
4 4
0 0
5 0
5 5
0 5
1 1
4 1
1 4
4 4
