12
2
-90
90
4
90
-33
50
50
5
66
80
-26
70
-55
7
-43
-71
-77
-67
-81
67
53
2
-16
-95
20
-99
99
-99
99
-99
99
-99
99
-99
99
-99
99
-99
99
-99
99
-99
99
-99
99
25
99
99
99
99
99
99
99
99
99
99
99
99
99
99
99
99
99
99
99
99
99
99
99
99
99
25
-99
-99
-99
-99
-99
-99
-99
-99
-99
-99
-99
-99
-99
-99
-99
-99
-99
-99
-99
-99
-99
-99
-99
-99
-99
20
17
32
71
74
3
99
16
74
73
30
39
89
59
73
14
43
44
2
-98
1
25
1
1
1
1
1
1
1
1
1
1
1
1
1
1
1
1
1
1
1
1
1
1
1
1
1
1
1
25
-1
-1
-1
-1
-1
-1
-1
-1
-1
-1
-1
-1
-1
-1
-1
-1
-1
-1
-1
-1
-1
-1
-1
-1
-1
