100000 82678 2707
96915
41096
890
27059
35794
46039
32271
79907
17983
32826
947
49743
78874
43145
1915
98222
63139
14099
91360
99900
6111
98628
85958
16221
93429
97543
58927
76107
94459
87944
11701
31355
85701
63626
33556
54000
81609
66382
54947
31352
61609
98092
79876
12667
93976
20379
31464
19007
49013
28788
14965
25776
12236
71154
53830
59944
56856
27923
23570
90412
81923
73146
36870
69236
51107
51315
63982
69224
41312
74103
19720
23116
65779
47409
2459
7908
75997
73613
61738
46821
89661
75864
53585
71584
97396
43084
24806
82984
94191
92473
20645
41527
72807
6221
82839
73520
6909
73295
9592
57723
96411
90804
23502
93263
31410
36170
66877
9500
72111
13698
99161
83636
87097
61723
26720
28256
61060
20911
20729
81705
78791
87926
77982
83409
51277
85262
47689
158
7861
93422
56527
44031
76651
66027
16143
90349
81541
80470
90337
68638
58546
96894
54321
33976
17663
33112
43865
21941
11094
43626
49480
62372
69332
34742
69491
59858
34274
79265
32737
78306
55916
98765
62617
96658
91271
52955
81648
66169
70012
78543
85775
24333
19790
73797
89088
58083
84892
32714
63616
18399
90029
87890
24303
67155
51253
2609
66370
13410
85688
79380
21034
54995
61029
87203
25008
39572
89331
65693
84795
25473
55843
73883
83557
41348
66130
10732
45590
51387
12745
68603
53997
52168
51326
83759
54209
21145
9204
91735
8349
50564
47659
14032
32610
32454
39505
88453
22689
39414
45540
61991
66243
19691
29369
93327
65282
46719
94379
15322
98711
46548
66648
98823
17109
13707
19968
26313
5442
44669
93230
69454
14559
30645
40950
70325
76185
19293
17212
58780
62933
52107
9652
96821
14998
41327
11885
77898
24327
95007
38034
47028
37672
59829
30902
29283
83103
73094
47543
97662
3739
4845
67988
79924
1552
63123
80838
7163
83741
6842
3985
98739
64521
32222
76637
88849
59282
71644
43235
22662
25669
19416
30712
56571
48699
13816
29666
12595
27830
49757
33792
12170
29682
57931
30075
84738
27265
37499
34107
12239
36239
14981
44461
29228
20095
63417
42894
82834
89822
15817
47885
19990
61835
76832
64172
26977
76343
57627
84908
22770
58717
38666
50035
66971
76165
95562
28756
56375
74337
35657
76470
91562
15427
35580
50808
14613
25402
66625
78850
45392
44813
72035
9564
72758
99012
2259
272
25029
5454
55290
91416
72426
47807
76564
40090
40716
67253
92100
17186
75167
7527
52766
25975
38492
94520
8952
33694
70117
65829
42875
21093
84440
89612
25822
95067
93007
67493
40815
41853
51833
81944
92549
984
74044
26088
76151
97923
95206
2126
52767
89727
27430
86461
97548
8543
28172
40423
29636
12613
30036
67354
38435
41455
60361
72025
25300
1176
13879
34907
12175
86035
52243
86219
28475
28394
23681
46872
53261
29760
90655
75752
88203
64617
20276
94254
91366
77960
87676
32821
38321
76054
58121
55850
6285
51607
90757
37642
43001
21031
82469
87747
21525
6150
34620
91138
35911
41627
47212
28015
11830
48291
91160
22436
97533
82527
1561
15348
38717
93967
73470
94567
25077
1677
35064
79071
61030
72447
61540
93972
84042
99749
41376
48675
64320
87558
60505
28964
78719
82941
42849
61246
99689
60762
38406
71082
66416
49326
87686
91493
51003
22751
86916
95198
77162
5523
76912
23337
68804
34640
72012
49477
22199
48869
94793
918
48162
62164
47851
14756
55110
2610
85838
51936
73525
29372
2939
12628
16289
31324
7826
81097
8486
29948
1750
69391
15105
36391
41403
64582
6625
59375
75860
54787
13369
38024
2639
28125
9486
30316
31013
73537
3841
76738
92828
16469
93027
24152
40647
90476
48990
86701
20425
56092
35530
3484
97495
16464
78426
92191
75260
5560
8662
94251
50037
18148
15852
80353
65514
89389
84194
42252
82217
17015
51631
22721
57663
42107
88063
60716
78884
38804
16808
14414
58640
30878
37066
51128
23069
91352
44981
14
95019
34515
91724
29
92271
40801
9286
10264
79874
83301
68723
67937
44017
47608
77177
78374
81734
7833
9253
48674
1701
42872
38692
21379
77387
91535
13103
77416
50119
5374
52401
7272
79017
87146
30666
47740
71435
91036
11700
94529
68213
90075
92616
27769
51359
80706
54274
53060
90714
13498
91752
12093
90885
99639
41549
84653
63275
37054
73382
10640
60528
41307
80164
31964
32343
91864
42845
98291
35461
9307
30323
79582
60666
11030
50209
30079
18096
63707
38183
46542
54593
37823
88091
55598
3933
51366
92653
93668
62007
8724
54196
19666
5240
68361
97105
61710
85269
11748
13523
10928
42072
93106
71595
59667
3902
23374
56209
94319
10384
38535
30670
6254
58923
24338
84613
67647
94886
4279
89240
13751
88992
75461
74261
85190
72869
98442
73137
42323
74461
7515
97836
63724
8507
90461
67910
58425
37483
74164
61821
75129
1348
73059
79408
90588
86810
68400
93285
78623
59013
83960
60555
96952
98754
50044
55627
73216
57559
18205
87404
37636
31228
95911
44449
99138
70689
81932
89654
43753
64783
5737
16812
60543
19975
45295
98598
4308
62749
98910
81216
59701
97665
47612
87233
5172
33534
74637
59160
81114
86900
3609
80252
85541
69906
61979
45646
84068
78810
95232
98785
40527
61187
98161
12646
58755
74214
26663
5895
30248
27892
55781
4885
87052
36895
7013
17147
65727
92554
3405
38200
38094
28127
33362
49678
41225
32148
6557
92989
45884
84096
7503
42852
81717
17898
65572
87612
93464
59745
69384
96868
96640
77522
59601
12787
3660
67339
71638
701
37668
73012
49201
60577
82353
95085
44674
89856
86320
3878
20570
69450
91890
68716
79266
51636
54452
92486
31974
96367
78416
91576
11960
95236
92845
99951
43375
9898
37619
59100
98197
15092
70537
59223
56857
63101
9227
77427
48903
1117
62496
28169
52753
17382
65275
33374
95798
56851
58880
24110
68439
68077
11814
77975
78033
44553
37075
92582
7613
68157
97298
80822
31258
6525
74602
96513
23995
37098
41034
93100
70398
78041
10482
35673
27767
22632
92524
86647
46743
77315
71076
87156
89129
65403
50034
18831
74123
26444
42280
23330
23618
89890
98220
86403
70203
51670
43789
63303
21830
90138
57742
49597
66619
75865
43934
40024
63022
49416
5428
44563
99450
24259
35039
41834
67055
93671
81517
7025
83562
27725
5246
86317
14280
73268
46459
77583
11689
68289
84073
69432
34239
96844
52403
86835
72709
96337
26860
52083
62105
48640
12999
61556
72899
64390
19742
56306
58061
1259
63331
57975
84929
60645
75968
58198
7104
53552
69887
75393
53977
55671
9632
12820
39883
20764
56032
8318
82869
21317
60777
93923
85707
80520
50229
60121
98131
13560
59820
98490
78741
73040
85845
5692
77591
59670
31303
3575
26843
16395
76493
88779
75045
59363
93451
12714
87374
14774
33364
74895
31496
67516
92991
7668
82358
88085
43456
71750
90282
65501
47381
67873
25171
78684
87801
52014
34414
35093
27259
9328
10138
2974
39467
53978
72831
60461
28873
20679
27977
38217
28347
88156
98437
16584
53657
62171
810
95180
40855
88611
47194
91621
9159
98639
18487
25129
38207
77674
60477
18312
66858
20938
63538
87537
65268
1755
32237
91955
44409
36745
6745
60993
90402
85268
78155
85582
26123
66766
49128
34097
92278
47768
69330
27117
72897
64736
53583
1564
25213
71896
68422
62504
51786
72311
27772
53541
20900
36079
97950
57645
59176
75295
64399
44444
49981
86920
52921
15462
21017
6699
72317
68831
14236
22415
32152
78619
10663
16926
57475
62449
89238
85247
32342
26490
21326
46644
84136
96855
38291
48535
41299
14869
44571
61016
46683
81940
6215
26265
88639
94884
95096
19228
48290
33863
51380
43261
44526
68307
73897
55669
16739
40013
2313
875
40605
65763
65051
96984
26067
43667
21032
48635
86284
9671
43519
97732
28899
8161
31596
96632
51422
92474
64939
68510
15802
55188
70845
87823
71927
10859
89155
47727
47094
71270
42247
12145
68254
97691
54565
28273
18723
30909
63071
28641
73646
71233
76589
86630
22655
69064
51569
7518
1218
78363
89041
95036
89222
11882
53302
58976
71813
11901
87474
56419
58391
84692
44667
15601
89414
24662
60595
79412
12247
66042
51255
22600
33963
58773
37136
29212
42711
41094
69004
12365
40817
40618
20249
97237
50211
78640
98281
11230
56583
13883
644
97597
74478
80056
9845
28014
46098
61100
80061
36225
90785
89713
21946
32424
93796
90950
61141
10219
31767
46820
45356
68323
25460
43638
79553
82043
73873
80198
79640
64703
76606
5837
92717
39057
66937
59684
35470
3162
50470
88956
92876
3171
10902
96967
18204
2794
49971
20906
70358
89229
55318
85134
10565
45543
65332
90206
10246
58291
12395
19315
97348
79333
79000
32818
98847
45822
21774
8075
48993
49028
49728
45961
67232
68874
69499
6132
56210
45236
95361
68380
16906
80495
95298
62180
89047
36823
14251
8362
34171
93584
87362
83341
33184
21468
16859
82178
70496
82939
37729
68165
30342
87637
74297
32873
86010
66131
82858
82935
44932
61390
84791
33979
98213
99042
42341
8979
29704
32077
17763
79240
50974
77770
24042
50266
22261
78123
18431
68956
65760
92729
71860
14985
95091
59497
81116
42432
39339
60027
37552
42618
18720
86288
51597
48424
18366
85712
71911
36686
21787
12305
86952
60401
90428
21736
29357
72540
14465
87525
9556
77067
84993
19499
27393
63075
87420
97102
83390
57290
87269
18108
43002
31286
90020
96040
53074
99345
9106
59184
81646
51898
77806
53820
70517
81664
73320
97911
41214
36395
1683
38316
42088
38058
11446
56167
42732
62539
71124
12158
86821
41985
90322
24254
17521
88321
92504
94275
57493
70311
48095
68327
37767
42273
9541
90514
43957
64209
48954
68133
2268
81036
79579
74787
38664
37326
43597
50822
34894
46770
92808
41569
71025
29890
63529
20956
87383
50192
85404
31745
18520
39523
74019
28061
46390
34328
11696
10891
92733
98393
2030
48853
8802
87879
90602
55573
97039
32171
42950
23721
62061
6479
65796
56672
46433
97542
91544
2309
87913
19605
22241
41054
55471
69480
39447
18334
76504
13209
43488
80736
3812
99061
77775
35983
42011
17848
14397
64843
78878
80193
37867
41663
94087
29411
43972
98352
65368
9023
36945
9949
85771
78000
81772
17447
39274
89937
93952
68835
49778
74688
88999
68815
41335
86664
55732
88398
81894
35925
39909
46365
234
44717
37396
81663
47345
59663
29118
93462
84744
72921
69931
22699
94806
58931
87891
63622
72350
99844
64884
24627
42461
4793
70992
14489
5027
32062
51885
30637
13725
99231
42017
89740
25001
83202
14275
86969
99376
53326
81775
74659
57569
91277
69015
44739
63627
85211
9623
4607
14417
91951
42161
35796
24013
94047
66433
54090
9630
24803
43830
54331
49804
43385
83776
80431
46706
99504
33758
44833
91327
6583
81793
76695
67674
45421
61906
77298
66380
5931
8067
58331
48092
43863
98697
58491
10297
52787
68121
35100
12970
22452
1256
72707
22580
98040
19413
38437
48150
64246
55829
87181
94394
32524
54856
10783
48506
38899
16714
56573
97231
64806
436
95928
23298
27085
65067
7771
78537
94389
79794
67096
69156
77834
86509
7593
42336
67108
36546
98165
70641
47293
30690
19812
41473
90355
58712
58187
63280
55943
39345
80069
68223
78995
7154
49642
86767
85692
33343
81838
76024
13990
18360
97450
62991
16525
26636
63567
26293
46449
5040
33000
5161
96281
77456
35277
76350
62031
14272
99856
85548
72057
34382
67386
83186
53234
79679
78122
10978
59022
94648
79069
85659
58215
21714
48460
79608
53621
59187
50996
31077
43698
9460
43554
21133
42480
45455
9543
93215
12841
72604
6257
50726
33587
17854
61726
12656
34371
68325
99550
5438
75089
56434
69375
85906
95187
27347
60038
32673
69827
21845
42216
63042
51297
25843
39995
84675
90721
7493
2530
68800
36501
22395
88742
70872
7073
4644
92662
96085
49096
31099
98343
26286
58323
58959
11870
80168
1175
74912
31207
52472
17108
71202
26378
1783
78276
47076
70373
43061
52170
50134
73166
50260
85603
15708
42956
13993
69243
72316
44554
54211
68836
45730
45476
44
14554
62584
87598
57285
64367
82226
91156
85033
45654
77881
44446
14176
51831
10932
3694
18443
89298
34151
65746
89597
51341
31938
36812
95895
2502
5649
57977
47978
22045
72532
26914
29817
91281
24574
92666
70228
15207
37112
757
4451
1833
70834
93749
52336
52932
99698
4273
31637
69997
75646
58146
98469
14043
47030
25383
76847
33016
80965
14172
42035
51193
45731
79147
51950
29121
72754
47306
14378
66503
99643
67310
66202
71583
86473
71751
81034
78472
46249
79503
8867
93279
21238
65258
86478
70606
46223
17003
62734
8141
82071
8208
35333
55514
49711
21329
17021
3883
87985
34426
90811
93059
15460
69283
39309
11315
78150
48940
48905
59761
35419
19511
52422
31508
56646
8331
56650
74394
94331
83092
91415
14566
87430
12723
48992
78241
5782
64452
63876
45091
92119
58378
94032
41024
18139
76888
40476
98225
25393
60229
98391
78406
6722
97385
45740
96829
88883
76659
84259
1606
25651
78852
23740
6456
59080
68832
98575
33811
79216
55952
25019
32840
92426
23244
74585
69008
52977
72976
63766
96050
15175
52516
93518
77268
49346
82401
53927
359
79578
28810
24099
4242
9283
962
38053
4851
73266
6356
6106
98782
69466
80691
84142
38796
70019
47909
93927
66069
63084
59587
40352
62099
75051
90210
7261
15502
92596
24786
9910
49557
45989
83176
55913
92212
71048
78030
2677
55190
33178
72696
19451
43458
98888
89902
2044
89396
49872
64447
87757
79950
65382
99261
21088
91645
65170
83429
91173
75641
13160
8484
70024
15837
80026
19554
88534
99478
63012
43651
98366
69266
58356
53958
87662
64104
68158
28552
92968
72267
74703
71528
45942
66348
53050
29371
90486
87033
98970
7741
2871
95349
27295
94827
9545
75926
26116
79855
63589
90221
16390
48099
35125
9358
20366
59979
84061
8246
5921
66761
61296
51644
56987
51783
73009
44020
67105
63243
62454
71000
73633
47410
22409
83178
23336
48525
79386
3277
55098
95776
51376
90223
5134
88094
50202
5548
96340
72475
57637
24120
29296
9420
13481
89669
92877
10584
52912
55332
51334
23913
28965
15096
62674
28496
38432
7882
58062
82650
25790
89225
25144
39428
30692
10225
28255
19354
67862
52375
65002
93634
82209
71023
86512
9145
23936
58196
76831
64201
3513
91927
43227
32009
46711
70778
56243
69780
59901
30564
59006
1398
32090
71026
43041
67796
38889
11769
49151
48875
93978
51739
3123
60462
9935
79954
41015
29801
88233
84242
61810
34944
55021
39718
24801
94307
86634
83807
95705
47435
44148
28296
73702
69756
77447
22578
80086
97622
90669
83209
74436
16957
79515
15452
46758
67748
99694
8568
42974
75114
95869
37282
61748
96028
9183
10974
93487
85313
71421
15583
56629
51507
29557
34716
3994
80608
30583
27366
35492
52286
33727
6560
95261
8842
48895
70590
14809
98234
96126
25783
27448
46210
74174
98869
61793
30804
50376
91351
78103
1444
11697
75063
32027
47495
63062
82987
96790
89547
66328
5632
8328
31575
92574
46162
5052
54236
61527
92722
446
35702
91591
78591
66506
58320
69942
60961
59764
97991
36024
8144
54805
67996
34373
92201
89980
59054
40128
98907
98544
86290
80169
40526
65487
72891
57324
80835
52268
84047
55507
22210
61360
15271
82040
68541
26866
94413
95322
77592
2966
85303
36646
43095
84210
51542
29385
31711
86264
86360
20955
59940
3901
18142
12208
87948
73649
50771
65660
5272
87325
79396
45040
85717
47937
72366
12584
67688
90176
61669
69343
43174
21116
69905
94716
66854
26427
69470
60787
47382
45762
81041
65524
68989
55525
25094
51002
28771
30398
94688
94556
43424
69743
78596
33600
47764
47940
93126
68881
17845
87842
52087
8624
14270
21557
85764
78004
67319
66805
59881
41642
52146
15406
83088
3148
76204
11859
49899
14746
42700
60939
9302
2476
30682
87899
36077
94798
52191
45555
80031
70036
32118
95013
64020
80777
42024
20995
1905
78989
16080
33664
62078
19229
26220
73937
85480
40967
46419
50269
93453
54520
87895
33450
84635
83200
88113
47220
70429
68890
5597
7776
7502
3117
48904
57518
65195
84485
83739
55485
88474
49088
74975
58893
45848
28187
63497
52559
77990
48132
45659
61190
81237
33772
24763
19014
30360
75794
68190
54214
78912
60459
17932
95472
15944
20602
20178
20771
69690
11505
61063
73705
5603
92081
83593
56565
88276
61135
37802
22049
85898
5821
57415
97967
25606
76879
75405
14910
37339
9689
69635
30291
63264
90406
99982
91121
51470
28566
64827
57073
36999
91092
57018
93564
79368
34505
31366
36756
53539
91537
33495
72543
8900
3805
82077
18589
30539
51713
48881
93803
58471
48863
84925
9941
93781
49752
83366
30780
57196
40384
24344
52916
74890
72062
70686
11646
41954
62223
97364
93461
95718
69908
38199
88342
88440
14408
46813
53655
15685
73107
47436
81789
56473
94568
38985
18912
91902
88100
7327
78940
16098
49281
57515
13462
42742
69585
99722
97293
90555
89788
30114
10393
38616
41153
85430
88562
56839
74889
52351
54980
31362
46919
10318
44572
82184
18572
49024
5863
97512
81474
55144
11289
14238
40964
11011
27883
31519
61806
77985
27544
422
2204
17807
41889
77093
70158
13221
24808
33429
23539
85732
15613
42111
51109
21476
55975
32583
92972
23562
68318
71236
51446
99837
88387
13252
77823
