2500 1395 125
2082
545
1314
867
434
364
1543
1250
1087
1808
2276
2178
788
1084
403
151
254
2399
2432
60
2176
868
239
12
1226
1086
594
39
795
570
1434
378
2467
1601
97
402
817
492
1652
756
2301
280
1786
1941
1365
2189
944
1619
940
2229
531
617
597
771
1981
709
1427
2067
356
1997
2353
2086
1965
306
2183
1219
1124
1528
371
732
1329
2003
19
770
2208
1715
1340
649
296
723
118
2245
951
421
1055
2379
2488
264
728
2341
2350
193
1500
2034
124
2414
1987
856
1243
1491
2227
865
2359
1936
1432
51
1437
1728
775
407
1474
1121
1358
1895
1029
1237
735
1293
818
1928
1143
1011
928
2029
1276
