10000 9443 405
5763
4613
4538
8606
6840
2904
4818
5128
688
7369
7917
9917
6996
3324
7743
9470
8490
5499
9772
6725
5644
5590
7505
8139
2954
9786
7669
8082
8542
8464
197
9507
9355
8804
6348
8611
3622
7828
9299
7343
5746
5568
4340
5422
3311
3810
7605
1801
5661
3730
4878
1305
9320
8736
9444
8626
8522
3465
6708
3416
8282
3258
2924
7637
2062
5624
2600
2036
3452
1899
9379
5550
7468
71
973
7131
3881
4930
8933
5894
8660
163
7199
7981
8899
2996
2959
3773
2813
9668
7190
1095
2926
6466
5084
2090
7684
3376
5542
5936
9107
7445
9756
9179
8418
6887
9412
3348
2172
1659
2009
2336
5210
6342
7587
8206
9301
7713
7372
5321
1255
4819
4599
7721
9904
5939
9811
3940
5667
1705
6228
1127
9150
5984
6658
3920
9224
2422
7269
1396
4081
5630
84
9292
1972
7672
3850
7625
5385
1222
6640
6042
3898
713
2298
6190
524
2590
8209
8581
8819
9336
7732
1155
5994
8004
379
4769
5273
1776
8850
7255
1860
8142
5579
5884
1993
3205
7621
9567
2504
613
1961
2754
1326
4259
8944
8202
3202
3506
6784
2021
2842
9528
5189
8872
9908
9958
498
8036
8808
7753
6248
3303
3333
2133
1648
2890
9754
7567
1746
9529
4500
8046
3788
9797
6249
6990
3033
5363
2497
253
4892
7686
9125
1152
3996
5975
9188
9157
3729
5436
2460
3414
3921
460
6304
28
8027
8050
6748
7556
8902
4794
7697
8699
1043
1039
2002
428
6403
681
7647
8538
6159
5151
2535
2134
4339
1692
2215
6127
504
5629
964
8285
6429
5343
6335
3177
2900
5238
7971
6949
289
5367
7988
2292
5795
743
3144
2829
8390
1682
5340
3541
3826
4232
2261
360
9117
8023
6761
81
6309
3190
5425
8996
6367
4677
4234
690
1626
4524
6057
9614
3168
8205
358
6312
7386
5100
4346
2726
4994
4916
6552
5578
3529
8946
2290
2647
6970
9051
9080
9631
8593
857
8627
1312
1886
9214
8355
3512
90
4412
9479
9610
8969
6189
2274
6355
7641
6620
5433
8987
7888
8338
4566
7770
7284
6856
606
2260
5849
237
7205
3059
5217
8518
4945
783
6873
8458
873
4289
483
6607
478
2757
9314
4471
5729
1100
3459
3618
9438
8025
1388
3074
1233
8157
3681
3493
270
699
3417
1839
5569
8363
2622
8794
3173
9847
6431
7462
6682
9390
4292
5791
5057
5115
1521
6157
8574
