25000 14447 1492
12951
9231
10021
10537
18740
10054
14030
4098
10325
16081
12516
3516
8002
22231
21139
11796
10404
7338
24580
19218
14021
13970
14862
9812
10379
19977
17685
6536
24904
24176
8483
4207
24759
9857
14744
18499
19911
20127
13950
5236
2560
17818
105
10563
15049
21244
13711
16805
19934
13291
2375
8955
18614
8589
18768
3993
19918
2805
1882
19822
1982
1717
24030
18093
11574
5126
11593
6486
543
2814
9713
3179
13377
24762
15775
2088
7919
10710
6732
10294
11017
10235
21137
20691
5153
23943
22573
16328
925
24291
6710
19018
2217
11836
21963
55
12090
13858
3130
14904
23571
22661
19633
14685
4789
13073
22604
6851
19805
24250
17868
11503
9485
14006
7195
14639
12949
21120
5967
5226
11763
12677
15596
13981
15865
12560
14036
2955
17770
9211
16342
22532
20196
22379
2321
8270
19984
9172
19427
19234
2040
22283
20072
7398
20830
1063
20347
16950
7030
573
3714
11059
7522
9047
1924
20082
14435
21232
4204
22954
5443
11898
20486
640
9278
14159
262
4262
14683
11041
14848
16723
8324
1272
24122
4154
2335
10821
12457
9365
2747
16171
11776
10269
218
13701
21703
14653
9933
907
3959
6728
12806
15797
23720
22084
21308
15334
17698
10991
1376
23898
2715
1052
18189
21559
2506
4010
9016
3224
23109
16539
15000
8378
8109
20053
5081
14114
21338
5989
9426
3067
10147
223
1787
7231
21532
17122
16281
23875
9850
15179
1590
2254
15350
11131
23813
17857
6494
24181
21081
4603
15720
2433
12982
15181
22487
9415
4296
18825
15404
13722
21892
551
5297
15032
24134
18181
23506
15415
17057
24708
5595
9999
1962
12297
12483
776
5154
18977
16309
17587
14932
23382
20021
19266
13563
8860
3682
2685
19086
14285
15930
10990
19583
22314
1476
4116
20820
16892
12525
20528
13839
22525
22490
1136
1360
14618
22643
20337
5928
6582
1621
4310
17955
20888
9225
1815
24570
18437
20853
10008
7722
11783
12350
18657
9097
13827
14126
21269
22071
1651
8149
10910
15528
5639
3398
16888
11610
17393
3577
8890
23976
5199
4552
16931
13777
10099
657
23566
5952
2017
22641
17735
14368
16298
18184
3195
21776
5805
266
23428
13954
2528
5308
19593
22278
22197
22555
14672
774
6445
5000
22325
10997
13283
23412
16127
15421
14693
4334
17439
12334
13421
23159
19985
22957
1354
16761
3762
17972
6541
17716
11852
11850
3662
482
399
1217
15154
1173
24015
11506
14851
1364
24790
13263
17491
23172
20037
23537
18859
3828
10871
7280
5856
21590
3341
352
12665
20511
18069
24517
7361
13083
16351
24112
14300
6506
16638
4667
9364
6489
6032
9154
11104
14875
23679
6141
13412
17538
9969
15636
16170
11956
12844
12760
6649
1814
4465
19314
22326
13886
10183
21039
1969
1535
20152
24393
11790
12289
109
9673
9264
20735
24548
24295
1877
4313
16833
3198
19949
24355
15155
7793
3468
13156
960
7933
23823
23286
13171
10677
15140
18245
22181
22761
8990
323
10050
9100
9954
11075
18364
22042
10624
17659
23919
6289
844
18469
1238
16551
24976
383
20019
13133
1343
19304
15981
7475
3666
18011
13967
21912
15192
11729
5902
6868
13131
15002
8174
24207
24718
5216
1183
17377
20487
7472
9573
13957
1125
13933
16797
12496
18418
18141
23153
21726
474
21980
393
18485
10948
22305
30
14029
19559
6898
2160
9562
6424
17719
9280
11641
18902
18010
23480
17726
2583
3789
9140
3708
17723
938
7557
2493
10431
5710
24220
10905
2690
24613
4391
13638
13270
4421
2667
7829
2671
21180
8743
9095
13899
18024
12088
24154
2386
10569
8232
4969
17373
23433
9663
17279
20094
4649
16499
22351
7339
7464
1742
12330
12086
22515
6349
19915
186
18881
20011
634
24133
4387
12722
23287
6773
14643
6519
11742
20354
15244
3124
10139
16259
2063
2418
11353
6712
8705
5404
17733
1799
17734
24315
15435
16087
15853
669
2450
16487
24802
6837
20562
23089
13610
10205
20960
16704
21911
2557
19829
23403
18816
821
21522
3605
2443
21579
361
11528
23378
9447
7700
14045
24882
23787
4899
17589
21386
353
24426
16948
14794
13036
18506
2107
21092
15417
4664
15921
13820
4166
11354
24123
8437
24484
11317
8931
19017
11709
165
9156
16608
17069
1745
12995
17422
1171
21295
23569
5559
14801
21571
8925
1743
20172
13091
24089
6527
3566
23878
5812
3050
10196
12124
4213
15186
3499
13370
6794
20568
15115
11141
4342
7639
7437
19263
13198
13590
19939
6202
1513
16631
15128
3257
11804
19571
2346
9683
23138
1225
15495
17540
11421
18972
12226
15634
9158
15725
20356
15952
2645
10472
18446
23339
18111
883
17603
5825
12542
20216
4174
10344
10596
7330
21267
4294
17013
10757
5519
23860
19650
8292
17832
6876
15279
1990
13953
10635
9295
16598
21107
2741
14937
5570
19976
7540
19584
801
20083
14800
24492
15609
16496
1440
22939
12763
5735
14873
2606
5164
9523
2251
14349
7751
17530
16339
21704
3165
16986
13302
15625
11079
19591
12547
22407
18484
14561
4919
21931
14053
13427
15494
9819
17543
12581
16123
23768
15187
12639
24643
17438
1988
7394
1320
9680
4486
18018
8752
11463
19695
24010
1505
13179
6142
16066
18098
19425
21472
4978
7853
11966
14797
16748
24547
22272
15516
6086
9912
15159
14877
11900
22553
16197
12932
18003
12035
5951
18107
23498
10049
13861
2906
17334
20003
1784
14428
6797
6763
13633
10115
21560
5381
1014
10185
20897
7100
20097
2408
13329
23349
16313
20879
2634
9316
7914
8585
18775
22765
9986
22930
11626
12892
6616
6629
14569
24752
12409
21366
6515
17395
22833
19428
22776
23847
10026
22300
16062
3786
10629
20100
6508
8397
4416
5775
16982
14544
3540
18320
6518
22565
1794
4499
12134
1546
16908
24853
8062
9303
22686
18842
23432
21534
14807
24810
18834
5869
3596
20815
2984
23696
2324
11382
19465
24451
19716
19343
13037
4187
861
10602
5981
5360
14088
23879
13620
13941
23293
22924
11628
17135
12708
8162
6942
3870
1996
4163
7466
22811
23500
1234
8332
7290
20950
8693
1633
339
12880
2494
2293
10213
7854
16382
444
21475
5323
23738
10751
16951
15873
14811
16465
14168
18681
9813
17499
23977
24535
15014
15464
769
23346
14107
13072
23391
15740
13411
2623
9587
7057
12836
8793
23439
13281
21620
20114
3371
7371
3418
13534
19883
24764
23567
4697
800
16067
3674
335
22433
10490
17457
12132
15949
5529
10523
6690
10292
13147
7629
17349
17335
16422
7140
21968
13043
2255
11766
22025
10936
16653
8260
2052
15220
12957
19204
6287
7983
19540
3721
9826
11997
17127
8878
17728
15169
19170
22227
22798
11520
14563
14221
18660
2883
18616
12267
3223
5382
5511
22035
17553
7563
3608
21862
1768
9895
21198
12660
4968
22376
16009
12173
14503
24887
21254
4673
19057
18481
18823
21929
24396
8044
2280
18012
19209
21855
14747
19854
2366
3134
3759
1281
6742
16973
19401
23413
12958
14422
16484
7755
4090
3780
16071
13923
22603
13000
13320
22000
19942
6952
15012
5504
3807
4759
7894
4117
15158
14636
21090
9560
22626
614
7973
1937
18865
13748
18421
1620
19409
13863
5400
1832
2786
3004
14833
7458
16356
14410
6368
6631
9569
11128
23341
23446
10374
2458
13605
10
14901
23165
13989
6867
15926
11238
18705
14562
15457
23832
17348
18461
5017
24807
1169
22497
7538
4128
15139
10018
2470
13585
20392
21280
18542
11754
2533
16707
9400
8021
1485
16788
8720
20190
5140
14634
10647
20325
6983
20461
16694
23142
21630
14191
20063
20520
1554
5538
12142
6492
930
8422
34
12685
2308
8094
4780
11708
13644
12802
4545
21784
1925
11157
1735
13602
9492
13548
5296
23986
1530
10840
19049
22051
20512
2589
7654
18448
19872
7428
18482
1088
1576
12337
12797
139
8694
12005
13014
24782
5282
15523
17869
10236
15
6417
6884
15353
24299
17724
754
21350
13236
12710
15292
12242
6158
10164
11023
24641
17721
12111
17569
21410
16260
7790
12902
24955
11147
916
16089
7781
16439
8958
18017
7806
15375
24901
14511
14674
8978
15265
2377
13566
2976
17669
17161
9134
2833
19536
127
11906
22999
17697
8316
14260
16839
12570
5567
2986
13486
13008
10767
21277
21966
20136
20435
3693
9946
9719
20367
212
12096
8934
21117
23950
20631
3802
18630
12851
10525
24242
4690
14447
21161
7676
2934
9169
9795
15563
6135
4931
2351
1180
16320
10900
11688
3861
22996
11974
23401
19114
13069
18428
9416
52
13582
11625
18682
1433
13502
9277
6123
2949
21790
22235
5960
14946
12799
3447
11229
6502
4628
2549
18799
5589
14013
4876
17563
3766
23990
21984
22194
22036
10776
11384
7071
12209
16238
9684
10539
4490
14835
7775
10450
4781
11926
5250
7362
9878
1264
3579
16758
6853
21634
15769
12711
11977
4105
1257
11736
1142
12034
14472
24565
15595
7265
16632
16249
3107
6467
15376
13558
2601
2302
10160
9963
12082
20038
11227
7014
9433
15958
8430
16554
3669
20407
20659
4927
23495
21801
8313
12967
12718
15260
10029
11335
6892
17631
14443
4712
8007
19353
7313
1662
4513
8628
5096
24551
19856
12110
2699
20641
3069
2481
12195
23090
22889
19369
12736
21008
2682
704
8726
10733
11414
16187
3364
12251
2724
20210
19564
20738
24723
3193
