40000 30626 1835
4401
17945
18325
31394
17366
30806
38589
20456
15047
22795
39826
32784
18803
3860
24840
33882
38155
20573
21648
15695
25290
32505
37946
39366
19067
38863
35104
13790
38408
17290
20768
39161
35235
39093
30555
12601
26251
29144
29410
37651
8291
25588
30435
23447
29448
15275
13681
23956
32200
35329
39651
13842
27834
33949
6901
29164
17043
27572
21955
37811
26733
13542
33256
13640
22496
15859
39136
8258
13510
33846
297
30875
23294
11924
4556
7250
4125
39885
3253
14319
24071
33555
23880
27324
22719
24896
4367
6644
3203
38530
29729
16746
31786
3370
35594
7645
38858
3852
17508
6286
37698
17805
33513
17344
29730
34421
20947
30207
30658
24200
878
14729
24758
2053
33179
6007
2772
36175
9210
1302
25904
22308
29440
25626
17902
37086
24485
18106
10946
27123
15804
28751
20637
29501
11410
10448
1392
2069
31000
2271
13150
5108
23381
11556
38287
29388
14328
34462
34951
11983
16718
17259
1423
2345
31514
34861
23182
5972
5807
6657
18129
30911
27294
7630
5744
35057
18078
7137
37126
9078
5760
6628
14186
29141
8825
14882
28865
39639
9833
848
16358
23444
38623
15055
11310
33485
34589
17283
35644
1246
35412
26555
24893
3042
32300
19950
35789
13428
26550
1549
20056
737
27042
38241
5914
23458
5554
20658
18264
31554
19281
33319
39216
9118
24260
4763
25506
8263
31318
10399
11305
19970
26701
28777
129
15328
10012
20186
12417
37055
14779
38979
20237
7089
15247
34853
34995
30880
24524
34211
39999
8784
10711
1114
30643
15326
28784
1042
26632
5107
24096
11761
17218
24225
23441
27231
763
32210
24286
11894
6894
19617
2835
23483
23058
18082
18337
18053
5315
39213
8617
5314
7998
15680
2780
38641
31006
31564
36035
17638
33023
20131
25752
10242
5545
33825
37824
37756
14463
6071
1002
34080
8906
13491
26989
39174
31544
28656
38388
161
33970
2738
15841
33102
1379
6848
21018
33766
20838
14042
10250
2942
24284
10959
8488
14461
5135
2596
28924
11206
3598
19356
20113
24435
32847
3454
19962
20744
32110
14702
17257
22432
17440
29451
11886
15171
36299
32904
5289
13489
6946
15539
12784
27582
22850
21272
2043
27986
23868
27319
39192
23818
6676
15657
8253
35875
15463
28215
16619
3925
39269
33877
22709
16709
19680
34595
28232
12331
27500
33522
25820
34446
5413
34956
22029
28264
16228
20424
16250
36448
7744
11794
16618
10772
23804
24872
6647
39267
9439
19619
8709
9848
22254
21770
29528
16850
1859
4350
36229
24031
35148
1642
18988
17177
29906
31568
33954
2508
24369
1698
14303
987
12470
38107
22211
15469
33726
28003
31440
33271
33064
1288
15526
11186
30816
32376
17541
29027
33078
10122
13059
28226
11765
28399
38023
19967
39358
532
37408
11187
1676
6230
9294
20239
18051
39372
8242
32644
1306
10780
4522
12493
37949
36898
26386
23328
29976
36509
36387
18202
4626
21138
19958
2649
37458
15668
3181
38146
9428
10720
36174
15658
20014
16414
30062
15739
24656
39554
4735
22315
10334
9257
31160
4635
2507
17546
27964
32483
14055
20703
7037
15033
1842
23348
17683
39300
35368
17216
37446
1149
27937
33621
13159
4303
6387
3221
20042
31043
2775
24777
9710
9462
30386
870
14097
32893
18417
2061
21728
28824
19117
28766
3858
20959
8466
17893
20259
35109
14057
1335
23046
4030
14495
23702
10417
96
37813
20492
24874
7523
26306
8394
4506
23163
38817
26234
8339
17934
11352
8549
38893
19818
26442
15504
20005
17904
25913
17692
37302
29944
32187
21004
6256
21101
34526
26748
2327
2050
13054
13939
6796
9809
18445
26311
4680
31002
22912
16032
39552
18157
32203
22346
33661
8560
250
15927
26252
37553
5871
18440
18557
2584
21048
36010
37111
4148
38337
35513
13554
12277
38661
23363
27074
21324
28342
31754
12326
11254
4139
11878
25764
36342
34225
15777
4902
30827
31704
31154
28380
37575
5946
3290
160
26994
33623
31142
33990
25488
4696
2619
24149
24412
29693
1825
12754
21448
14151
20360
25587
22382
6124
12959
21902
23183
13606
14337
32167
7534
16636
31809
4046
3630
31109
37669
31125
21451
23157
32173
24070
3658
16585
13764
5483
29339
15986
6052
13503
38368
12176
35432
11327
30430
14967
11466
4037
29304
3633
11571
31794
15617
2275
19255
9638
33400
707
29147
25573
29157
2159
34893
30992
27850
26457
6978
33902
39960
5347
2431
31744
13026
32861
6711
32368
24477
4821
34660
16271
16790
33287
31879
22780
26687
32586
8279
8613
17363
37436
7124
8609
28428
34974
35066
31759
25229
35027
33458
27660
26771
6484
16873
29835
27329
10124
22203
8158
14945
13215
20782
28088
6503
12661
10868
29542
5247
15500
18962
12936
1631
27571
37717
32958
22638
29476
18187
14017
22934
2199
37140
25770
19072
23327
9451
29196
17610
494
15098
38392
28582
17953
11053
35802
3847
12652
38355
31614
20591
39986
15538
14660
32944
34528
488
7483
8545
23422
6034
2037
5544
25107
25365
14996
10655
27247
32606
11149
38697
27350
36083
13002
38403
28238
11055
35892
15205
39021
12835
15191
10911
27495
4488
5439
27983
8323
10336
7757
14358
39465
34091
24650
10120
17690
13608
17622
16388
958
10057
29390
39361
38295
6240
6768
30540
17797
2141
3375
29341
13053
27223
33829
14844
11558
2152
21533
19316
16510
30259
28970
12327
24350
9972
18800
23580
32774
14780
24538
2831
4171
23899
37479
27019
28019
24561
25512
27746
10254
34917
14969
4083
9762
26528
2587
31295
2196
15450
21554
31166
24129
2256
1138
2929
32055
15429
5608
34887
19600
29507
28718
22715
12878
16737
3628
38390
835
13882
33308
15805
14317
39422
38685
13257
27069
881
28707
8623
10879
25889
12118
11527
10607
4173
26956
16215
2908
2074
24130
21976
11304
37219
21956
6046
38055
35839
35706
10212
35128
8897
19765
6130
8472
27172
34529
17661
34403
20418
26131
2283
27377
26656
25591
39944
22069
24852
38370
2551
6828
6026
36123
12072
30530
20975
7779
37094
27484
39259
5991
7249
17809
8473
12074
4981
3002
29735
35737
19772
15866
38020
3501
38874
23611
3445
20943
4815
38167
19847
11643
4193
12322
36780
12617
39204
20396
36298
1591
16008
2289
5193
33817
10762
17267
35150
10116
3354
30887
26240
15572
25259
29741
14446
5223
29538
31742
10038
27705
11589
21682
28250
20263
14814
19467
28921
17616
15765
26865
33624
14406
32058
27441
21520
9325
22591
27988
12679
9831
14228
28251
35090
3969
2697
29859
30791
10352
13916
38732
28386
2166
18995
3200
39385
34814
28473
17001
10579
15338
6977
21337
7396
34418
2857
13362
30845
22104
23193
1425
6707
14635
9405
14949
31605
36548
21653
1873
35281
10039
4039
14276
9591
39777
9091
38064
13130
16022
9755
20108
37360
17151
14526
36569
26577
24240
27415
8681
7433
25192
15389
26939
21146
33370
14896
17694
15023
16770
12975
21414
23604
31005
16938
32695
25421
30069
5069
35176
10177
2429
8680
21055
38999
35257
22766
3938
9081
7958
15679
27502
31249
36825
17224
6146
10872
32247
22916
13661
77
7451
1018
17016
36498
26440
3437
1568
21616
9966
349
30296
31021
39348
21905
32669
18466
22196
1751
22777
37875
25605
14026
31053
2830
31429
3088
25772
1443
39518
29576
2461
12886
22426
28901
16323
23994
6870
26289
20696
33518
13662
16396
15424
6332
34863
37620
4435
17640
31847
26392
28018
22900
29222
4543
24825
17004
3983
6950
18447
32878
20908
16387
15304
6162
29062
35651
13032
15351
16347
2902
25366
32743
18326
28050
23958
12298
28837
37950
15229
25969
23398
804
30512
4576
17808
30847
7878
36255
34349
37108
17163
10736
8764
19677
36151
4415
32709
17114
35612
33220
6210
10290
21270
30168
18941
10107
24471
19439
21689
10440
39189
22493
37304
117
36653
28151
4347
32908
18852
1455
6423
25941
6572
26101
22092
15162
29946
24454
7126
19519
27016
13769
789
17184
32710
1655
8501
8447
4042
7783
2103
512
26607
1211
33696
1811
39019
36471
27752
5591
18924
6196
12930
34087
36143
33736
37565
15662
20752
11334
12803
34289
396
16404
32296
1694
37096
5829
39199
6156
6617
22158
7367
36665
20322
6386
33137
8074
12061
14271
24908
2500
6766
66
18780
35749
11400
27935
30038
11797
22334
17046
19430
22690
8216
14982
28846
11185
33492
36214
7851
13814
38952
37340
18241
10930
5753
28864
32190
8254
35630
7186
4672
39287
16072
29325
24221
39389
11660
27442
20310
9992
2424
5509
17529
32269
38075
25380
6083
37027
22720
24324
4309
28474
13188
36499
33080
5170
38
37752
15932
39325
10176
10982
28651
34398
10371
36663
28370
12147
20457
5032
18491
10541
36021
8616
17753
13938
36826
38263
6305
21652
7803
39157
14732
9326
39195
8836
25258
38520
19012
32592
23523
2964
16538
38132
33348
26307
12582
10058
22328
20437
15027
36433
34375
17023
33259
28990
14911
33146
22485
25995
2472
18032
34831
24082
12905
16675
36428
19639
9319
27454
13960
13761
11601
20370
32441
32038
35397
28875
26413
12420
18486
11756
32101
33398
10938
15745
7374
25323
6929
31456
38228
17125
8131
31008
33435
36679
4230
11577
39346
18190
21690
10947
34913
14132
39337
30310
3007
25751
39083
21493
37507
27536
11243
2409
34826
20149
33918
37591
18377
7395
5723
5738
830
26197
2417
1413
37774
38116
15955
5415
29949
4753
1179
32956
26856
36614
10801
20715
24150
18397
19476
18976
1738
25611
39126
32008
23202
13855
39403
25277
36585
11475
22011
37998
5601
10306
21418
25542
21174
11367
26647
22353
4323
18967
11477
34218
39469
26226
13694
39305
13924
19972
18860
27779
15727
4137
3725
8664
11964
25736
3015
17566
13321
38984
24109
34495
13201
11027
28520
18856
14831
27990
5082
28525
2788
33046
24183
16712
9370
3043
4491
21449
3532
26466
15497
30304
29481
33063
28871
39154
12981
30001
38751
20090
6131
702
28075
24987
15533
16065
30070
411
19468
20946
31917
25191
23989
32760
2992
23873
37329
29458
39370
27633
15291
28785
12857
10797
13537
22190
799
12288
14771
39334
39759
11220
845
26181
16050
2001
28929
4319
27192
9270
37080
26537
33143
34409
12347
28866
18394
27639
14003
27603
34788
27540
9793
35587
36181
8425
35941
10952
4112
20721
7063
15332
21567
33244
23315
33969
35246
12244
38289
18790
21514
31721
5327
11009
26130
17675
39875
876
1666
10231
28480
36454
37771
34625
32042
24335
3515
5056
18847
22975
37917
38514
16945
33163
10758
11586
11953
28624
3307
17281
39633
25789
31308
35861
23017
32974
6092
7849
29428
215
2475
17822
26872
38230
2157
24481
29153
20592
26541
27070
15458
39838
26216
11424
28539
11192
11083
7177
36872
29832
3038
16242
22806
5482
24091
8586
22918
26409
28922
21148
24918
19245
28484
38908
36189
11378
25979
11647
11216
2564
34215
18993
27455
5407
30076
12585
23301
15811
11975
35895
34969
13810
19986
3556
12212
39257
26317
37486
16757
11235
7241
36003
36072
6149
32192
7450
3840
15018
27397
34011
11204
39815
20440
37184
12400
93
9347
20727
35988
4317
34537
15974
7873
3101
11583
34190
587
28341
1777
34201
10330
12888
38003
38810
13080
13022
22559
11136
3385
33764
7303
20177
27300
16055
20270
36647
36782
16258
27672
28585
8837
30773
168
39379
31361
24861
37509
5557
31710
9519
26066
4682
27878
39088
27241
35366
38825
17357
2669
19003
4657
18724
35625
15507
11884
2269
39531
469
7459
36989
21665
21851
37051
17207
27408
28762
23078
2206
14828
27760
30085
10268
25451
5445
28711
28121
20800
