80000 53753 2969
76865
13480
50197
38711
36991
61976
48216
66100
7561
18458
8851
61341
14505
35884
61298
59509
59003
47303
36244
63024
47224
14796
11919
42757
71334
9823
41439
6688
58676
11637
45399
59922
4980
63728
64490
27433
27641
75741
45891
36492
13435
60397
72376
74733
39906
7731
78388
32503
70755
45612
47299
39027
44722
41526
66713
54545
50370
28152
61234
29046
76141
62985
45320
1122
46713
29810
28555
74354
61904
30798
75339
11195
70072
7454
67306
68460
14413
70425
53440
71499
40153
46044
11857
24658
63630
40903
20799
46616
6223
58273
72385
43180
54289
73979
74882
49628
10809
76052
48980
34467
45289
48880
11290
45250
2789
6737
55178
5185
18594
79836
68816
15849
56988
58424
71613
48761
50809
71146
65125
44032
31079
63003
54841
27132
31984
9308
33625
14540
15639
78875
29565
54780
5612
4744
59965
60558
40932
48781
76407
54272
40565
54831
45886
45679
61993
58476
58509
22508
38171
77864
21655
66200
43009
26004
19826
13902
41643
43467
16423
17018
4563
32741
77576
45496
1522
73984
56120
78440
5167
22006
67160
15390
58947
30251
37808
71509
46783
14316
70871
72788
70494
4773
70783
45548
4592
43559
62566
76300
60142
11004
34174
10478
67124
32614
51998
45483
76733
39158
17225
12033
69763
47477
49841
51243
31945
41350
18026
2613
32221
47166
73108
73346
74302
75008
34291
37861
57574
43447
34161
74068
10803
68335
40899
77927
12897
43410
54035
8407
16988
66068
34522
64465
72261
5765
52762
33612
60144
55375
22185
63662
4835
51884
57964
79843
6175
15825
49986
44190
16777
74674
5089
14704
51976
54338
14467
62363
62745
31455
4784
53620
52272
77045
59385
61386
30657
75881
73113
9195
59544
77949
61079
37508
34144
67254
9686
4266
29580
16024
48456
46357
10698
53545
17413
19026
64235
68232
1390
46980
56039
6174
56952
64663
3219
36338
46049
70229
68571
39163
48115
73464
16855
41976
63960
40461
68226
70041
24038
36682
72750
71089
46579
10163
30814
78396
47857
34147
54435
54031
11099
39099
13603
41500
40184
72361
37015
32312
76828
66831
49167
75156
50792
45980
3170
39018
72373
27209
32053
65123
34984
75286
28413
65799
30034
32623
56298
40822
43006
36273
56609
63891
77773
53145
12604
71141
5457
57972
10976
28764
13308
44111
24135
5681
71320
12540
70804
47524
22443
74384
69675
8829
27007
45973
49651
70013
26075
42276
2975
76402
12472
67543
24706
45515
21610
65647
30632
34919
29759
11119
76952
21079
23659
67050
71183
61434
60859
11733
44793
63184
17737
71158
45611
60013
30485
11929
56415
42958
70851
43958
53592
15558
45826
75202
1205
76458
66473
30964
7577
63426
8396
67588
7535
75446
58771
46791
13232
75982
58025
15519
76261
5535
61130
12627
29412
69042
35331
69353
35821
35179
40477
73379
67989
24343
31918
46729
19506
10616
64537
34629
57407
77769
30612
72283
12146
2483
24897
17682
19965
37524
10055
49377
62918
69641
52271
10661
61814
43802
55193
68143
70793
35889
20061
37522
24980
39567
9518
74197
61897
43639
61161
10533
55786
63644
35430
29820
39961
72954
76227
77965
35332
64496
44978
17146
64650
8820
72340
52794
79614
64581
29207
73488
9561
68775
77979
55431
19324
19071
36837
26761
31209
20481
18543
17381
60442
11497
26133
23722
47925
61465
8218
12903
78612
29220
58075
27304
2014
57689
48237
31222
7530
57798
56349
33230
32025
58089
52301
68862
39862
45695
59746
57243
62489
27596
51318
38776
15888
8031
61404
1460
66106
45060
39827
148
13297
27401
7678
71096
49539
60678
72127
63980
69331
60989
25183
29193
63036
41282
6436
45525
25230
77287
10500
76548
72415
36941
48788
36798
54697
50248
59256
10075
15756
33055
73828
23434
60503
77578
41181
26057
13306
43398
74841
59705
26434
66141
28312
61353
19780
75164
14253
48547
68457
19393
41697
43155
25994
57306
62913
72421
73062
66250
52849
32824
20180
2174
74005
46238
15480
9636
10322
40575
72423
2797
26717
20503
2849
15899
71108
7749
4357
10502
36496
26752
66777
65269
19815
39097
51519
72664
71921
71700
31190
22279
37938
46671
46797
13345
43724
76349
16142
26793
17084
72997
29643
69336
64106
37392
73693
74608
43190
77557
67456
69943
64334
52725
46110
23431
60597
75126
51705
52297
26316
77133
6865
42684
67651
56651
8176
53646
2339
28634
11038
32384
59594
54228
29941
3402
523
12480
46633
74059
73077
78111
2116
24428
76100
4665
10119
29585
11530
52804
70442
51097
14445
64101
68863
68091
22792
35481
55177
33444
46062
5118
36847
46585
55746
49327
49571
42404
4034
44625
64814
77077
5147
74934
26662
53029
53456
60479
67902
44580
12345
67372
27490
78901
60935
50241
54134
53178
16118
59813
22749
22275
63136
23252
59051
47950
20329
64198
46991
73579
46974
56799
54058
31751
44701
54990
41744
13399
42363
69234
17578
41264
6521
24171
17007
77349
17754
76820
56451
76381
39587
34440
7537
76314
50422
43305
48570
53748
20105
58980
41852
21158
33971
70909
32686
29182
30302
72056
69010
31939
9063
66360
6045
79163
61273
38750
14764
52066
46287
63408
53061
31978
63162
67193
47311
25014
44704
1282
64962
14144
36805
64270
6200
25815
52561
51616
48527
58607
57500
47690
53738
75125
42792
68502
3543
45432
35933
66952
18493
46670
55282
38007
70215
22593
60227
4335
14195
54832
63690
78466
17384
45857
7379
69000
50737
65986
2852
18427
76076
34330
61220
64579
26652
56864
61177
1497
23534
72812
75857
50102
51757
5021
31985
55918
68258
46180
67102
8300
998
54158
73487
24895
30716
32691
79674
67021
17246
47724
61247
24588
78776
38100
4475
71588
33957
54577
5539
15950
75331
4209
77863
4911
12509
78862
9398
23019
7240
39237
74308
71928
40293
15302
57539
25177
76549
57790
49766
75325
52242
54241
23266
42551
28818
66612
48090
18295
22252
5329
27163
15020
72913
77210
58612
32150
1477
9273
60431
41770
66726
75733
55661
11904
69803
61670
60311
72263
4596
57433
9039
58553
1188
31291
63883
17347
58454
38074
68719
51368
71636
3684
39870
29465
20301
27587
79683
52386
3249
11587
37372
73052
29609
54036
71450
58224
13965
76046
72009
40507
41437
50563
78047
72728
70798
15394
65224
4114
58903
56860
7798
55125
6326
57107
31779
33913
56790
73514
24730
77890
66567
10691
51926
14369
68916
65891
10415
17277
62750
51853
67840
60798
933
58638
8468
214
73010
23723
57075
808
78849
19753
14267
30628
53666
71058
27497
3533
52140
25387
70100
62831
33665
40821
8099
55909
25377
38659
59441
49569
55809
16727
64560
8354
25195
64774
48919
41849
38525
61602
52792
71100
71621
18597
75154
52342
337
21606
71526
34002
35977
9911
70015
61354
4923
5809
30924
22536
15484
61790
36610
63155
9354
78460
13474
67176
40926
44387
59524
75893
76073
59861
53851
23951
50215
72630
59929
60127
18998
41283
61159
28559
38486
40047
395
20277
37006
53485
71818
54168
23311
41344
64238
8972
65075
43762
4865
17501
59975
15069
41452
30190
7699
21381
46669
63049
24423
44208
3928
62910
4255
4324
39539
48386
77682
79323
58223
69500
9843
34084
51187
22124
43056
72615
22238
4274
46468
2213
7920
68756
63394
65654
71777
41023
16201
10652
44951
35463
51260
5627
75002
55998
3309
30677
34221
72809
40520
72107
26894
48059
50584
26302
40674
72822
30576
7142
31388
51415
56496
69666
73421
4625
72462
34444
20826
3114
79395
56289
10726
41375
7643
66724
44684
38320
57297
73846
35192
57092
3252
56341
3394
278
5515
70323
43773
73255
76594
15188
49751
22612
44961
54377
15074
79405
31555
54541
35152
21619
76527
8344
77564
46513
65641
71410
71398
48502
41309
4091
51896
41588
9607
78571
5361
2862
75166
56901
8966
25557
51250
36450
12771
51799
58069
59992
6863
26505
78273
64562
36157
3127
25872
40249
55023
49856
53595
29173
9070
5113
6074
18036
27936
77504
5555
45334
17133
48376
63977
77125
59982
79548
61817
897
64944
63121
32307
76320
6933
6267
36106
11233
11380
78532
65622
63327
26468
60832
68375
25039
6701
78525
19514
27031
75650
47008
54223
11985
46556
36041
12882
38614
76003
70921
17305
2936
29436
75394
77022
27656
73926
62644
10984
56746
42349
28168
45121
23741
79306
22266
55173
35205
54268
9429
22605
25089
1822
35487
59159
67842
47329
32817
27130
76766
12741
22524
30140
40398
52802
51382
29548
79550
71578
35208
39196
13844
10381
30753
24465
68914
40182
47070
14004
78356
38910
34060
57516
63104
1389
10333
34507
23074
32759
64647
63472
41914
77431
71206
71462
45269
27108
58836
62317
7044
29050
5137
67861
17965
1672
71283
31969
66545
57544
49650
67877
58278
47304
48996
79277
30776
33061
58335
38725
78330
17561
71529
71945
34925
53163
77082
59138
35106
59449
35135
36967
38182
42969
18304
36909
22854
76582
28203
32212
71341
39113
65273
49676
63603
55120
8103
11484
79232
36400
2762
8747
33483
61900
36227
68589
32322
60076
25642
10210
72756
68611
28515
66017
47818
61449
70230
76021
61571
71486
78934
31248
25677
33780
30374
41952
70181
33136
50700
60016
15036
6927
3711
58956
65705
25518
14142
10668
54033
36511
58486
35483
26741
54507
44664
4431
75912
28023
23320
38632
18155
10046
36937
44688
79534
61056
50923
50916
22366
54634
66224
43752
76691
11743
57894
7359
65776
14405
65846
57611
77498
76705
63108
42162
79051
23891
74427
47211
69411
37934
26348
13144
70337
20031
64067
41254
42397
75053
63830
71744
75573
20395
79104
17702
71152
21302
31665
68650
18007
14773
67164
53411
75016
61591
78580
7355
31123
12190
70098
25334
60393
10129
45754
57999
52526
77159
41829
58675
68904
73755
35422
24360
11457
26574
45662
79474
51576
63669
50600
38740
73432
45616
56684
66622
44196
64039
17745
54094
7843
38073
70839
40179
48838
26850
37338
26242
40775
77299
6954
8584
52616
8058
75449
72638
58658
70542
66070
24275
3578
9044
24823
23969
26790
1210
78063
70985
75635
25255
45310
35814
74093
72160
29504
41113
34038
12099
1888
31337
19053
11563
71670
54883
20660
33541
33906
43082
73836
52127
38992
35269
76554
52221
72189
77476
27916
64355
71569
20077
13859
69035
10467
25958
70923
78156
45012
37748
73034
12631
9436
50046
46172
79694
13128
16693
73531
21607
55685
11336
56876
52239
19909
39483
44428
67399
65135
45307
43828
78994
34342
54295
24953
61617
19365
54875
55703
68348
64311
25749
70873
64006
38877
7566
57537
60485
19603
73713
71842
33196
72622
18872
56948
57757
20531
57128
56751
54873
31424
38056
72843
76580
20725
48560
51455
76428
35767
22177
64134
19773
61055
33662
77892
11303
58887
27957
39497
60374
61154
32119
79247
74454
46228
19778
51582
59331
31004
53740
60199
74465
28759
43746
70894
22020
79513
13071
6154
55638
30478
45652
56328
41358
41266
73834
29829
24640
32409
16643
76222
11741
3999
71933
65481
64223
59946
49310
27969
50840
27682
27482
20264
70189
39472
24395
5124
35465
62609
66016
48145
27282
78331
10149
24147
22971
42558
77142
55545
10651
37494
76132
31702
12431
63706
59671
19623
47741
43506
39887
37930
39330
10630
18677
44455
46095
1286
66823
50592
61606
14105
48923
28107
74604
71894
70665
71746
3791
51270
33801
39324
27343
22208
75084
18853
62095
69366
29077
58991
31524
45682
45814
63640
51039
11747
10875
79285
38765
2621
3077
76434
68214
10699
66587
31851
69172
15546
25370
10631
44224
29827
36349
58760
58905
44393
37751
46781
10076
39917
48898
30068
56188
41816
67063
55575
581
15004
33367
14250
19954
2453
75726
54352
21096
13210
21335
21672
43038
57684
36784
58295
22078
74535
61428
68506
30326
18574
46992
16742
70407
53675
16444
69899
7042
67046
15602
47680
28827
43852
42038
65187
41428
79223
3585
21301
34473
37503
46159
61629
67830
21086
28622
37828
19029
5693
11504
71825
75592
54898
58872
47546
4724
15226
30723
4928
40354
26467
43507
70541
74270
4119
49503
55899
28301
70589
4521
59099
64770
59903
21144
32626
51728
16736
7524
64282
45772
71676
35860
76604
76215
61960
23071
76074
52501
48762
79519
55469
52106
73789
59588
21609
6041
7890
10562
69673
26817
44486
22299
34898
61222
66175
21850
1857
31947
13527
10131
70284
3106
33203
22711
11959
22230
67428
10423
52372
3369
68384
58413
11259
73287
25327
34600
62960
8497
35438
41611
43395
53013
27787
65245
54870
16086
78772
48939
37233
45256
75576
18287
8651
73128
76869
32431
35800
28287
21575
45686
74364
40887
54183
29802
2499
2815
66638
2823
14037
39076
37948
62977
76309
3204
29353
38015
76840
74356
67495
73709
26787
27398
79303
18940
19661
58703
77260
65347
74500
39530
2870
76999
57108
42037
63637
16284
56075
22713
54232
39052
13788
53957
41080
8155
7149
35436
37210
18575
23048
72865
73867
35085
12527
52571
68698
77874
25638
63198
37405
64860
16549
50865
26898
36538
67149
2973
77733
78377
70978
11521
56028
15835
23846
8030
9397
42422
67430
2263
36289
22516
14790
45212
11214
12664
30764
6421
12063
47313
57287
38961
3851
78286
19454
78522
33015
46785
46395
41701
35195
58776
13888
59042
66806
57816
54237
25549
50457
76753
40339
15670
44319
42873
52129
54936
78748
65768
50250
38951
66556
4888
58405
21430
74256
61542
72309
16738
6198
32132
69760
46300
43997
11385
77102
8076
68779
53783
29208
25912
42941
27956
11680
13191
23259
54431
38017
56019
48687
40997
72649
39503
47195
61133
29264
33031
29613
768
26716
25674
24489
18979
13679
56620
74358
12924
26163
17618
3865
55635
5634
31546
16434
46631
24196
55938
50178
41681
39561
25467
71167
76681
62362
54235
35077
60856
21715
45127
62100
78335
75837
31377
24498
13455
35242
61445
25442
51479
67079
56989
24266
70062
37537
36556
40240
79218
78110
36153
25629
32834
7047
74711
51436
71294
73151
72773
30372
27839
68610
61749
52337
38418
53343
70134
63860
61175
57213
40849
5441
47275
34738
41997
43867
76459
20
14994
22088
32854
58394
58305
63917
29830
59333
35076
26209
7172
60039
44310
15862
18457
54005
5996
38669
35180
19562
35871
76973
23189
70609
75322
23409
24566
71781
23429
75913
12636
54307
28527
32905
40489
70831
28742
25907
63347
11965
79209
60755
65971
41557
17471
11648
54477
40661
2257
6151
20422
63176
77933
43851
59089
48155
12839
69748
76682
2097
66589
23865
67191
42763
49773
78495
26110
46812
61671
29179
69135
23229
4956
46639
40700
16604
57468
37713
18861
63619
58135
58339
17478
66059
27530
43578
19094
29627
30167
42959
72931
49084
51666
55393
61156
18478
37065
7614
60294
51643
10605
57346
24599
68073
79812
29547
1850
25949
44238
55680
48360
71769
19259
67454
57748
49426
30414
74567
78709
79498
46233
54103
17006
11168
63693
28678
27814
71688
39283
5160
16287
63708
56572
16100
28104
42472
54302
10405
66334
58766
5593
46220
12580
11372
32986
7147
10081
32485
9733
64184
30797
75352
69537
15827
59518
11462
64679
70217
31522
77603
42669
59626
76427
16971
26384
39490
3305
5150
74321
45251
51370
43253
56623
66704
73194
52838
79037
39987
38945
24926
55814
18464
42504
23628
39495
32721
55150
73450
71128
69878
48713
65720
8370
59014
16393
9973
59647
66596
71094
66400
9653
64288
39238
53246
79225
12191
44604
11391
30655
43460
35019
26502
32533
46521
19953
64275
74001
46183
69340
47866
34062
63232
48296
49969
27943
66984
41063
50695
61703
46285
6235
37733
1862
2337
13253
5434
2149
4624
31937
34682
7497
51890
55309
37851
18073
44649
42069
49976
78711
25301
54624
79099
75271
66084
36334
55425
54390
55901
61661
12123
57763
88
50812
27369
52961
68345
73811
43995
75843
45701
70046
20126
32115
70102
55368
57416
1079
10820
52687
3647
76904
45374
70342
68239
39631
26782
75403
67000
68657
4716
55345
62468
48711
28170
24367
77586
4648
1024
29701
56392
43470
32182
67212
52509
35829
20468
17883
29150
30351
67311
55844
54942
2627
50345
71284
55061
25639
53752
60124
69532
38274
67118
53172
74026
18260
16642
26208
41824
69151
18389
18645
60184
47795
73738
59991
48681
62618
55378
37435
30440
64007
10564
8959
58633
51408
32429
21556
56923
51934
31535
22243
34494
73360
47747
52883
11134
69420
4872
73267
76143
9905
60409
15114
65284
17844
25368
52076
37271
45727
62640
2582
24361
34048
35012
47324
40613
10556
78859
45050
28571
66956
54286
40576
78090
43706
39314
73325
45576
49220
53734
60690
70856
27931
6058
42932
8138
61924
24137
32499
15973
59149
71120
19649
19762
18508
38971
46727
47080
62279
57365
60369
57423
57089
19684
50748
22665
25256
60835
39707
52464
8766
2117
30320
10255
77320
54457
69958
33875
69294
46073
44155
41396
38630
23676
11595
4045
73418
25036
60081
519
4053
41689
43760
14153
26472
45878
65901
56792
56133
63222
67602
69219
13912
45467
58514
59985
37370
22669
21382
76001
70256
1410
48348
1851
5455
78119
63240
21889
78638
67293
63578
16344
31054
42816
76932
55960
9417
39559
79914
64657
28779
66476
30164
22666
7898
19848
12922
22667
73005
57657
12935
30353
9065
73169
23357
51766
19268
41748
72776
4399
11927
59252
48044
3099
70710
59299
39984
15651
40200
47462
19219
38179
76877
16190
65411
27230
68783
56752
67604
48492
18586
75723
67760
60334
68499
72262
4103
76556
70706
7203
23619
77048
19955
49051
63054
23769
72170
61949
44646
35503
34491
66410
62733
59747
11545
3703
60037
50775
79426
4149
31110
24277
32661
59724
28381
65570
50430
71936
16530
77845
52914
45052
71215
9699
71974
25706
32461
41805
45509
60395
57672
1287
45134
61917
53558
24858
10298
39128
75288
38586
4669
79119
53376
70165
52001
7573
79431
17053
44044
70646
72370
52705
15565
3430
14510
59571
46679
16371
76318
60703
17215
25838
79576
70773
50696
46226
66253
4812
27274
1456
58466
16871
26862
58862
43869
51233
16574
61884
54663
31085
77808
47456
74126
38397
21467
11341
57395
38466
23621
61071
73621
64785
8345
35678
62137
41238
79008
24452
42877
70771
591
59452
52656
11606
46889
69300
14345
942
27698
35813
48636
48285
49560
43454
39569
73182
60878
69542
69223
20971
62209
20493
6720
6662
6204
49598
33785
43147
65402
6441
54754
406
2988
50552
64456
75153
69094
44714
28663
37896
79872
18206
8567
25448
75529
14917
33160
57739
35410
76233
20753
41614
45831
54538
4762
67585
17332
15868
19876
66941
52626
73845
73435
49385
62529
62732
24732
47544
56980
60956
22102
21899
6404
17632
36816
75917
31723
72227
72150
8828
70193
74333
19718
31307
18270
73402
3527
60344
12506
54189
5941
71732
59927
24822
10816
4659
24148
65615
50821
28372
24805
2864
60641
31443
9143
58060
57989
39828
77778
9296
58098
71181
49176
7877
61682
67623
18043
78345
48797
65211
39356
33867
9360
61324
41040
11760
65845
14624
26689
2420
35832
13137
32012
10110
75233
