360 648
260 278 2
140 348 43
276 287 5
33 172 43
208 302 22
162 315 6
181 349 21
203 246 28
359 360 28
39 130 22
109 165 10
35 149 33
16 17 21
148 353 8
203 296 36
91 223 39
21 320 25
84 258 2
72 201 2
46 277 38
118 217 36
280 349 39
310 325 32
33 83 45
155 198 34
253 255 36
253 313 35
177 200 19
49 342 23
257 291 18
75 270 21
330 344 48
124 176 26
93 210 32
315 341 4
219 225 46
123 303 3
356 359 30
192 267 13
298 307 34
275 329 41
129 334 23
245 324 49
181 238 39
31 60 29
12 113 3
77 243 1
150 303 18
18 279 1
236 290 11
50 237 8
259 317 37
19 136 26
109 357 1
224 242 12
226 287 19
331 334 45
350 359 24
62 116 28
109 241 48
200 217 34
220 335 28
81 224 29
324 348 17
272 311 33
120 186 35
158 328 4
231 312 37
314 358 18
329 337 40
67 328 16
267 293 1
339 349 9
252 272 17
204 217 27
268 338 16
157 288 13
32 306 48
173 356 21
243 253 35
320 346 23
335 337 18
88 225 17
236 299 25
268 341 49
185 356 40
299 323 25
145 234 31
355 358 10
170 187 30
46 266 8
111 157 8
18 27 17
70 338 7
253 350 47
183 226 21
109 352 41
196 307 18
22 105 3
93 204 2
101 238 8
163 335 47
270 345 3
232 303 34
323 354 47
319 329 12
220 301 25
344 358 8
277 324 17
278 347 39
339 352 37
215 287 7
309 322 19
298 329 24
316 326 17
115 269 1
176 207 11
135 349 29
183 326 12
233 292 49
28 64 18
273 316 44
108 329 41
148 180 27
312 353 9
53 193 41
277 295 13
334 359 25
57 330 30
163 180 37
111 118 15
286 353 35
175 288 38
321 352 32
237 281 37
353 357 32
236 251 33
336 344 38
220 234 31
278 329 16
322 340 9
267 303 28
338 349 50
227 235 12
323 335 36
306 319 17
81 82 5
196 275 49
7 265 32
81 220 38
216 279 8
18 359 34
180 288 11
13 334 4
247 351 21
264 272 34
354 356 40
137 172 6
54 209 41
145 176 36
309 359 30
55 256 2
355 356 32
228 310 40
161 239 5
76 196 21
65 204 17
246 296 2
3 299 3
318 339 14
232 303 46
310 355 35
216 218 18
87 125 25
103 289 20
320 324 24
181 336 27
65 313 17
343 358 18
80 168 1
216 314 49
253 343 32
284 358 25
72 287 20
8 170 41
112 321 28
351 353 37
350 358 7
207 331 16
324 329 7
302 323 13
277 323 22
178 180 27
206 282 37
30 212 37
30 234 45
324 358 37
3 185 15
46 190 24
237 271 44
306 342 27
29 103 18
52 332 9
352 353 33
38 189 4
34 274 32
191 241 15
340 346 25
61 132 27
291 302 22
101 322 34
130 341 7
207 340 29
6 81 48
107 234 12
1 15 16
78 269 37
311 353 13
305 332 40
181 235 39
249 340 41
165 258 18
42 274 50
260 307 10
244 346 32
221 346 28
221 230 44
98 344 38
75 152 31
111 336 44
97 163 43
198 283 7
9 187 49
33 57 20
106 185 33
107 126 48
154 226 23
337 352 43
332 360 46
292 352 32
83 102 8
20 277 6
122 128 9
346 357 34
19 41 5
336 338 17
193 309 9
276 327 9
25 175 29
54 156 1
187 243 43
144 286 21
212 282 27
107 283 8
281 359 43
60 346 38
288 358 13
252 335 30
273 309 5
121 257 29
42 167 43
192 318 44
198 244 17
349 360 44
259 283 18
195 207 20
184 245 46
239 333 32
219 247 40
67 296 1
216 292 44
341 350 22
299 314 26
97 342 49
347 350 40
119 281 48
255 311 6
3 332 8
313 318 15
311 340 29
260 336 15
35 351 30
101 214 31
345 350 15
327 359 27
204 226 30
30 144 29
74 139 37
203 333 12
312 335 37
117 298 48
213 284 47
350 352 49
256 293 13
352 357 16
228 351 21
152 224 9
193 236 25
106 302 6
80 328 36
57 305 26
261 326 43
223 249 18
254 287 9
283 355 25
351 360 30
335 345 20
5 177 25
325 358 8
16 85 46
169 281 45
335 351 50
320 329 27
167 198 39
298 315 36
128 142 45
35 108 43
330 358 34
294 339 33
50 68 46
56 198 36
40 322 8
92 167 18
202 251 12
17 335 4
123 164 11
160 308 48
158 187 49
285 294 2
250 347 32
159 257 22
64 266 22
358 359 37
226 353 9
184 194 39
156 201 6
242 287 46
214 316 40
69 322 4
81 101 1
24 28 39
114 346 14
27 99 32
279 295 24
17 97 42
330 336 33
342 354 15
334 360 22
71 333 40
188 202 49
101 218 17
165 337 39
302 305 30
153 353 22
206 270 24
173 337 44
47 160 20
31 157 7
171 244 27
48 311 7
190 314 37
248 358 46
244 336 19
11 260 4
135 302 1
213 319 31
66 227 50
203 257 49
203 237 21
58 104 33
318 340 16
286 322 16
310 326 14
264 339 11
249 348 25
120 152 37
245 257 11
27 83 45
55 349 32
36 187 50
71 99 17
303 317 13
176 234 21
82 250 25
90 232 13
156 188 50
250 344 19
207 222 42
268 349 8
170 244 40
214 317 23
210 272 32
188 310 5
202 221 16
118 338 25
337 345 37
316 356 32
193 224 43
64 348 32
280 313 17
66 160 5
129 175 16
320 339 28
8 54 8
57 151 14
92 200 35
118 318 20
296 337 42
136 333 4
217 249 39
93 309 16
289 319 30
92 347 31
319 343 47
178 278 33
176 299 15
271 343 20
126 205 21
107 284 16
146 204 1
126 282 5
300 308 45
33 329 16
39 192 37
316 354 30
132 167 13
67 198 45
70 188 25
333 357 40
350 352 46
116 214 29
95 322 31
50 288 2
147 201 13
163 302 19
263 307 39
101 172 2
24 351 2
142 154 40
64 217 39
297 338 15
206 258 13
333 341 17
79 157 28
126 290 22
57 150 22
272 354 37
200 235 30
162 296 24
249 310 7
200 267 13
327 350 44
120 352 37
350 354 44
146 188 13
20 187 26
220 235 9
316 350 47
210 280 10
355 356 3
168 281 27
285 331 4
137 343 11
264 328 26
118 179 38
355 359 19
7 201 3
114 171 38
168 309 46
107 177 23
75 324 25
247 281 24
260 279 3
219 255 28
136 201 31
252 259 11
143 192 3
151 265 27
266 269 6
37 192 34
181 263 9
120 330 39
305 352 16
277 311 19
96 112 6
307 321 34
279 335 10
155 332 36
349 353 44
67 106 12
185 223 20
329 330 3
19 252 10
318 352 13
19 86 44
349 353 25
301 329 20
80 196 8
242 339 32
241 251 37
134 135 38
165 335 9
312 346 39
263 346 47
48 208 35
191 226 31
5 55 3
257 324 49
301 326 37
102 277 6
122 284 29
310 322 48
54 108 48
311 355 7
168 228 4
226 289 25
109 124 1
33 354 31
227 316 47
127 228 49
44 176 38
202 262 40
71 330 16
66 330 11
231 284 26
46 113 36
92 175 5
83 266 25
251 257 50
7 223 13
356 358 29
173 315 24
80 303 32
329 353 14
341 344 39
142 176 5
101 159 26
165 335 34
178 329 4
25 159 48
207 210 33
197 335 32
357 358 22
95 359 48
196 294 21
229 316 31
127 315 29
329 336 29
170 357 50
132 191 29
73 146 12
188 356 27
287 319 12
218 275 29
352 357 29
197 355 40
221 308 10
3 200 16
315 327 31
151 291 31
312 343 19
199 300 37
201 354 27
191 257 9
106 259 23
201 293 24
1 194 36
191 302 50
297 332 31
161 214 2
344 354 13
166 301 40
58 95 21
272 319 25
322 336 15
148 159 31
127 276 33
205 230 5
74 80 8
192 200 33
54 168 30
334 343 49
326 333 49
347 356 3
265 324 8
176 292 2
179 231 20
155 319 15
348 349 7
222 274 11
183 236 7
334 343 5
355 360 15
209 322 1
43 345 11
29 316 46
260 279 44
19 179 1
94 265 32
215 351 5
154 240 17
330 341 48
12 295 50
164 332 30
83 130 27
115 301 21
155 296 5
258 304 41
64 163 13
160 274 8
125 185 24
218 325 9
188 335 5
122 307 5
279 305 24
111 158 10
307 313 3
139 304 37
357 360 15
350 359 27
21 260 46
206 322 42
61 124 9
359 360 44
53 235 45
232 257 7
74 252 23
151 263 8
52 283 7
321 349 8
342 345 5
169 271 13
130 232 27
128 259 19
152 226 2
29 105 6
246 322 24
71 279 30
245 337 21
306 340 33
286 325 43
98 229 48
102 204 34
99 314 42
41 347 14
206 310 30
9 253 32
7 193 45
