5 1000
-141 108
190 -128
94 -197
-34 -118
69 105
-116 -58
-168 41
5 -44
38 59
99 18
-22 -164
140 -93
159 -158
-65 109
-115 90
9 -184
-144 15
94 185
-47 64
95 200
-54 -132
180 38
-30 -159
59 -12
104 -75
138 79
-182 -191
-147 -43
140 178
-164 102
89 -10
-122 -23
80 137
-30 -129
172 -190
-7 146
158 -22
-54 54
-167 97
124 140
46 -170
172 59
-119 -44
-63 -106
36 77
32 -176
-127 -109
-17 -103
125 15
25 -63
121 39
-70 -42
-185 -70
174 65
148 44
121 -26
-164 -101
-120 -57
52 57
154 -199
27 5
196 -183
-127 -94
-185 -141
-197 -66
-9 175
168 161
-153 99
-163 -21
-103 19
68 102
-66 60
182 -147
-136 -34
-74 -170
-124 99
-40 158
-92 -21
-82 -60
12 -159
-66 -80
156 -122
17 24
136 -138
-141 -92
195 -93
-84 101
103 130
152 -178
30 -32
-83 -168
140 36
133 119
39 61
-180 -146
-175 180
-80 -110
46 -45
116 -116
44 -12
-140 -65
-175 152
165 -60
-47 -51
-113 -57
142 77
-11 -30
-13 -138
-55 65
-18 120
-130 66
-83 -62
55 -79
199 -84
-1 -56
-56 -163
6 179
2 10
45 -192
-116 193
163 55
194 40
32 23
165 -92
193 127
-120 41
-54 -131
182 142
-99 -36
-172 -199
-121 20
-120 -119
-172 40
-90 198
152 136
-120 -191
-10 162
-56 59
-192 51
-36 69
132 186
-30 -100
103 -8
23 -94
23 -107
-28 -156
-13 -57
2 157
41 134
-53 -95
3 -127
-97 39
27 156
-39 90
49 -4
-109 -90
-112 -105
38 -25
105 96
-91 157
-100 -106
22 110
-62 197
-169 178
4 -17
120 -150
16 112
-48 192
-145 127
65 -100
82 121
115 -191
74 -56
-185 58
72 139
129 -89
-183 94
-25 11
134 89
105 -71
3 -163
193 -151
-45 -49
-131 -184
115 -127
178 -199
12 -134
-134 -141
91 9
-62 -77
-95 -172
-58 18
-87 138
-188 -113
-176 -143
174 -176
-44 33
189 9
-31 190
-30 -8
-152 -146
-151 90
102 37
163 -13
44 -75
-88 182
78 15
-70 46
-30 43
129 -6
-194 -17
-36 189
150 -103
132 165
-111 100
118 -123
-55 -102
-132 -105
-44 -12
-38 28
-95 -4
-49 141
-99 -122
-60 -16
140 -138
-55 -31
-73 -74
-145 -67
-166 160
-164 81
-41 118
3 119
-84 73
-155 -64
-73 153
63 -76
5 -109
178 -44
30 61
65 -23
173 -135
103 -164
-113 -114
181 -80
94 129
-95 -155
-167 -111
150 -56
-26 -4
31 -67
113 3
152 -138
185 -112
-198 -140
40 -103
-43 2
-22 -156
122 68
12 -186
0 170
-15 176
119 -45
-157 126
-103 83
-115 104
28 -165
-56 -149
-42 172
-3 198
-174 163
-126 -195
-173 -121
181 65
-94 -142
-48 28
111 21
-75 126
139 74
-191 -194
-44 58
-141 -172
-110 180
49 128
-55 181
104 -114
-135 8
-193 134
165 -20
-30 -38
2 -15
123 -124
-115 85
-177 149
-70 -105
193 28
-140 67
52 12
25 -195
-63 -136
168 -152
51 -107
-69 -82
121 -137
97 -190
125 -92
-127 107
190 -73
128 11
171 -29
-194 73
89 -33
168 0
57 153
-86 162
135 -72
185 -62
-6 167
-60 -104
182 69
89 186
88 146
113 96
142 -134
-51 -71
48 172
64 139
-147 114
-73 122
153 -94
75 -50
18 -127
-171 -178
-192 45
71 158
67 -172
123 -182
-126 -105
58 -76
25 185
139 156
-112 139
-157 -20
-126 -77
-5 18
-44 -150
67 144
103 155
47 109
-186 148
111 88
-26 53
109 122
-109 45
-185 166
80 -68
-30 57
132 -65
153 72
-57 -20
-5 -194
-56 -182
-54 197
187 142
-124 -31
18 -93
148 -190
26 90
128 167
-111 -175
118 -199
-109 16
-65 9
-69 -16
64 -177
-71 44
132 -193
70 195
197 -51
107 -200
197 -53
186 180
53 120
63 63
147 -168
18 162
136 174
-45 31
31 -183
-104 146
26 126
38 -81
23 -28
-130 82
-127 -17
-7 -97
-12 -93
26 93
181 -94
-74 -155
76 8
-85 -31
175 20
-142 42
50 -149
-158 -40
-168 -78
-113 -190
-17 -168
15 -7
-100 26
28 99
37 175
93 -73
-119 124
-162 -168
138 118
65 -5
64 116
-9 -15
33 197
28 -130
-114 -146
130 149
-20 -154
-132 18
-131 156
-145 40
-82 -119
-45 92
-86 154
190 73
156 -115
-107 -38
-22 -123
-19 121
10 -173
-67 -146
139 -44
119 100
-149 -75
172 28
-193 145
74 49
36 -181
-146 112
23 110
189 174
-34 196
125 -200
-198 145
86 58
111 -137
48 -86
155 -6
186 107
-117 35
163 141
-47 -90
102 105
-141 -27
-162 62
-198 -142
-32 103
35 41
-112 -124
-174 -39
41 -30
-17 52
94 -106
-89 -136
-134 167
145 -57
-141 -45
-64 -191
-134 115
-61 -20
37 190
76 165
-182 55
-4 -34
-69 -39
-32 -193
82 -27
184 36
-118 -180
-5 196
34 167
-166 79
123 124
196 -154
-35 -49
35 -119
63 111
-87 14
-37 143
-148 123
-175 23
50 178
22 53
165 -143
88 35
-198 85
-146 -125
-145 -142
-16 -119
191 -130
-48 -142
-100 113
3 159
-110 84
132 145
-185 90
30 177
179 -91
146 119
138 90
-29 58
16 152
-82 147
-47 -121
-75 -134
105 -190
-22 -55
-163 152
-108 129
124 115
-151 127
-12 -163
187 -42
69 108
-64 -20
-123 116
-169 22
-200 -7
-139 93
45 108
177 -63
112 -129
-26 -8
-109 116
-125 105
-35 124
-66 81
41 -173
-129 -132
-82 -47
-107 -76
29 -176
-149 102
-53 26
-182 -182
-200 59
197 93
-114 -22
-69 100
-15 -36
81 -62
138 -6
-15 73
-170 -127
-119 -138
-184 -131
195 -168
169 -172
-173 156
114 16
-17 -155
-128 11
116 51
49 22
-147 -3
120 -89
-186 -65
32 141
-152 194
19 88
-93 -160
48 -9
112 44
175 197
-92 -191
-108 -1
169 170
-163 2
131 180
-110 -52
-42 44
-183 143
177 -51
142 36
193 40
-149 -15
176 10
155 -190
-167 -7
53 -33
44 -128
-161 -110
-150 -38
-100 -181
171 -103
42 182
-97 -71
-120 -112
-43 89
77 128
48 -40
36 -7
158 -182
-199 -31
167 19
-106 -110
-81 35
109 -96
152 9
182 138
-157 -54
18 107
-101 34
64 33
67 -87
-152 41
43 -111
-87 139
-106 -187
-35 131
-15 158
-181 -161
-78 45
192 -52
-194 29
29 102
118 54
-90 76
197 110
-179 -87
-12 118
119 134
-66 166
12 94
30 183
-90 74
70 -2
12 -156
-69 120
40 54
31 67
-37 192
62 143
-2 -115
-113 150
-19 -31
87 -104
58 122
28 -182
53 -169
-111 150
-20 -197
-84 181
-150 -192
-159 -47
-70 103
57 200
158 30
-49 -50
-171 -154
-185 20
114 25
180 -107
-14 -25
64 37
-8 34
125 -59
39 57
-69 -53
-1 192
4 50
33 -32
51 -61
8 -89
-193 -147
-130 195
-180 -23
157 -6
156 -77
-86 -111
144 91
59 164
-4 -72
23 171
36 -158
-44 20
28 89
129 58
-93 79
127 -177
-18 1
2 -62
-113 195
71 83
-177 -27
122 -39
-109 69
-124 -160
135 78
-196 -35
169 97
161 93
-151 -93
150 -174
-3 3
-4 86
96 3
95 -69
109 -152
-80 -34
-38 73
-12 -164
117 -124
104 -70
80 -112
-18 -1
45 -128
117 -195
-14 -86
81 -127
14 129
-37 -111
139 190
-188 -193
115 74
111 74
93 -160
150 -104
147 -108
174 71
109 120
163 165
1 -97
84 -34
-92 -24
51 -104
-42 -181
-118 -137
-43 -188
56 98
88 27
6 -71
-52 -168
-140 180
155 92
112 -103
-113 -22
-198 69
176 -52
119 76
-182 191
140 3
103 28
189 28
59 -16
-11 115
8 127
192 15
-59 -71
45 -84
82 40
-49 106
52 -84
135 30
16 -105
-100 1
34 -26
104 -149
155 -198
-22 147
186 104
-34 65
-178 -94
-100 -98
-120 183
154 -15
-62 -129
-106 138
-108 -147
153 -82
139 116
-172 17
62 -110
135 -43
22 17
-179 -62
-118 32
-75 -159
75 -147
194 -151
149 -92
22 -101
-162 -52
-11 -71
173 -52
84 83
-196 124
193 81
-16 88
23 81
196 23
108 -106
147 156
109 108
28 -170
-26 94
-92 86
148 194
124 -94
149 23
-100 -172
200 196
159 162
-176 -116
147 -138
-134 130
21 -137
-52 -172
-186 -174
-148 138
166 -26
-185 -68
-28 -25
41 -14
-173 -11
-175 185
-195 -60
-53 -31
-173 -20
-173 -60
-114 -60
170 101
79 90
145 143
44 30
-167 -55
184 135
62 -150
36 31
79 12
50 62
-127 -121
-136 94
-10 24
-195 -27
12 -103
52 -145
123 1
-71 -49
98 94
-128 187
-36 4
114 160
144 -44
-186 -45
51 7
86 23
90 70
157 145
84 -194
136 51
-118 -163
-15 -70
160 2
-88 127
174 178
-77 -57
-122 -98
98 -74
136 118
145 69
127 -90
-100 47
-10 -152
196 0
47 -98
-140 194
68 178
93 -13
11 18
133 -129
-113 -125
12 -107
18 67
-165 -193
127 122
-155 70
-84 40
23 0
64 -36
56 60
-53 -116
-40 -117
77 -141
-173 -178
-43 -197
15 155
-156 45
-142 101
55 -109
53 -38
163 115
23 -122
61 188
-179 -72
-175 -3
97 -183
168 68
92 -35
-58 13
-12 -153
-172 20
-62 109
66 10
-148 -1
-33 137
-190 -61
-167 -97
-39 0
16 52
-107 15
0 55
-196 165
89 -180
-57 -73
33 -197
-35 186
14 20
136 -145
-196 -191
-135 170
-69 -147
-147 -190
-98 154
-8 -139
-145 10
-35 -58
-19 115
-131 -20
71 -100
133 178
43 150
116 -21
-119 -130
-14 -56
-113 -199
-95 79
150 127
43 6
-71 -42
97 200
-181 9
-80 76
146 -132
-79 -175
-161 -104
20 97
-56 -173
-110 -156
-4 116
200 -169
80 -195
93 158
196 39
-163 -146
105 44
-195 61
63 146
160 -15
-61 144
-193 -139
69 -148
-34 -124
39 -17
-173 -22
50 -115
43 -92
132 -61
113 -155
11 -20
165 37
-85 198
-125 80
-97 -111
102 49
-119 -134
176 112
18 -191
-162 97
127 15
132 178
-199 129
-174 15
196 -59
-165 27
-39 -113
128 -137
-136 -101
-180 -24
