4
-90 10
90 5
135 10
-90 5
4
-90 10
90 5
135 5
-90 10
6
60 10
60 10
60 10
60 10
60 10
80 20
4
-90 100
90 100
90 50
90 50
4
-90 10
90 10
-90 5
90 30
8
0 10
0 10
0 10
0 10
-41 10
0 10
0 10
0 10
4
-90 10
30 10
-60 10
30 10
6
-90 10
120 5
120 10
120 15
-32 20
55 50
8
45 20
-50 10
113 17
94 20
-27 8
140 20
79 11
54 36
10
-90 73
-135 20
0 51
38 85
141 27
-128 100
-116 20
37 8
-165 76
-84 34
20
-90 3
-23 45
-92 7
74 30
-82 61
-179 45
82 81
-49 73
65 26
-66 13
-144 57
-30 13
164 91
152 58
113 91
21 20
171 68
-96 24
104 93
126 20
20
-90 5
33 69
141 64
119 30
80 80
21 88
-60 78
8 18
-46 45
93 71
-148 81
-171 96
120 63
-1 9
50 18
-30 7
61 35
-91 81
105 39
163 98
20
-90 80
5 42
64 40
79 57
34 42
-42 50
-27 72
72 74
-12 91
51 85
54 71
27 46
-63 62
-46 12
51 54
34 60
56 12
77 89
-28 2
-8 27
50
-90 100
-85 49
92 98
38 38
13 84
-106 39
86 48
37 10
57 82
47 78
-98 40
64 74
70 80
-110 73
59 45
-46 96
45 18
83 42
84 49
-63 100
-90 100
36 53
-14 92
8 64
68 29
-90 63
-84 50
22 33
7 2
65 32
-90 79
-30 38
43 44
34 46
-119 56
-37 7
-81 59
70 45
66 56
-72 42
-22 23
-4 1
-57 80
-75 79
38 80
66 95
-88 46
-3 40
-48 72
97 53
50
-90 79
-58 9
80 21
14 37
-13 49
23 17
69 11
-39 59
32 67
-40 96
55 54
14 39
11 94
-84 41
32 80
38 63
86 74
-40 47
-87 82
61 60
48 69
-21 13
-13 55
39 19
-69 74
-61 94
-61 28
62 4
-8 23
-77 67
-15 3
89 96
68 8
88 78
-43 48
68 1
88 48
-50 25
70 70
-54 53
84 54
43 22
-76 91
47 68
2 54
-30 98
4 39
-62 25
-19 90
-86 84
50
-90 74
-68 10
-31 63
29 90
-84 8
-55 59
-55 39
-81 7
-18 69
-63 45
-28 43
71 81
46 10
-3 1
-62 94
4 7
-72 63
62 62
46 95
2 72
-2 73
-18 24
74 77
-54 37
49 25
-80 49
62 38
31 3
48 54
2 95
71 88
-81 9
-86 70
58 7
40 49
-86 97
81 32
-44 64
73 35
28 73
-46 25
-38 19
27 31
-22 15
-72 83
21 100
9 93
-14 11
-75 98
-25 11
50
-90 14
-31 29
51 31
29 72
-6 50
9 13
26 74
16 68
1 76
40 70
40 17
6 28
21 29
52 50
-57 57
-44 70
42 38
-57 41
-53 40
40 95
28 64
30 36
13 7
-12 68
13 19
10 33
-46 30
42 82
3 84
34 66
-11 59
31 62
-58 29
-57 1
48 24
36 26
-24 90
-39 71
-31 7
10 46
12 44
-12 31
52 33
10 56
-2 31
-49 48
-35 61
14 92
17 69
-48 4
0
