100 6
0000000000
0000000000
0000000000
0000000000
0000000000
0000000000
0000000000
0000000000
0000000000
0000000000
0000000000
0000000000
0000000000
0000000000
0000000000
0000000000
0000000000
0000000000
0000000001
0000000003
0100000002
0200000001
0202000001
0201000003
1121010002
2322230201
2311110101
3122330101
2113320202
2313210102
3112231201
2122113332
2233312133
1222221111
2131111212
2123132313
3123133311
1331113111
2321323131
2333213132
1133231132
1232123131
2312123112
2123331112
2213312231
3231131233
3322331232
3131232311
1213332123
3231132132
3112113313
3323211213
2221121333
1133232132
1231313123
2222222131
1313323211
1332323332
3233322221
1133311113
2211233213
1131113323
1231212111
1213312113
1222311112
3332213231
3222112121
3211233212
1221332223
2333331323
2311313122
1113332211
2133322221
1231112331
3121123322
2111112332
2221213232
3112311321
3312112132
3223232121
1123232132
2111312112
3133212122
3332331223
2332312121
3122131313
3133221131
2312212123
3233212132
2223111223
3133332321
2333333333
2333332113
3132231121
1211312331
1133121223
2121231211
3313233233
1223221312
1322122231
