70 5
0000000000
0000000000
0000000000
0000000000
0000000000
0000000000
0000000000
0000000630
0006000360
0003000461
0302060433
0402030643
2404060641
6122056646
3333016144
6521265442
5241223654
5335512433
3251461664
4414335146
3553322162
3342126325
6533132356
6641553223
4434432235
3641664252
5661115223
5552526435
4541541124
5165133262
6362161433
1521132116
1134211616
5612416622
3331254212
5425252343
2242653646
6211325663
2412441645
2466342663
6162426461
2622231335
4534354242
5454226566
1542255543
2152121536
2121464652
6563464112
4442525555
1313345431
1142232226
3543121652
1315153123
3425433244
5132135125
1544555631
2263455365
3312425141
5443336522
6116316136
5622365464
5451653355
2436436653
4313152351
5556536632
6515264413
5141423242
6225534222
2634654631
1613444262
