80 5
0000000000
0000000000
0000000000
0000000000
0000000000
0000000000
0000000000
0000104200
0000206750
8500801536
7647507613
6627202245
1737608576
7167406271
1883402211
3847252587
4512787124
6847411523
7154545536
3441466636
5658143561
6677623275
5876787151
4752566338
5643584638
5441864232
8244377324
2877674321
2834611226
4627725245
4728538825
8116228271
7437836428
8441771221
2454227483
7258313853
8141751434
5648733522
8462625178
4517865788
2734527354
3478346844
5286771825
6278148373
3738213744
1238851125
1246135518
3582767422
7872716815
2337648188
2186781226
1147335216
5776111246
5168641146
8557344232
4227657611
7664142354
8225242747
5422384367
8538127248
8565213354
1611552732
6355673678
1353634384
1131765841
2754644138
6461538888
7316442331
1426244284
4251465674
4747882577
1435235112
5745264357
8644647648
3857745646
2352864278
3537363535
6115746884
7258636187
1178883461
