Case #1: -1
Case #2: -1
Case #3: 4 19 16 5 1 
Case #4: 6 16 7 7 7 3 1 
Case #5: 8 16 5 5 5 3 3 3 1 
Case #6: -1
Case #7: 31 11 1 1 1 1 1 1 1 1 1 1 1 1 1 1 1 1 1 1 1 1 1 1 1 1 1 1 1 1 1 1 
Case #8: 8 14 5 5 4 4 4 3 2 
Case #9: 4 16 11 11 3 
Case #10: 7 12 6 5 5 5 4 4 
Case #11: 5 17 16 6 1 1 
Case #12: 9 10 7 5 4 3 3 3 3 3 
Case #13: 9 15 6 3 3 3 3 3 3 2 
Case #14: 6 21 7 4 4 4 1 
Case #15: 8 20 5 5 3 3 3 1 1 
Case #16: 7 16 7 5 5 5 2 1 
Case #17: 8 14 7 5 4 3 3 3 2 
Case #18: 8 16 7 4 3 3 3 3 2 
Case #19: -1
Case #20: 15 25 3 1 1 1 1 1 1 1 1 1 1 1 1 1 
Case #21: 8 14 4 4 4 4 4 4 3 
Case #22: 8 32 3 1 1 1 1 1 1 
Case #23: 8 13 10 4 3 3 3 3 2 
Case #24: 6 12 11 5 5 4 4 
Case #25: 4 25 11 4 1 
Case #26: 8 20 4 3 3 3 3 3 2 
Case #27: 6 16 7 7 5 3 3 
Case #28: 7 11 10 5 5 4 3 3 
Case #29: 7 15 6 5 5 4 3 3 
Case #30: 5 21 8 7 3 2 
Case #31: 6 13 11 8 4 3 2 
Case #32: -1
Case #33: -1
Case #34: -1
Case #35: 11 12 3 3 3 3 3 3 3 3 3 2 
Case #36: -1
Case #37: 6 26 5 3 3 3 1 
Case #38: 7 15 7 6 5 5 2 1 
Case #39: 6 17 12 5 3 3 1 
Case #40: 6 13 8 8 7 3 2 
Case #41: 3 30 10 1 
Case #42: 5 20 8 7 4 2 
Case #43: 8 16 5 4 4 4 3 3 2 
Case #44: 5 22 8 7 3 1 
Case #45: 40 2 1 1 1 1 1 1 1 1 1 1 1 1 1 1 1 1 1 1 1 1 1 1 1 1 1 1 1 1 1 1 1 1 1 1 1 1 1 1 1 
Case #46: 7 18 8 4 3 3 3 2 
Case #47: 8 11 8 5 4 4 4 3 2 
Case #48: -1
Case #49: 5 27 5 4 3 2 
Case #50: 7 14 8 7 3 3 3 3 
Case #51: 8 12 6 4 4 4 4 4 3 
Case #52: 4 36 3 1 1 
Case #53: 5 13 11 9 4 4 
Case #54: -1
Case #55: 7 16 7 5 4 4 3 2 
Case #56: 5 27 7 3 3 1 
Case #57: 9 10 5 5 4 4 4 3 3 3 
Case #58: 10 10 7 3 3 3 3 3 3 3 3 
Case #59: 7 16 5 5 5 4 3 3 
Case #60: 4 27 8 3 3 
Case #61: 6 16 7 5 5 5 3 
Case #62: 3 23 17 1 
Case #63: 7 16 6 5 5 3 3 3 
Case #64: 9 8 7 5 4 4 4 4 3 2 
Case #65: 6 15 11 5 4 3 3 
Case #66: 22 14 7 1 1 1 1 1 1 1 1 1 1 1 1 1 1 1 1 1 1 1 1 
Case #67: 9 12 4 4 4 4 4 3 3 3 
Case #68: 2 36 5 
Case #69: 8 16 5 5 3 3 3 3 3 
Case #70: 5 30 7 2 1 1 
Case #71: 4 17 13 8 3 
Case #72: 4 24 6 6 5 
Case #73: 6 32 5 1 1 1 1 
Case #74: 5 18 7 7 5 4 
Case #75: 5 28 6 3 3 1 
Case #76: -1
Case #77: 9 12 4 4 4 4 4 4 4 1 
Case #78: 9 10 4 4 4 4 4 4 4 3 
Case #79: 11 15 3 3 3 3 3 3 3 3 1 1 
Case #80: 6 22 9 7 1 1 1 
Case #81: 6 13 12 6 4 4 2 
Case #82: 10 10 6 4 3 3 3 3 3 3 3 
Case #83: 4 17 16 7 1 
Case #84: 6 11 9 7 6 4 4 
Case #85: 7 22 5 3 3 3 3 2 
Case #86: 10 15 3 3 3 3 3 3 3 3 2 
Case #87: -1
Case #88: 8 16 4 4 4 4 4 4 1 
Case #89: -1
Case #90: 8 15 7 5 3 3 3 3 2 
Case #91: 5 26 5 5 3 2 
Case #92: 4 22 14 3 2 
Case #93: 7 15 6 5 5 5 3 2 
Case #94: 8 18 9 3 3 3 3 1 1 
Case #95: 6 35 2 1 1 1 1 
Case #96: 10 10 4 4 4 4 4 4 4 2 1 
Case #97: -1
Case #98: 5 28 8 3 1 1 
Case #99: 7 20 6 5 3 3 3 1 
Case #100: 16 25 2 1 1 1 1 1 1 1 1 1 1 1 1 1 1 
Case #101: 5 17 12 6 3 3 
Case #102: -1
Case #103: 5 22 7 6 5 1 
Case #104: 13 19 7 5 1 1 1 1 1 1 1 1 1 1 
Case #105: -1
Case #106: -1
Case #107: 5 24 6 5 4 2 
Case #108: -1
Case #109: 8 8 7 7 4 4 4 4 3 
Case #110: 7 27 7 3 1 1 1 1 
Case #111: -1
Case #112: 8 14 6 4 4 4 4 3 2 
Case #113: -1
Case #114: 5 28 4 3 3 3 
Case #115: 9 10 7 4 4 4 4 3 3 2 
Case #116: 8 14 7 4 4 4 3 3 2 
Case #117: -1
Case #118: 4 38 1 1 1 
Case #119: -1
Case #120: 3 30 9 2 
Case #121: 3 27 9 5 
Case #122: -1
Case #123: 4 16 16 7 2 
Case #124: 4 37 2 1 1 
Case #125: 13 26 4 1 1 1 1 1 1 1 1 1 1 1 
Case #126: -1
Case #127: 7 11 10 5 4 4 4 3 
Case #128: 7 22 7 7 2 1 1 1 
Case #129: 7 11 10 6 5 3 3 3 
Case #130: 8 17 16 3 1 1 1 1 1 
Case #131: 4 22 12 4 3 
Case #132: 8 16 4 4 4 4 3 3 3 
Case #133: 5 16 13 6 3 3 
Case #134: 6 13 8 7 5 5 3 
Case #135: -1
Case #136: 7 20 8 8 2 1 1 1 
Case #137: -1
Case #138: 5 24 8 3 3 3 
Case #139: 5 20 10 4 4 3 
Case #140: 8 8 7 5 5 5 4 4 3 
Case #141: 4 32 3 3 3 
Case #142: 6 18 7 5 5 4 2 
Case #143: 9 10 6 4 4 4 4 3 3 3 
Case #144: 8 12 11 3 3 3 3 3 3 
Case #145: 6 16 7 5 5 4 4 
Case #146: 7 20 5 5 5 4 1 1 
Case #147: 6 30 3 3 3 1 1 
Case #148: 6 16 11 5 3 3 3 
Case #149: 7 14 6 5 4 4 4 4 
Case #150: 6 21 5 5 5 3 2 
Case #151: -1
Case #152: 8 10 7 6 4 4 4 4 2 
Case #153: 8 10 7 7 5 5 3 3 1 
Case #154: -1
Case #155: -1
Case #156: 5 21 10 4 4 2 
Case #157: 8 11 10 5 3 3 3 3 3 
Case #158: 8 14 5 4 4 4 4 3 3 
Case #159: 6 12 11 6 4 4 4 
Case #160: 8 14 7 5 5 3 3 3 1 
Case #161: 5 28 9 2 1 1 
Case #162: 9 27 7 1 1 1 1 1 1 1 
Case #163: 5 25 6 4 3 3 
Case #164: 5 18 7 7 7 2 
Case #165: 5 27 5 4 4 1 
Case #166: 10 10 7 4 3 3 3 3 3 3 2 
Case #167: 5 22 9 6 3 1 
Case #168: 6 25 4 3 3 3 3 
Case #169: -1
Case #170: 8 15 5 4 4 4 3 3 3 
Case #171: 9 12 5 5 5 3 3 3 3 2 
Case #172: 8 22 7 5 3 1 1 1 1 
Case #173: 7 18 4 4 4 4 4 3 
Case #174: 9 12 6 5 3 3 3 3 3 3 
Case #175: 7 15 7 5 4 4 3 3 
Case #176: 6 22 5 4 4 3 3 
Case #177: -1
Case #178: 32 10 1 1 1 1 1 1 1 1 1 1 1 1 1 1 1 1 1 1 1 1 1 1 1 1 1 1 1 1 1 1 1 
Case #179: 13 25 5 1 1 1 1 1 1 1 1 1 1 1 
Case #180: 8 15 5 5 4 4 3 3 2 
Case #181: 5 22 7 7 4 1 
Case #182: 6 17 12 3 3 3 3 
Case #183: 6 17 10 7 3 3 1 
Case #184: 8 10 7 7 4 4 4 4 1 
Case #185: 8 14 7 4 4 3 3 3 3 
Case #186: 7 14 7 6 5 4 3 2 
Case #187: -1
Case #188: -1
Case #189: 7 14 5 5 5 4 4 4 
Case #190: 7 18 8 4 4 4 2 1 
Case #191: 21 11 11 1 1 1 1 1 1 1 1 1 1 1 1 1 1 1 1 1 1 1 
Case #192: 6 13 11 7 5 3 2 
Case #193: 6 16 8 5 5 5 2 
Case #194: 7 20 5 5 4 4 2 1 
Case #195: -1
Case #196: 21 21 1 1 1 1 1 1 1 1 1 1 1 1 1 1 1 1 1 1 1 1 
Case #197: 6 16 6 5 5 5 4 
Case #198: 5 25 9 4 2 1 
Case #199: 6 15 7 7 4 4 4 
Case #200: 6 16 7 6 5 5 2 
Case #201: 9 14 5 4 4 3 3 3 3 2 
Case #202: 5 24 11 4 1 1 
Case #203: 5 21 10 7 2 1 
Case #204: 9 8 5 5 4 4 4 4 4 3 
Case #205: 7 15 7 4 4 4 4 3 
Case #206: 9 10 5 4 4 4 4 4 3 3 
Case #207: 28 14 1 1 1 1 1 1 1 1 1 1 1 1 1 1 1 1 1 1 1 1 1 1 1 1 1 1 1 
Case #208: 6 27 3 3 3 3 2 
Case #209: 10 10 5 4 4 4 3 3 3 3 2 
Case #210: -1
Case #211: -1
Case #212: 5 20 8 8 4 1 
Case #213: 5 19 19 1 1 1 
Case #214: -1
Case #215: 34 8 1 1 1 1 1 1 1 1 1 1 1 1 1 1 1 1 1 1 1 1 1 1 1 1 1 1 1 1 1 1 1 1 1 
Case #216: -1
Case #217: -1
Case #218: 5 17 16 5 2 1 
Case #219: -1
Case #220: 20 21 2 1 1 1 1 1 1 1 1 1 1 1 1 1 1 1 1 1 1 
Case #221: 7 11 8 7 4 4 4 3 
Case #222: 5 22 5 5 5 4 
Case #223: 7 11 10 6 5 4 3 2 
Case #224: 6 15 11 4 4 4 3 
Case #225: 8 26 7 3 1 1 1 1 1 
Case #226: 7 15 7 5 4 4 4 2 
Case #227: 6 21 6 4 4 4 2 
Case #228: -1
Case #229: 5 21 6 6 5 3 
Case #230: 5 17 9 7 4 4 
Case #231: -1
Case #232: 3 19 16 6 
Case #233: 8 15 7 4 3 3 3 3 3 
Case #234: 6 17 8 7 4 3 2 
Case #235: 5 12 11 11 4 3 
Case #236: 6 16 8 8 4 3 2 
Case #237: 7 16 5 4 4 4 4 4 
Case #238: 4 27 7 6 1 
Case #239: 5 20 10 5 4 2 
Case #240: 6 13 12 8 3 3 2 
Case #241: 5 18 9 9 3 2 
Case #242: -1
Case #243: 4 21 10 5 5 
Case #244: 8 10 9 5 5 3 3 3 3 
Case #245: 8 20 5 3 3 3 3 3 1 
Case #246: 5 16 8 7 7 3 
Case #247: 9 14 6 4 3 3 3 3 3 2 
Case #248: 6 20 10 3 3 3 2 
Case #249: 4 19 16 3 3 
Case #250: 7 13 8 7 4 4 3 2 
Case #251: 8 15 8 3 3 3 3 3 3 
Case #252: 8 15 7 6 3 3 3 3 1 
Case #253: -1
Case #254: 5 26 5 4 4 2 
Case #255: 5 18 13 4 3 3 
Case #256: 6 16 12 4 4 4 1 
Case #257: -1
Case #258: 16 26 1 1 1 1 1 1 1 1 1 1 1 1 1 1 1 
Case #259: 7 16 6 4 4 4 4 3 
Case #260: 6 11 11 8 7 3 1 
Case #261: -1
Case #262: 10 10 5 4 4 3 3 3 3 3 3 
Case #263: 5 20 7 7 5 2 
Case #264: 8 14 5 5 4 4 4 4 1 
Case #265: 5 17 12 5 4 3 
Case #266: 3 28 9 4 
Case #267: 11 29 3 1 1 1 1 1 1 1 1 1 
Case #268: 6 13 9 7 4 4 4 
Case #269: 6 11 10 9 5 3 3 
Case #270: 5 25 5 5 3 3 
Case #271: 3 19 17 5 
Case #272: 5 19 12 5 4 1 
Case #273: 7 14 6 5 5 4 4 3 
Case #274: 9 10 6 5 4 4 4 3 3 2 
Case #275: 10 8 4 4 4 4 4 4 4 3 2 
Case #276: 5 27 5 3 3 3 
Case #277: 6 14 7 7 6 4 3 
Case #278: 7 14 11 5 3 3 3 2 
Case #279: 5 22 8 5 3 3 
Case #280: 4 28 5 5 3 
Case #281: -1
Case #282: 4 17 16 6 2 
Case #283: 6 21 7 4 3 3 3 
Case #284: -1
Case #285: -1
Case #286: 7 15 7 5 5 4 3 2 
Case #287: 8 20 3 3 3 3 3 3 3 
Case #288: 7 15 5 5 4 4 4 4 
Case #289: 8 20 5 5 5 3 1 1 1 
Case #290: 5 22 10 4 3 2 
Case #291: 9 8 5 4 4 4 4 4 4 4 
Case #292: -1
Case #293: 5 24 7 5 3 2 
Case #294: 8 10 6 5 5 5 4 4 2 
Case #295: 19 17 7 1 1 1 1 1 1 1 1 1 1 1 1 1 1 1 1 1 
Case #296: 19 19 5 1 1 1 1 1 1 1 1 1 1 1 1 1 1 1 1 1 
Case #297: 5 20 10 5 3 3 
Case #298: 8 12 5 5 5 5 4 4 1 
Case #299: 8 14 5 5 4 4 3 3 3 
Case #300: 9 12 6 4 4 3 3 3 3 3 
Case #301: -1
Case #302: 5 14 13 7 4 3 
Case #303: 7 26 9 2 1 1 1 1 
Case #304: 15 23 5 1 1 1 1 1 1 1 1 1 1 1 1 1 
Case #305: 7 10 7 6 5 5 4 4 
Case #306: 8 14 8 4 4 3 3 3 2 
Case #307: 5 19 17 3 1 1 
Case #308: 7 16 8 4 4 4 4 1 
Case #309: 6 20 8 4 3 3 3 
Case #310: -1
Case #311: 5 21 10 5 3 2 
Case #312: 7 14 13 3 3 3 3 2 
Case #313: 6 18 7 5 4 4 3 
Case #314: 6 17 11 8 3 1 1 
Case #315: 3 17 13 11 
Case #316: -1
Case #317: -1
Case #318: 4 30 7 3 1 
Case #319: 7 12 11 5 4 4 3 2 
Case #320: 5 13 12 6 5 5 
Case #321: -1
Case #322: 7 13 10 5 4 4 4 1 
Case #323: 15 27 1 1 1 1 1 1 1 1 1 1 1 1 1 1 
Case #324: 6 20 5 5 5 4 2 
Case #325: 8 10 7 7 5 4 3 3 2 
Case #326: 6 36 1 1 1 1 1 
Case #327: 8 10 7 5 5 4 4 3 3 
Case #328: 4 21 10 7 3 
Case #329: -1
Case #330: -1
Case #331: 18 23 2 1 1 1 1 1 1 1 1 1 1 1 1 1 1 1 1 
Case #332: 9 33 1 1 1 1 1 1 1 1 
Case #333: 4 27 6 4 4 
Case #334: -1
Case #335: 4 24 7 7 3 
Case #336: 9 12 4 4 4 4 4 4 3 2 
Case #337: 3 32 7 2 
Case #338: 5 15 13 6 4 3 
Case #339: -1
Case #340: -1
Case #341: 5 16 13 7 4 1 
Case #342: 7 13 12 4 4 3 3 2 
Case #343: 18 24 1 1 1 1 1 1 1 1 1 1 1 1 1 1 1 1 1 
Case #344: 9 12 5 5 4 4 3 3 3 2 
Case #345: 5 26 6 5 3 1 
Case #346: 11 10 4 4 3 3 3 3 3 3 3 2 
Case #347: 4 27 6 5 3 
Case #348: 6 15 13 5 3 3 2 
Case #349: 10 10 4 4 4 4 4 3 3 3 2 
Case #350: 6 20 6 5 4 4 2 
Case #351: 9 10 7 5 4 4 4 4 2 1 
Case #352: 7 24 3 3 3 3 3 2 
Case #353: -1
Case #354: 6 21 7 5 3 3 2 
Case #355: 16 22 5 1 1 1 1 1 1 1 1 1 1 1 1 1 1 
Case #356: 6 15 13 4 4 3 2 
Case #357: 9 9 4 4 4 4 4 4 4 4 
Case #358: 9 12 9 3 3 3 3 3 3 2 
Case #359: 9 10 7 4 4 4 3 3 3 3 
Case #360: 6 19 10 4 3 3 2 
Case #361: 8 12 5 5 5 4 4 3 3 
Case #362: 7 10 7 7 6 5 3 3 
Case #363: 36 6 1 1 1 1 1 1 1 1 1 1 1 1 1 1 1 1 1 1 1 1 1 1 1 1 1 1 1 1 1 1 1 1 1 1 1 
Case #364: 4 20 10 7 4 
Case #365: 7 11 10 7 4 3 3 3 
Case #366: 6 16 5 5 5 5 5 
Case #367: 6 20 7 4 4 4 2 
Case #368: 5 24 7 5 4 1 
Case #369: 7 15 6 6 5 3 3 3 
Case #370: 9 12 6 5 4 3 3 3 3 2 
Case #371: 8 16 6 4 3 3 3 3 3 
Case #372: 7 12 5 5 5 5 5 4 
Case #373: 5 27 4 4 4 2 
Case #374: 6 20 6 5 4 3 3 
Case #375: 7 11 10 6 4 4 3 3 
Case #376: 8 16 5 4 4 3 3 3 3 
Case #377: -1
Case #378: 6 21 5 4 4 4 3 
Case #379: 6 12 11 8 4 3 3 
Case #380: 11 27 5 1 1 1 1 1 1 1 1 1 
Case #381: 5 27 4 4 3 3 
Case #382: -1
Case #383: 5 15 10 7 5 4 
Case #384: 4 24 10 4 3 
Case #385: 7 12 11 5 5 3 3 2 
Case #386: 16 23 4 1 1 1 1 1 1 1 1 1 1 1 1 1 1 
Case #387: 5 26 5 4 3 3 
Case #388: 13 21 7 3 1 1 1 1 1 1 1 1 1 1 
Case #389: 6 11 11 8 4 4 3 
Case #390: 6 11 10 7 7 3 3 
Case #391: -1
Case #392: 3 18 17 6 
Case #393: 5 20 8 5 4 4 
Case #394: 8 10 7 7 5 3 3 3 3 
Case #395: -1
Case #396: 7 16 7 5 4 3 3 3 
Case #397: 29 13 1 1 1 1 1 1 1 1 1 1 1 1 1 1 1 1 1 1 1 1 1 1 1 1 1 1 1 1 
Case #398: 6 13 12 6 5 3 2 
Case #399: 5 17 16 3 3 2 
Case #400: 5 17 11 8 3 2 
Case #401: 5 16 7 7 7 4 
Case #402: 6 14 11 8 3 3 2 
Case #403: 5 14 11 6 5 5 
Case #404: 11 10 4 3 3 3 3 3 3 3 3 3 
Case #405: 6 21 8 4 3 3 2 
Case #406: -1
Case #407: 6 16 8 7 5 3 2 
Case #408: -1
Case #409: 6 11 8 7 7 5 3 
Case #410: 37 5 1 1 1 1 1 1 1 1 1 1 1 1 1 1 1 1 1 1 1 1 1 1 1 1 1 1 1 1 1 1 1 1 1 1 1 1 
Case #411: 8 12 8 4 4 4 4 3 2 
Case #412: -1
Case #413: 17 23 3 1 1 1 1 1 1 1 1 1 1 1 1 1 1 1 
Case #414: 9 12 5 4 4 4 3 3 3 3 
Case #415: 6 13 10 6 4 4 4 
Case #416: 5 24 6 5 3 3 
Case #417: 9 12 8 4 3 3 3 3 3 2 
Case #418: 25 15 3 1 1 1 1 1 1 1 1 1 1 1 1 1 1 1 1 1 1 1 1 1 1 1 
Case #419: 6 24 6 3 3 3 2 
Case #420: 5 22 9 4 3 3 
Case #421: 7 20 5 4 3 3 3 3 
Case #422: 9 16 4 3 3 3 3 3 3 3 
Case #423: -1
Case #424: 9 9 6 4 4 4 4 4 4 2 
Case #425: 7 21 5 4 4 4 2 1 
Case #426: -1
Case #427: 7 11 8 5 5 5 4 3 
Case #428: 12 28 3 1 1 1 1 1 1 1 1 1 1 
Case #429: 5 22 6 5 5 3 
Case #430: 5 21 8 7 4 1 
Case #431: 9 10 7 5 4 4 3 3 3 2 
Case #432: 5 20 8 5 5 3 
Case #433: 5 17 10 6 4 4 
Case #434: 8 10 7 6 5 4 4 3 2 
Case #435: 7 14 7 7 4 3 3 3 
Case #436: 5 14 9 7 7 4 
Case #437: 6 11 11 10 3 3 3 
Case #438: -1
Case #439: -1
Case #440: 6 18 7 7 4 3 2 
Case #441: 6 14 11 6 5 3 2 
Case #442: 6 22 6 4 3 3 3 
Case #443: 8 15 5 4 4 4 4 3 2 
Case #444: 4 21 12 5 3 
Case #445: 21 19 3 1 1 1 1 1 1 1 1 1 1 1 1 1 1 1 1 1 1 1 
Case #446: 8 14 6 5 4 3 3 3 3 
Case #447: 8 18 4 4 4 4 4 2 1 
Case #448: 7 13 10 5 4 3 3 3 
Case #449: -1
Case #450: 6 12 11 6 5 5 2 
Case #451: -1
Case #452: 7 16 7 6 4 3 3 2 
Case #453: 6 14 7 7 5 4 4 
Case #454: 7 14 11 5 5 4 1 1 
Case #455: -1
Case #456: 3 38 2 1 
Case #457: -1
Case #458: 7 13 8 5 5 5 3 2 
Case #459: 9 8 5 5 5 5 4 4 3 2 
Case #460: 7 13 10 4 4 4 3 3 
Case #461: 8 18 5 4 3 3 3 3 2 
Case #462: -1
Case #463: 7 16 11 3 3 3 3 2 
Case #464: 6 13 10 7 4 4 3 
Case #465: 6 20 8 5 3 3 2 
Case #466: 6 28 3 3 3 3 1 
Case #467: 21 13 9 1 1 1 1 1 1 1 1 1 1 1 1 1 1 1 1 1 1 1 
Case #468: 7 12 11 4 4 4 4 2 
Case #469: 8 10 7 6 5 4 3 3 3 
Case #470: 7 15 7 6 4 3 3 3 
Case #471: 5 30 3 3 3 2 
Case #472: 5 36 2 1 1 1 
Case #473: 6 16 13 5 4 2 1 
Case #474: -1
Case #475: 5 19 8 7 4 3 
Case #476: 7 12 6 5 5 5 5 3 
Case #477: 6 19 8 5 4 3 2 
Case #478: 6 28 5 5 1 1 1 
Case #479: 8 16 4 4 4 4 4 3 2 
Case #480: 6 13 12 6 4 3 3 
Case #481: -1
Case #482: 8 15 5 5 5 3 3 3 2 
Case #483: 5 15 11 6 5 4 
Case #484: 4 24 11 3 3 
Case #485: 6 13 10 9 3 3 3 
Case #486: -1
Case #487: 5 27 5 5 3 1 
Case #488: -1
Case #489: 6 24 4 4 4 3 2 
Case #490: 7 32 4 1 1 1 1 1 
Case #491: -1
Case #492: 7 11 9 7 4 4 4 2 
Case #493: 17 22 4 1 1 1 1 1 1 1 1 1 1 1 1 1 1 1 
Case #494: -1
Case #495: 6 25 5 3 3 3 2 
Case #496: 9 10 5 5 5 4 4 3 3 2 
Case #497: -1
Case #498: 4 23 8 7 3 
Case #499: 6 15 8 7 5 3 3 
Case #500: 3 24 11 6 
Case #501: -1
Case #502: 6 22 8 3 3 3 2 
Case #503: 8 16 6 4 4 3 3 3 2 
Case #504: 7 14 11 4 3 3 3 3 
Case #505: 5 18 9 6 4 4 
Case #506: 6 17 12 4 3 3 2 
Case #507: 6 17 8 5 4 4 3 
Case #508: 3 33 6 2 
Case #509: 7 14 8 4 4 4 4 3 
Case #510: 7 13 10 6 4 3 3 2 
Case #511: -1
Case #512: 5 19 10 6 3 3 
Case #513: 7 16 8 4 4 4 3 2 
Case #514: 8 14 5 5 5 5 4 2 1 
Case #515: 6 24 7 3 3 3 1 
Case #516: -1
Case #517: 7 10 10 5 4 4 4 4 
Case #518: -1
Case #519: 8 10 5 5 5 5 5 3 3 
Case #520: 3 20 14 7 
Case #521: 7 34 2 1 1 1 1 1 
Case #522: 11 30 2 1 1 1 1 1 1 1 1 1 
Case #523: 5 21 8 5 5 2 
Case #524: 6 16 7 6 5 4 3 
Case #525: 6 14 13 5 4 3 2 
Case #526: -1
Case #527: 10 10 4 4 4 4 3 3 3 3 3 
Case #528: -1
Case #529: 9 15 4 4 4 3 3 3 3 2 
Case #530: 16 21 6 1 1 1 1 1 1 1 1 1 1 1 1 1 1 
Case #531: -1
Case #532: 7 16 7 4 4 4 4 2 
Case #533: 6 12 11 6 6 3 3 
Case #534: 6 21 7 4 4 3 2 
Case #535: 7 12 11 6 4 3 3 2 
Case #536: 6 18 9 4 4 3 3 
Case #537: -1
Case #538: 4 18 9 9 5 
Case #539: 10 31 2 1 1 1 1 1 1 1 1 
Case #540: 10 12 4 4 4 3 3 3 3 3 2 
Case #541: 8 10 7 6 4 4 4 3 3 
Case #542: 8 14 7 6 3 3 3 3 2 
Case #543: 8 14 5 5 5 5 3 3 1 
Case #544: -1
Case #545: -1
Case #546: 6 13 12 4 4 4 4 
Case #547: 7 20 5 4 4 3 3 2 
Case #548: -1
Case #549: 7 12 11 6 3 3 3 3 
Case #550: 4 26 7 5 3 
Case #551: 6 22 5 5 5 3 1 
Case #552: 9 14 5 4 3 3 3 3 3 3 
Case #553: 5 19 14 3 3 2 
Case #554: 13 29 1 1 1 1 1 1 1 1 1 1 1 1 
Case #555: 9 8 8 4 4 4 4 4 3 2 
Case #556: -1
Case #557: 5 24 8 4 4 1 
Case #558: 7 15 11 4 3 3 3 2 
Case #559: 7 16 7 6 3 3 3 3 
Case #560: -1
Case #561: -1
Case #562: 6 11 8 8 7 4 3 
Case #563: 7 14 9 7 3 3 3 2 
Case #564: -1
Case #565: 8 12 6 5 5 4 3 3 3 
Case #566: 5 15 11 7 6 2 
Case #567: 5 17 12 4 4 4 
Case #568: 8 12 5 5 5 4 4 4 2 
Case #569: -1
Case #570: 8 15 4 4 4 4 4 4 2 
Case #571: 7 22 4 3 3 3 3 3 
Case #572: 6 18 9 4 4 4 2 
Case #573: 8 10 7 5 4 4 4 4 3 
Case #574: 7 16 5 5 4 4 4 3 
Case #575: 8 11 10 4 4 3 3 3 3 
Case #576: 7 20 4 4 4 3 3 3 
Case #577: -1
Case #578: 5 24 10 4 2 1 
Case #579: -1
Case #580: 9 10 7 6 4 3 3 3 3 2 
Case #581: 5 28 5 3 3 2 
Case #582: -1
Case #583: 5 15 7 7 6 6 
Case #584: 6 21 5 5 5 4 1 
Case #585: 7 20 5 5 3 3 3 2 
Case #586: 9 10 8 4 4 4 4 4 2 1 
Case #587: 5 24 7 4 4 2 
Case #588: 4 18 13 7 3 
Case #589: 41 1 1 1 1 1 1 1 1 1 1 1 1 1 1 1 1 1 1 1 1 1 1 1 1 1 1 1 1 1 1 1 1 1 1 1 1 1 1 1 1 1 
Case #590: -1
Case #591: 9 14 7 3 3 3 3 3 3 2 
Case #592: 4 29 8 3 1 
Case #593: -1
Case #594: -1
Case #595: 6 16 8 5 5 4 3 
Case #596: 7 10 7 7 7 4 3 3 
Case #597: 6 14 13 6 3 3 2 
Case #598: 4 22 12 5 2 
Case #599: 25 11 7 1 1 1 1 1 1 1 1 1 1 1 1 1 1 1 1 1 1 1 1 1 1 1 
Case #600: 8 14 6 4 4 4 3 3 3 
Case #601: 4 25 10 3 3 
Case #602: 8 12 6 5 4 4 4 4 2 
Case #603: 5 21 8 4 4 4 
Case #604: 6 28 5 3 3 1 1 
Case #605: -1
Case #606: 6 12 11 9 3 3 3 
Case #607: 6 15 8 5 5 5 3 
Case #608: 8 18 4 4 3 3 3 3 3 
Case #609: 9 10 6 4 4 4 4 4 3 2 
Case #610: 8 10 6 5 4 4 4 4 4 
Case #611: 23 17 3 1 1 1 1 1 1 1 1 1 1 1 1 1 1 1 1 1 1 1 1 1 
Case #612: -1
Case #613: -1
Case #614: 5 26 5 5 4 1 
Case #615: 26 16 1 1 1 1 1 1 1 1 1 1 1 1 1 1 1 1 1 1 1 1 1 1 1 1 1 
Case #616: 7 16 5 5 5 5 3 2 
Case #617: 20 22 1 1 1 1 1 1 1 1 1 1 1 1 1 1 1 1 1 1 1 
Case #618: -1
Case #619: 5 25 4 4 4 4 
Case #620: 8 16 7 3 3 3 3 3 3 
Case #621: 6 19 16 3 1 1 1 
Case #622: 5 24 7 7 2 1 
Case #623: -1
Case #624: 7 18 6 4 4 4 3 2 
Case #625: 7 12 11 5 4 3 3 3 
Case #626: -1
Case #627: 12 30 1 1 1 1 1 1 1 1 1 1 1 
Case #628: 8 15 7 4 4 3 3 3 2 
Case #629: 7 11 10 6 4 4 4 2 
Case #630: 9 12 5 5 4 4 4 4 2 1 
Case #631: 8 13 10 5 5 3 3 1 1 
Case #632: -1
Case #633: 6 21 6 5 4 3 2 
Case #634: 7 16 6 5 4 4 3 3 
Case #635: -1
Case #636: 4 25 10 4 2 
Case #637: 8 12 5 5 4 4 4 4 3 
Case #638: -1
Case #639: 3 25 10 6 
Case #640: 8 16 7 5 3 3 3 3 1 
Case #641: 5 19 12 4 3 3 
Case #642: 10 8 4 4 4 4 4 4 4 4 1 
Case #643: 10 12 6 3 3 3 3 3 3 3 2 
Case #644: 7 14 6 5 5 5 4 2 
Case #645: 6 13 10 7 5 3 3 
Case #646: 39 3 1 1 1 1 1 1 1 1 1 1 1 1 1 1 1 1 1 1 1 1 1 1 1 1 1 1 1 1 1 1 1 1 1 1 1 1 1 1 
Case #647: 9 14 5 5 3 3 3 3 3 2 
Case #648: 8 8 7 7 5 5 4 3 2 
Case #649: -1
Case #650: 5 24 8 6 2 1 
Case #651: 11 28 4 1 1 1 1 1 1 1 1 1 
Case #652: 7 25 5 3 3 3 1 1 
Case #653: 5 22 7 6 4 2 
Case #654: 7 18 7 4 3 3 3 3 
Case #655: 9 15 9 3 3 3 3 3 1 1 
Case #656: 4 16 11 7 7 
Case #657: 7 14 5 5 5 5 4 3 
Case #658: 7 14 6 5 5 5 3 3 
Case #659: 12 29 2 1 1 1 1 1 1 1 1 1 1 
Case #660: 4 28 6 4 3 
Case #661: 9 14 4 4 4 3 3 3 3 3 
Case #662: 22 20 1 1 1 1 1 1 1 1 1 1 1 1 1 1 1 1 1 1 1 1 1 
Case #663: 9 10 6 5 5 4 3 3 3 2 
Case #664: 6 13 12 5 5 4 2 
Case #665: 7 11 8 7 5 5 3 2 
Case #666: 7 18 5 4 4 4 4 2 
Case #667: 6 21 5 5 4 4 2 
Case #668: 5 16 8 8 7 2 
Case #669: 8 34 1 1 1 1 1 1 1 
Case #670: 7 16 7 7 3 3 3 2 
Case #671: 6 15 11 5 5 3 2 
Case #672: 3 32 6 3 
Case #673: -1
Case #674: -1
Case #675: -1
Case #676: 8 33 2 1 1 1 1 1 1 
Case #677: 9 12 8 3 3 3 3 3 3 3 
Case #678: 35 7 1 1 1 1 1 1 1 1 1 1 1 1 1 1 1 1 1 1 1 1 1 1 1 1 1 1 1 1 1 1 1 1 1 1 
Case #679: -1
Case #680: 4 22 10 6 3 
Case #681: 7 21 4 4 3 3 3 3 
Case #682: 7 14 7 7 5 3 3 2 
Case #683: 4 28 6 5 2 
Case #684: 23 13 7 1 1 1 1 1 1 1 1 1 1 1 1 1 1 1 1 1 1 1 1 1 
Case #685: 24 18 1 1 1 1 1 1 1 1 1 1 1 1 1 1 1 1 1 1 1 1 1 1 1 
Case #686: 6 16 8 5 4 4 4 
Case #687: 5 14 13 6 5 3 
Case #688: 2 39 2 
Case #689: -1
Case #690: -1
Case #691: 8 12 11 4 3 3 3 3 2 
Case #692: 3 36 3 2 
Case #693: 5 14 13 9 4 1 
Case #694: 9 16 4 4 3 3 3 3 3 2 
Case #695: 25 17 1 1 1 1 1 1 1 1 1 1 1 1 1 1 1 1 1 1 1 1 1 1 1 1 
Case #696: 4 22 9 7 3 
Case #697: 5 24 5 4 4 4 
Case #698: -1
Case #699: 6 20 5 5 5 3 3 
Case #700: 8 12 6 5 5 5 3 3 2 
Case #701: 5 22 7 6 3 3 
Case #702: 5 37 1 1 1 1 
Case #703: 8 16 5 5 4 3 3 3 2 
Case #704: 6 20 8 4 4 4 1 
Case #705: 8 12 5 4 4 4 4 4 4 
Case #706: 4 26 6 5 4 
Case #707: 10 10 5 5 3 3 3 3 3 3 3 
Case #708: -1
Case #709: 5 25 7 4 3 2 
Case #710: -1
Case #711: -1
Case #712: 4 25 8 6 2 
Case #713: 11 31 1 1 1 1 1 1 1 1 1 1 
Case #714: 5 25 8 3 3 2 
Case #715: 5 24 8 4 3 2 
Case #716: 7 11 10 7 4 4 4 1 
Case #717: 5 22 7 5 4 3 
Case #718: 9 10 6 5 5 3 3 3 3 3 
Case #719: 19 23 1 1 1 1 1 1 1 1 1 1 1 1 1 1 1 1 1 1 
Case #720: -1
Case #721: 6 21 7 6 3 3 1 
Case #722: 7 17 11 5 5 1 1 1 
Case #723: 10 16 3 3 3 3 3 3 3 3 1 
Case #724: 6 25 6 3 3 3 1 
Case #725: 5 15 10 7 7 2 
Case #726: 7 19 17 1 1 1 1 1 
Case #727: 9 31 3 1 1 1 1 1 1 1 
Case #728: 6 18 9 5 5 3 1 
Case #729: 10 32 1 1 1 1 1 1 1 1 1 
Case #730: 7 21 5 4 3 3 3 2 
Case #731: 4 32 7 1 1 
Case #732: 7 18 5 4 4 4 3 3 
Case #733: 8 14 8 4 3 3 3 3 3 
Case #734: 6 18 7 4 4 4 4 
Case #735: 7 15 7 7 4 3 3 2 
Case #736: 6 13 11 10 3 3 1 
Case #737: -1
Case #738: -1
Case #739: 10 12 5 3 3 3 3 3 3 3 3 
Case #740: 7 16 7 7 5 4 1 1 
Case #741: 5 21 8 5 4 3 
Case #742: 5 21 8 6 4 2 
Case #743: 9 14 4 4 4 4 4 4 2 1 
Case #744: 6 16 8 7 7 2 1 
Case #745: 7 25 3 3 3 3 3 1 
Case #746: 11 4 4 4 4 4 4 4 4 4 4 1 
Case #747: 8 11 10 5 4 4 4 2 1 
Case #748: 5 13 13 8 4 3 
Case #749: 6 22 10 5 2 1 1 
Case #750: -1
Case #751: 8 13 10 3 3 3 3 3 3 
Case #752: -1
Case #753: 6 23 10 3 3 1 1 
Case #754: 17 24 2 1 1 1 1 1 1 1 1 1 1 1 1 1 1 1 
Case #755: 6 16 13 5 5 1 1 
Case #756: 5 15 11 7 4 4 
Case #757: 6 14 7 6 5 5 4 
Case #758: 9 12 6 4 4 4 3 3 3 2 
Case #759: 3 32 5 4 
Case #760: 6 24 4 4 3 3 3 
Case #761: 6 13 12 5 5 3 3 
Case #762: 8 12 5 5 5 5 3 3 3 
Case #763: 5 25 5 5 4 2 
Case #764: 38 4 1 1 1 1 1 1 1 1 1 1 1 1 1 1 1 1 1 1 1 1 1 1 1 1 1 1 1 1 1 1 1 1 1 1 1 1 1 
Case #765: -1
Case #766: 7 14 13 5 5 2 1 1 
Case #767: 25 13 5 1 1 1 1 1 1 1 1 1 1 1 1 1 1 1 1 1 1 1 1 1 1 1 
Case #768: -1
Case #769: 8 18 4 4 4 3 3 3 2 
Case #770: 7 13 10 6 3 3 3 3 
Case #771: 3 25 8 8 
Case #772: 8 16 6 5 3 3 3 3 2 
Case #773: -1
Case #774: 7 20 4 4 4 4 4 1 
Case #775: -1
Case #776: 33 9 1 1 1 1 1 1 1 1 1 1 1 1 1 1 1 1 1 1 1 1 1 1 1 1 1 1 1 1 1 1 1 1 
Case #777: 5 19 12 5 3 2 
Case #778: 10 30 3 1 1 1 1 1 1 1 1 
Case #779: 7 14 7 7 5 5 2 1 
Case #780: 7 14 7 5 4 4 4 3 
Case #781: -1
Case #782: 5 22 8 4 4 3 
Case #783: 10 10 6 4 4 3 3 3 3 3 2 
Case #784: -1
Case #785: 7 15 7 7 5 4 2 1 
Case #786: 6 21 4 4 4 4 4 
Case #787: 9 16 5 3 3 3 3 3 3 2 
Case #788: 5 19 12 4 4 2 
Case #789: 15 26 2 1 1 1 1 1 1 1 1 1 1 1 1 1 
Case #790: 2 32 9 
Case #791: 6 14 13 5 4 4 1 
Case #792: -1
Case #793: 8 8 7 7 7 7 3 1 1 
Case #794: 8 12 6 5 4 4 4 3 3 
Case #795: 6 18 5 5 5 5 3 
Case #796: -1
Case #797: 9 10 5 5 5 5 4 4 2 1 
Case #798: 8 15 5 5 4 3 3 3 3 
Case #799: 8 9 7 7 4 4 4 4 2 
Case #800: 3 30 6 5 
Case #801: 8 10 6 5 5 5 4 3 3 
Case #802: -1
Case #803: 19 22 2 1 1 1 1 1 1 1 1 1 1 1 1 1 1 1 1 1 
Case #804: 4 25 8 5 3 
Case #805: 5 28 4 4 3 2 
Case #806: -1
Case #807: -1
Case #808: 8 10 7 5 5 5 3 3 3 
Case #809: -1
Case #810: 6 16 8 7 4 4 2 
Case #811: 6 12 11 5 5 5 3 
Case #812: 7 18 5 5 4 3 3 3 
Case #813: -1
Case #814: 9 10 5 5 5 4 3 3 3 3 
Case #815: -1
Case #816: -1
Case #817: 5 22 8 5 4 2 
Case #818: 7 18 7 5 3 3 3 2 
Case #819: 8 8 5 5 5 5 5 5 3 
Case #820: -1
Case #821: 4 27 8 4 2 
Case #822: 6 18 9 5 3 3 3 
Case #823: 8 11 10 5 4 3 3 3 2 
Case #824: 7 19 7 7 5 1 1 1 
Case #825: 14 27 2 1 1 1 1 1 1 1 1 1 1 1 1 
Case #826: 2 40 1 
Case #827: -1
Case #828: 7 8 7 7 7 7 3 2 
Case #829: -1
Case #830: 5 23 8 5 3 2 
Case #831: 8 31 4 1 1 1 1 1 1 
Case #832: 6 26 4 3 3 3 2 
Case #833: 6 25 4 4 3 3 2 
Case #834: -1
Case #835: -1
Case #836: 10 12 5 4 3 3 3 3 3 3 2 
Case #837: 9 15 4 4 3 3 3 3 3 3 
Case #838: 8 11 10 4 4 4 3 3 2 
Case #839: 21 17 5 1 1 1 1 1 1 1 1 1 1 1 1 1 1 1 1 1 1 1 
Case #840: 7 22 4 4 3 3 3 2 
Case #841: -1
Case #842: -1
Case #843: 6 20 6 5 5 3 2 
Case #844: 9 10 6 5 4 4 3 3 3 3 
Case #845: 5 11 11 8 8 3 
Case #846: 7 18 5 5 4 4 3 2 
Case #847: 6 20 5 5 4 4 3 
Case #848: 19 21 3 1 1 1 1 1 1 1 1 1 1 1 1 1 1 1 1 1 
Case #849: 7 14 7 5 5 5 4 1 
Case #850: 9 10 5 5 4 4 4 4 4 1 
Case #851: 4 30 4 4 3 
Case #852: 27 15 1 1 1 1 1 1 1 1 1 1 1 1 1 1 1 1 1 1 1 1 1 1 1 1 1 1 
Case #853: 3 27 7 7 
Case #854: 8 10 5 5 5 5 4 4 3 
Case #855: -1
Case #856: 6 20 9 4 3 3 2 
Case #857: 9 30 4 1 1 1 1 1 1 1 
Case #858: 7 13 8 5 4 4 4 3 
Case #859: 6 12 11 8 4 4 2 
Case #860: 7 33 3 1 1 1 1 1 
Case #861: 9 32 2 1 1 1 1 1 1 1 
Case #862: 4 27 7 5 2 
Case #863: 6 21 6 5 5 3 1 
Case #864: 8 15 4 4 4 4 4 3 3 
Case #865: -1
Case #866: 4 28 7 3 3 
Case #867: 13 28 2 1 1 1 1 1 1 1 1 1 1 1 
Case #868: -1
Case #869: 4 32 4 3 2 
Case #870: -1
Case #871: -1
Case #872: 7 10 7 7 6 4 4 3 
Case #873: -1
Case #874: -1
Case #875: 5 32 6 1 1 1 
Case #876: 6 25 5 4 4 2 1 
Case #877: -1
Case #878: 6 19 10 3 3 3 3 
Case #879: 9 12 5 4 4 4 4 3 3 2 
Case #880: 13 27 3 1 1 1 1 1 1 1 1 1 1 1 
Case #881: 9 10 7 6 3 3 3 3 3 3 
Case #882: 8 12 8 4 4 4 3 3 3 
Case #883: 6 14 11 5 4 4 3 
Case #884: 7 35 1 1 1 1 1 1 
Case #885: 6 22 6 4 4 3 2 
Case #886: 7 14 8 7 4 3 3 2 
Case #887: 9 27 5 3 1 1 1 1 1 1 
Case #888: 7 22 4 4 4 4 2 1 
Case #889: 6 17 10 4 4 3 3 
Case #890: 14 28 1 1 1 1 1 1 1 1 1 1 1 1 1 
Case #891: 9 14 4 4 4 4 3 3 3 2 
Case #892: -1
Case #893: -1
Case #894: -1
Case #895: 5 21 10 4 3 3 
Case #896: 7 21 4 4 4 3 3 2 
Case #897: 6 20 6 4 4 4 3 
Case #898: -1
Case #899: 6 20 8 7 4 1 1 
Case #900: 7 13 12 4 3 3 3 3 
Case #901: 9 15 5 4 3 3 3 3 3 2 
Case #902: 7 20 6 4 3 3 3 2 
Case #903: 10 10 5 5 4 3 3 3 3 3 2 
Case #904: 6 19 17 2 1 1 1 
Case #905: 6 24 11 3 1 1 1 
Case #906: 5 21 9 6 3 2 
Case #907: 7 20 4 4 4 4 3 2 
Case #908: 17 25 1 1 1 1 1 1 1 1 1 1 1 1 1 1 1 1 
Case #909: -1
Case #910: 6 13 12 5 4 4 3 
Case #911: 7 9 7 7 6 4 4 4 
Case #912: 8 10 7 7 4 4 3 3 3 
Case #913: 4 18 17 5 1 
Case #914: 5 22 6 5 4 4 
Case #915: 7 8 8 7 7 4 4 3 
Case #916: -1
Case #917: 7 16 6 5 5 4 3 2 
Case #918: 4 24 7 6 4 
Case #919: 4 34 5 1 1 
Case #920: 9 12 5 5 4 3 3 3 3 3 
Case #921: 10 14 4 3 3 3 3 3 3 3 2 
Case #922: 29 7 7 1 1 1 1 1 1 1 1 1 1 1 1 1 1 1 1 1 1 1 1 1 1 1 1 1 1 1 
Case #923: 6 22 7 5 3 3 1 
Case #924: -1
Case #925: 5 35 3 1 1 1 
Case #926: -1
Case #927: -1
Case #928: 3 37 3 1 
Case #929: 7 16 7 5 5 3 3 2 
Case #930: 19 20 4 1 1 1 1 1 1 1 1 1 1 1 1 1 1 1 1 1 
Case #931: 6 34 3 1 1 1 1 
Case #932: -1
Case #933: 5 25 7 3 3 3 
Case #934: 8 18 6 3 3 3 3 3 2 
Case #935: 5 25 6 4 4 2 
Case #936: 27 11 5 1 1 1 1 1 1 1 1 1 1 1 1 1 1 1 1 1 1 1 1 1 1 1 1 1 
Case #937: 10 29 4 1 1 1 1 1 1 1 1 
Case #938: 7 20 6 3 3 3 3 3 
Case #939: 6 24 5 4 3 3 2 
Case #940: 5 18 8 8 4 3 
Case #941: 6 22 9 3 3 3 1 
Case #942: 7 16 7 4 4 4 3 3 
Case #943: 8 18 5 3 3 3 3 3 3 
Case #944: 7 8 7 7 7 5 4 3 
Case #945: 7 14 7 6 4 4 4 2 
Case #946: 6 14 9 7 6 3 2 
Case #947: 4 22 9 6 4 
Case #948: 6 20 5 4 4 4 4 
Case #949: 7 13 12 5 3 3 3 2 
Case #950: 13 13 11 7 1 1 1 1 1 1 1 1 1 1 
Case #951: 7 16 6 5 4 4 4 2 
Case #952: -1
Case #953: 8 12 5 5 5 5 4 3 2 
Case #954: 8 10 6 5 5 4 4 4 3 
Case #955: 6 19 10 5 3 3 1 
Case #956: 6 20 6 6 3 3 3 
Case #957: 7 12 11 4 4 4 3 3 
Case #958: 7 13 10 7 4 4 2 1 
Case #959: 6 11 11 9 4 4 2 
Case #960: -1
Case #961: 6 17 10 5 3 3 3 
Case #962: 5 22 10 3 3 3 
Case #963: 5 23 9 4 4 1 
Case #964: 5 22 15 2 1 1 
Case #965: 7 15 7 6 5 3 3 2 
