Case #1: 6 13 10 9 3 3 3 
Case #2: 6 10 9 6 6 5 5 
Case #3: 9 9 6 6 5 3 3 3 3 3 
Case #4: 17 23 3 1 1 1 1 1 1 1 1 1 1 1 1 1 1 1 
Case #5: 6 11 10 9 5 3 3 
Case #6: 5 11 10 8 6 6 
Case #7: 10 9 5 4 4 4 3 3 3 3 3 
Case #8: 4 19 12 7 3 
Case #9: -1
Case #10: 21 11 11 1 1 1 1 1 1 1 1 1 1 1 1 1 1 1 1 1 1 1 
Case #11: 7 9 7 6 6 5 4 4 
Case #12: 7 11 8 7 4 4 4 3 
Case #13: 9 9 7 5 4 4 3 3 3 3 
Case #14: 6 11 8 7 7 5 3 
Case #15: 13 28 2 1 1 1 1 1 1 1 1 1 1 1 
Case #16: 4 32 3 3 3 
Case #17: 6 14 8 6 5 4 4 
Case #18: -1
Case #19: -1
Case #20: 4 25 8 5 3 
Case #21: 4 15 15 6 5 
Case #22: 6 16 8 7 7 2 1 
Case #23: 6 17 11 8 3 1 1 
Case #24: 5 13 12 7 5 4 
Case #25: 12 30 1 1 1 1 1 1 1 1 1 1 1 
Case #26: 4 25 11 4 1 
Case #27: 7 12 6 6 5 5 4 3 
Case #28: 6 15 6 6 5 5 4 
Case #29: -1
Case #30: -1
Case #31: -1
Case #32: -1
Case #33: -1
Case #34: 7 6 6 6 6 6 6 5 
Case #35: -1
Case #36: 8 9 6 5 5 4 4 4 4 
Case #37: 6 9 9 7 6 5 5 
Case #38: 3 21 10 10 
Case #39: 4 27 7 5 2 
Case #40: 6 13 8 8 7 3 2 
Case #41: 18 24 1 1 1 1 1 1 1 1 1 1 1 1 1 1 1 1 1 
Case #42: 7 9 9 6 5 5 4 3 
Case #43: 6 17 10 5 3 3 3 
Case #44: 5 14 11 6 6 4 
Case #45: 7 8 7 6 6 5 5 4 
Case #46: 5 17 10 6 4 4 
Case #47: 2 21 20 
Case #48: 5 13 11 9 4 4 
Case #49: 5 37 1 1 1 1 
Case #50: 6 8 8 8 8 5 4 
Case #51: 5 18 8 8 4 3 
Case #52: -1
Case #53: 6 11 9 6 6 6 3 
Case #54: 10 31 2 1 1 1 1 1 1 1 1 
Case #55: 7 9 7 7 6 6 3 3 
Case #56: 6 16 5 5 5 5 5 
Case #57: 5 16 9 6 6 4 
Case #58: 5 16 10 5 5 5 
Case #59: 5 13 9 7 6 6 
Case #60: 7 10 7 6 6 6 3 3 
Case #61: 4 18 12 9 2 
Case #62: -1
Case #63: 4 12 12 9 8 
Case #64: -1
Case #65: 8 10 6 5 5 4 4 4 3 
Case #66: 5 24 8 4 4 1 
Case #67: 5 12 9 9 8 3 
Case #68: -1
Case #69: 6 14 13 5 4 4 1 
Case #70: -1
Case #71: 5 16 8 8 7 2 
Case #72: -1
Case #73: 8 31 4 1 1 1 1 1 1 
Case #74: 5 20 7 6 4 4 
Case #75: 5 15 11 7 4 4 
Case #76: 34 8 1 1 1 1 1 1 1 1 1 1 1 1 1 1 1 1 1 1 1 1 1 1 1 1 1 1 1 1 1 1 1 1 1 
Case #77: 8 9 6 6 6 5 3 3 3 
Case #78: 7 11 8 7 5 5 3 2 
Case #79: 6 11 8 8 7 5 2 
Case #80: 8 8 8 8 4 4 4 3 2 
Case #81: 32 10 1 1 1 1 1 1 1 1 1 1 1 1 1 1 1 1 1 1 1 1 1 1 1 1 1 1 1 1 1 1 1 
Case #82: 6 14 7 6 5 5 4 
Case #83: 6 26 5 3 3 3 1 
Case #84: 6 12 10 6 5 4 4 
Case #85: 6 14 9 6 6 3 3 
Case #86: 6 20 8 7 4 1 1 
Case #87: 7 10 9 7 6 3 3 3 
Case #88: 6 27 3 3 3 3 2 
Case #89: 7 12 6 5 5 5 4 4 
Case #90: 4 22 9 6 4 
Case #91: -1
Case #92: 5 14 14 11 1 1 
Case #93: 5 16 8 8 5 4 
Case #94: 2 36 5 
Case #95: 6 15 6 6 6 4 4 
Case #96: 4 16 10 8 7 
Case #97: 3 36 3 2 
Case #98: -1
Case #99: -1
Case #100: 6 19 8 5 4 3 2 
Case #101: 5 14 14 5 4 4 
Case #102: -1
Case #103: -1
Case #104: 7 12 8 5 5 5 3 3 
Case #105: -1
Case #106: 5 19 19 1 1 1 
Case #107: 4 36 3 1 1 
Case #108: 5 26 5 5 4 1 
Case #109: 21 19 3 1 1 1 1 1 1 1 1 1 1 1 1 1 1 1 1 1 1 1 
Case #110: 26 16 1 1 1 1 1 1 1 1 1 1 1 1 1 1 1 1 1 1 1 1 1 1 1 1 1 
Case #111: 3 30 6 5 
Case #112: 7 25 3 3 3 3 3 1 
Case #113: 4 38 1 1 1 
Case #114: 4 15 11 8 7 
Case #115: -1
Case #116: 4 21 11 5 4 
Case #117: 8 15 5 5 5 3 3 3 2 
Case #118: 7 7 6 6 6 6 6 4 
Case #119: -1
Case #120: 5 16 9 7 7 2 
Case #121: -1
Case #122: 7 9 9 9 4 4 3 3 
Case #123: 5 9 9 9 9 5 
Case #124: -1
Case #125: 7 8 7 7 7 5 4 3 
Case #126: 17 22 4 1 1 1 1 1 1 1 1 1 1 1 1 1 1 1 
Case #127: 7 26 9 2 1 1 1 1 
Case #128: 4 18 11 6 6 
Case #129: 8 10 7 7 5 3 3 3 3 
Case #130: 6 9 8 7 7 7 3 
Case #131: 6 11 10 6 6 4 4 
Case #132: 7 13 8 7 4 4 3 2 
Case #133: 7 8 8 6 5 5 5 4 
Case #134: 8 32 3 1 1 1 1 1 1 
Case #135: 8 9 8 4 4 4 4 4 4 
Case #136: 8 10 6 6 5 4 4 3 3 
Case #137: 3 18 12 11 
Case #138: 3 27 9 5 
Case #139: 5 10 9 8 8 6 
Case #140: 7 12 9 4 4 4 4 4 
Case #141: 6 22 9 7 1 1 1 
Case #142: 4 16 11 11 3 
Case #143: 7 8 8 7 6 4 4 4 
Case #144: 25 17 1 1 1 1 1 1 1 1 1 1 1 1 1 1 1 1 1 1 1 1 1 1 1 1 
Case #145: 5 17 11 8 3 2 
Case #146: -1
Case #147: 4 24 8 7 2 
Case #148: 8 10 7 7 5 5 3 3 1 
Case #149: 11 28 4 1 1 1 1 1 1 1 1 1 
Case #150: 6 14 6 6 5 5 5 
Case #151: 5 13 12 8 5 3 
Case #152: 25 11 7 1 1 1 1 1 1 1 1 1 1 1 1 1 1 1 1 1 1 1 1 1 1 1 
Case #153: 4 18 13 6 4 
Case #154: 4 25 6 6 4 
Case #155: 5 15 10 7 5 4 
Case #156: 9 6 6 6 6 5 3 3 3 3 
Case #157: 6 13 9 8 4 4 3 
Case #158: 4 18 11 9 3 
Case #159: 3 16 16 9 
Case #160: 5 14 8 8 6 5 
Case #161: 7 25 5 3 3 3 1 1 
Case #162: 6 12 11 5 5 4 4 
Case #163: 4 14 10 9 8 
Case #164: 6 16 12 4 4 4 1 
Case #165: 4 24 7 7 3 
Case #166: -1
Case #167: 9 8 5 5 4 4 4 4 4 3 
Case #168: 20 22 1 1 1 1 1 1 1 1 1 1 1 1 1 1 1 1 1 1 1 
Case #169: 8 7 6 6 6 5 4 4 3 
Case #170: 5 13 10 10 7 1 
Case #171: 16 25 2 1 1 1 1 1 1 1 1 1 1 1 1 1 1 
Case #172: 6 11 7 6 6 6 5 
Case #173: 3 24 10 7 
Case #174: 31 11 1 1 1 1 1 1 1 1 1 1 1 1 1 1 1 1 1 1 1 1 1 1 1 1 1 1 1 1 1 1 
Case #175: 5 18 6 6 6 5 
Case #176: 7 32 4 1 1 1 1 1 
Case #177: 6 12 10 5 5 5 4 
Case #178: 4 14 12 11 4 
Case #179: 5 17 9 8 4 3 
Case #180: 8 6 6 6 6 6 4 4 3 
Case #181: 17 25 1 1 1 1 1 1 1 1 1 1 1 1 1 1 1 1 
Case #182: -1
Case #183: 9 30 4 1 1 1 1 1 1 1 
Case #184: 6 13 12 6 4 3 3 
Case #185: 5 17 12 4 4 4 
Case #186: 13 25 5 1 1 1 1 1 1 1 1 1 1 1 
Case #187: 5 13 12 6 6 4 
Case #188: 7 11 9 5 5 4 4 3 
Case #189: -1
Case #190: 4 18 10 7 6 
Case #191: -1
Case #192: 6 20 8 4 4 4 1 
Case #193: 3 25 14 2 
Case #194: 5 14 13 6 5 3 
Case #195: -1
Case #196: -1
Case #197: -1
Case #198: 36 6 1 1 1 1 1 1 1 1 1 1 1 1 1 1 1 1 1 1 1 1 1 1 1 1 1 1 1 1 1 1 1 1 1 1 1 
Case #199: 6 16 10 5 5 4 1 
Case #200: 6 13 10 7 5 3 3 
Case #201: 6 10 8 7 6 6 4 
Case #202: 4 20 13 4 4 
Case #203: 6 11 11 10 3 3 3 
Case #204: 9 32 2 1 1 1 1 1 1 1 
Case #205: 7 8 8 5 5 5 5 5 
Case #206: 13 13 11 7 1 1 1 1 1 1 1 1 1 1 
Case #207: 9 27 5 3 1 1 1 1 1 1 
Case #208: 4 21 15 4 1 
Case #209: 7 11 10 5 4 4 4 3 
Case #210: 3 17 13 11 
Case #211: 6 8 8 8 6 6 5 
Case #212: 6 16 6 6 6 4 3 
Case #213: 5 18 8 5 5 5 
Case #214: 13 26 4 1 1 1 1 1 1 1 1 1 1 1 
Case #215: -1
Case #216: 27 15 1 1 1 1 1 1 1 1 1 1 1 1 1 1 1 1 1 1 1 1 1 1 1 1 1 1 
Case #217: 5 21 6 6 5 3 
Case #218: 4 19 8 8 6 
Case #219: 4 32 4 3 2 
Case #220: 7 9 6 6 6 6 4 4 
Case #221: 5 14 13 7 4 3 
Case #222: 5 18 8 7 4 4 
Case #223: 5 20 8 5 5 3 
Case #224: 4 32 7 1 1 
Case #225: 6 11 9 6 6 5 4 
Case #226: 7 12 9 5 5 4 3 3 
Case #227: 12 28 3 1 1 1 1 1 1 1 1 1 1 
Case #228: 5 32 6 1 1 1 
Case #229: 4 23 8 7 3 
Case #230: 9 33 1 1 1 1 1 1 1 1 
Case #231: -1
Case #232: -1
Case #233: 5 21 8 4 4 4 
Case #234: 5 23 9 4 4 1 
Case #235: 5 10 10 10 7 4 
Case #236: -1
Case #237: 3 24 12 5 
Case #238: -1
Case #239: 5 15 7 7 6 6 
Case #240: -1
Case #241: 6 12 8 6 6 5 4 
Case #242: 4 20 13 5 3 
Case #243: 4 16 16 6 3 
Case #244: 3 19 17 5 
Case #245: 6 21 7 5 3 3 2 
Case #246: 11 4 4 4 4 4 4 4 4 4 4 1 
Case #247: 5 16 7 7 7 4 
Case #248: -1
Case #249: 6 13 11 8 4 3 2 
Case #250: 5 15 9 6 6 5 
Case #251: 7 8 8 7 5 5 4 4 
Case #252: 8 8 7 5 5 5 4 4 3 
Case #253: 4 15 10 10 6 
Case #254: 6 16 6 6 5 4 4 
Case #255: -1
Case #256: -1
Case #257: -1
Case #258: 7 10 10 5 4 4 4 4 
Case #259: 6 14 11 5 4 4 3 
Case #260: -1
Case #261: 9 10 4 4 4 4 4 4 4 3 
Case #262: -1
Case #263: 5 22 8 7 3 1 
Case #264: 4 21 10 7 3 
Case #265: 5 22 9 6 3 1 
Case #266: 7 10 7 6 5 5 4 4 
Case #267: 4 24 9 7 1 
Case #268: 6 16 8 8 4 3 2 
Case #269: 4 19 16 5 1 
Case #270: 9 9 5 5 5 4 4 3 3 3 
Case #271: 8 9 7 5 4 4 4 4 4 
Case #272: 6 25 5 4 4 2 1 
Case #273: 6 24 11 3 1 1 1 
Case #274: 9 9 6 4 4 4 4 4 4 2 
Case #275: -1
Case #276: 6 11 10 6 6 5 3 
Case #277: 5 25 5 5 3 3 
Case #278: 5 18 7 7 6 3 
Case #279: 4 24 9 4 4 
Case #280: -1
Case #281: 5 19 12 5 4 1 
Case #282: -1
Case #283: -1
Case #284: 6 11 10 7 7 3 3 
Case #285: 4 22 8 6 5 
Case #286: 4 14 12 10 5 
Case #287: 4 17 13 8 3 
Case #288: 16 21 6 1 1 1 1 1 1 1 1 1 1 1 1 1 1 
Case #289: 4 14 12 8 7 
Case #290: 6 11 8 6 6 6 4 
Case #291: 4 24 7 5 5 
Case #292: -1
Case #293: 4 24 7 6 4 
Case #294: 3 20 11 10 
Case #295: 4 16 10 9 6 
Case #296: 9 31 3 1 1 1 1 1 1 1 
Case #297: 10 30 3 1 1 1 1 1 1 1 1 
Case #298: 6 12 9 6 6 5 3 
Case #299: 6 9 9 6 6 6 5 
Case #300: 10 8 4 4 4 4 4 4 4 3 2 
Case #301: -1
Case #302: 3 27 7 7 
Case #303: 8 8 7 7 4 4 4 4 3 
Case #304: -1
Case #305: -1
Case #306: 4 16 11 8 6 
Case #307: 5 21 6 6 4 4 
Case #308: -1
Case #309: -1
Case #310: 4 18 9 7 7 
Case #311: 5 14 9 6 6 6 
Case #312: 4 21 14 4 2 
Case #313: -1
Case #314: 29 7 7 1 1 1 1 1 1 1 1 1 1 1 1 1 1 1 1 1 1 1 1 1 1 1 1 1 1 1 
Case #315: 6 12 7 6 6 6 4 
Case #316: 4 26 7 5 3 
Case #317: 5 19 9 5 4 4 
Case #318: 7 13 10 6 3 3 3 3 
Case #319: 4 15 10 8 8 
Case #320: 5 25 7 3 3 3 
Case #321: 4 25 10 3 3 
Case #322: 6 16 13 5 4 2 1 
Case #323: 7 35 1 1 1 1 1 1 
Case #324: 2 32 9 
Case #325: -1
Case #326: 6 11 11 8 4 4 3 
Case #327: 7 10 6 6 6 6 4 3 
Case #328: -1
Case #329: 7 11 10 6 4 4 4 2 
Case #330: 7 14 5 5 5 4 4 4 
Case #331: 4 16 11 7 7 
Case #332: 6 16 6 5 5 5 4 
Case #333: 8 9 9 6 5 3 3 3 3 
Case #334: 5 15 10 7 7 2 
Case #335: 7 14 6 5 5 4 4 3 
Case #336: 5 16 13 7 4 1 
Case #337: 5 18 7 7 7 2 
Case #338: -1
Case #339: 29 13 1 1 1 1 1 1 1 1 1 1 1 1 1 1 1 1 1 1 1 1 1 1 1 1 1 1 1 1 
Case #340: 4 30 7 3 1 
Case #341: 3 28 9 4 
Case #342: -1
Case #343: -1
Case #344: 17 24 2 1 1 1 1 1 1 1 1 1 1 1 1 1 1 1 
Case #345: 6 13 6 6 6 5 5 
Case #346: 6 15 11 5 5 3 2 
Case #347: 4 16 16 5 4 
Case #348: -1
Case #349: -1
Case #350: 9 6 6 6 5 4 4 4 3 3 
Case #351: 5 18 11 4 4 4 
Case #352: 6 15 7 6 5 4 4 
Case #353: 6 12 11 6 6 3 3 
Case #354: -1
Case #355: 6 13 8 7 5 5 3 
Case #356: -1
Case #357: 9 10 7 6 3 3 3 3 3 3 
Case #358: 7 9 6 6 6 6 5 3 
Case #359: 4 27 6 5 3 
Case #360: 6 15 7 6 6 4 3 
Case #361: -1
Case #362: 4 24 14 2 1 
Case #363: 5 16 7 6 6 6 
Case #364: 6 9 9 9 5 5 4 
Case #365: 8 9 7 6 6 4 3 3 3 
Case #366: 8 17 16 3 1 1 1 1 1 
Case #367: 4 15 12 9 5 
Case #368: 5 15 9 7 6 4 
Case #369: 7 12 7 5 5 4 4 4 
Case #370: 4 20 16 3 2 
Case #371: 6 8 8 7 6 6 6 
Case #372: 5 21 8 7 4 1 
Case #373: 7 10 7 7 6 5 3 3 
Case #374: 5 12 11 9 6 3 
Case #375: 5 20 6 6 5 4 
Case #376: 19 22 2 1 1 1 1 1 1 1 1 1 1 1 1 1 1 1 1 1 
Case #377: 6 14 7 6 6 5 3 
Case #378: 7 12 5 5 5 5 5 4 
Case #379: -1
Case #380: 3 37 3 1 
Case #381: 4 37 2 1 1 
Case #382: 7 8 8 8 5 4 4 4 
Case #383: 8 10 7 6 6 3 3 3 3 
Case #384: -1
Case #385: 6 16 13 5 5 1 1 
Case #386: -1
Case #387: 7 12 8 5 4 4 4 4 
Case #388: 6 17 10 7 3 3 1 
Case #389: 7 14 6 5 5 5 3 3 
Case #390: 28 14 1 1 1 1 1 1 1 1 1 1 1 1 1 1 1 1 1 1 1 1 1 1 1 1 1 1 1 
Case #391: 4 20 9 7 5 
Case #392: 7 10 7 6 6 4 4 4 
Case #393: 6 16 7 7 7 3 1 
Case #394: 4 22 12 4 3 
Case #395: 5 35 3 1 1 1 
Case #396: -1
Case #397: 6 15 13 5 3 3 2 
Case #398: 19 21 3 1 1 1 1 1 1 1 1 1 1 1 1 1 1 1 1 1 
Case #399: 10 6 6 6 5 3 3 3 3 3 3 
Case #400: 3 19 16 6 
Case #401: 16 23 4 1 1 1 1 1 1 1 1 1 1 1 1 1 1 
Case #402: 7 11 6 6 6 5 4 3 
Case #403: 5 14 11 6 5 5 
Case #404: 16 22 5 1 1 1 1 1 1 1 1 1 1 1 1 1 1 
Case #405: -1
Case #406: 8 9 9 8 3 3 3 3 3 
Case #407: 5 16 9 8 4 4 
Case #408: 5 18 9 8 3 3 
Case #409: 7 11 9 7 4 4 4 2 
Case #410: 4 20 10 7 4 
Case #411: 9 9 6 5 4 4 4 3 3 3 
Case #412: -1
Case #413: 7 27 7 3 1 1 1 1 
Case #414: 3 38 2 1 
Case #415: 4 12 10 10 9 
Case #416: 4 22 12 5 2 
Case #417: 7 9 6 6 5 5 5 5 
Case #418: 4 26 6 5 4 
Case #419: -1
Case #420: -1
Case #421: 4 27 8 3 3 
Case #422: -1
Case #423: 6 12 11 6 4 4 4 
Case #424: 4 24 6 6 5 
Case #425: 16 26 1 1 1 1 1 1 1 1 1 1 1 1 1 1 1 
Case #426: -1
Case #427: 4 14 14 11 2 
Case #428: 5 13 10 6 6 6 
Case #429: 5 10 10 9 6 6 
Case #430: 5 18 13 4 3 3 
Case #431: 8 6 6 6 5 5 5 5 3 
Case #432: -1
Case #433: -1
Case #434: 7 9 8 7 7 4 3 3 
Case #435: 5 11 10 9 6 5 
Case #436: 6 10 7 6 6 6 6 
Case #437: 7 13 8 5 4 4 4 3 
Case #438: -1
Case #439: 3 30 9 2 
Case #440: 5 17 16 3 3 2 
Case #441: 5 12 10 7 6 6 
Case #442: 5 9 8 8 8 8 
Case #443: 6 36 1 1 1 1 1 
Case #444: 6 15 9 6 4 4 3 
Case #445: -1
Case #446: 3 32 7 2 
Case #447: 5 16 11 8 4 2 
Case #448: 7 9 8 8 4 4 4 4 
Case #449: 7 17 11 5 5 1 1 1 
Case #450: 5 15 14 5 5 2 
Case #451: 8 8 7 7 5 5 4 3 2 
Case #452: 11 27 5 1 1 1 1 1 1 1 1 1 
Case #453: -1
Case #454: 25 15 3 1 1 1 1 1 1 1 1 1 1 1 1 1 1 1 1 1 1 1 1 1 1 1 
Case #455: 3 24 11 6 
Case #456: 8 10 5 5 5 5 5 3 3 
Case #457: -1
Case #458: 10 10 5 5 3 3 3 3 3 3 3 
Case #459: 6 13 11 7 5 3 2 
Case #460: -1
Case #461: 4 27 6 4 4 
Case #462: 4 22 9 7 3 
Case #463: -1
Case #464: 6 9 9 9 6 4 4 
Case #465: 8 8 6 6 5 4 4 4 4 
Case #466: -1
Case #467: 6 21 5 5 5 3 2 
Case #468: 7 12 7 6 4 4 4 4 
Case #469: 6 12 7 7 6 5 4 
Case #470: 4 18 10 10 3 
Case #471: 23 13 7 1 1 1 1 1 1 1 1 1 1 1 1 1 1 1 1 1 1 1 1 1 
Case #472: 5 17 10 9 3 2 
Case #473: 6 12 8 8 5 4 4 
Case #474: 5 26 5 4 3 3 
Case #475: 4 27 10 3 1 
Case #476: 5 16 10 7 4 4 
Case #477: 8 6 6 6 6 6 5 3 3 
Case #478: 6 12 11 7 5 3 3 
Case #479: 6 19 10 5 3 3 1 
Case #480: 7 9 9 6 6 4 4 3 
Case #481: 5 22 6 5 5 3 
Case #482: -1
Case #483: 8 34 1 1 1 1 1 1 1 
Case #484: 5 27 5 5 3 1 
Case #485: 7 9 8 6 6 4 4 4 
Case #486: 5 17 16 5 2 1 
Case #487: -1
Case #488: 5 22 15 2 1 1 
Case #489: 7 9 9 7 4 4 4 4 
Case #490: 7 15 5 5 4 4 4 4 
Case #491: 3 23 17 1 
Case #492: -1
Case #493: 6 12 9 8 4 4 4 
Case #494: 6 12 7 7 6 6 3 
Case #495: 5 15 11 6 6 3 
Case #496: 10 9 8 3 3 3 3 3 3 3 3 
Case #497: 4 20 8 7 6 
Case #498: 4 20 9 8 4 
Case #499: 7 12 6 6 6 5 3 3 
Case #500: 7 11 9 6 6 3 3 3 
Case #501: 7 9 7 6 6 5 5 3 
Case #502: 7 7 6 6 6 6 5 5 
Case #503: 8 6 6 6 6 5 4 4 4 
Case #504: 7 19 17 1 1 1 1 1 
Case #505: 5 12 12 11 3 3 
Case #506: 5 10 9 8 7 7 
Case #507: 8 10 6 5 5 5 4 3 3 
Case #508: 7 8 7 6 6 6 4 4 
Case #509: 7 33 3 1 1 1 1 1 
Case #510: -1
Case #511: -1
Case #512: 7 10 10 5 5 4 4 3 
Case #513: 19 19 5 1 1 1 1 1 1 1 1 1 1 1 1 1 1 1 1 1 
Case #514: 5 15 13 6 4 3 
Case #515: 7 11 10 6 4 4 3 3 
Case #516: 7 10 7 7 7 4 3 3 
Case #517: 3 20 15 6 
Case #518: 24 18 1 1 1 1 1 1 1 1 1 1 1 1 1 1 1 1 1 1 1 1 1 1 1 
Case #519: 15 25 3 1 1 1 1 1 1 1 1 1 1 1 1 1 
Case #520: 5 27 5 3 3 3 
Case #521: 5 18 9 5 5 4 
Case #522: 4 15 14 11 1 
Case #523: 5 14 9 7 7 4 
Case #524: -1
Case #525: 6 10 10 7 7 5 2 
Case #526: 6 13 8 8 5 5 2 
Case #527: 5 21 10 7 2 1 
Case #528: 8 11 8 5 4 4 4 3 2 
Case #529: 12 29 2 1 1 1 1 1 1 1 1 1 1 
Case #530: 6 11 8 8 7 4 3 
Case #531: 6 11 11 8 7 3 1 
Case #532: -1
Case #533: 7 10 7 6 6 5 4 3 
Case #534: 7 12 9 5 4 4 4 3 
Case #535: -1
Case #536: 4 21 8 8 4 
Case #537: 15 23 5 1 1 1 1 1 1 1 1 1 1 1 1 1 
Case #538: 8 10 7 5 5 5 3 3 3 
Case #539: 4 17 16 7 1 
Case #540: 7 9 6 6 6 5 5 4 
Case #541: 6 32 5 1 1 1 1 
Case #542: 7 8 6 6 6 5 5 5 
Case #543: 6 14 9 6 4 4 4 
Case #544: 3 20 12 9 
Case #545: -1
Case #546: 3 20 14 7 
Case #547: 4 15 10 9 7 
Case #548: 11 30 2 1 1 1 1 1 1 1 1 1 
Case #549: -1
Case #550: 7 7 7 6 6 6 5 4 
Case #551: 5 18 8 7 5 3 
Case #552: 6 13 12 4 4 4 4 
Case #553: 4 34 5 1 1 
Case #554: 6 14 6 6 6 6 3 
Case #555: -1
Case #556: 4 21 10 5 5 
Case #557: 9 9 5 4 4 4 4 4 4 3 
Case #558: 5 15 11 6 5 4 
Case #559: 4 25 10 4 2 
Case #560: 2 39 2 
Case #561: 5 15 8 6 6 6 
Case #562: 5 16 10 7 5 3 
Case #563: 6 9 9 7 6 6 4 
Case #564: -1
Case #565: 7 9 9 6 6 5 3 3 
Case #566: 9 8 7 5 4 4 4 4 3 2 
Case #567: -1
Case #568: 3 24 9 8 
Case #569: 6 16 8 5 4 4 4 
Case #570: 4 15 11 10 5 
Case #571: 4 21 12 5 3 
Case #572: 4 24 9 5 3 
Case #573: 7 8 7 7 7 7 3 2 
Case #574: -1
Case #575: 4 22 10 6 3 
Case #576: 3 18 18 5 
Case #577: 7 12 7 6 6 4 3 3 
Case #578: 8 9 6 5 5 5 4 4 3 
Case #579: 35 7 1 1 1 1 1 1 1 1 1 1 1 1 1 1 1 1 1 1 1 1 1 1 1 1 1 1 1 1 1 1 1 1 1 1 
Case #580: -1
Case #581: -1
Case #582: 7 13 10 4 4 4 3 3 
Case #583: 6 12 7 6 6 5 5 
Case #584: 6 11 8 8 6 4 4 
Case #585: 8 10 9 5 5 3 3 3 3 
Case #586: 6 18 9 5 3 3 3 
Case #587: 7 11 8 5 5 5 4 3 
Case #588: 7 8 8 8 7 4 4 2 
Case #589: 6 16 8 5 5 4 3 
Case #590: 5 18 7 7 5 4 
Case #591: -1
Case #592: 7 8 8 8 8 4 4 1 
Case #593: 4 18 9 9 5 
Case #594: -1
Case #595: 5 16 8 7 7 3 
Case #596: 5 13 12 6 5 5 
Case #597: 6 23 10 3 3 1 1 
Case #598: 6 34 3 1 1 1 1 
Case #599: 5 19 8 7 4 3 
Case #600: -1
Case #601: 8 10 7 6 4 4 4 4 2 
Case #602: 6 12 8 7 6 4 4 
Case #603: 4 11 10 10 10 
Case #604: 5 10 10 8 8 5 
Case #605: 6 17 8 5 4 4 3 
Case #606: 9 27 7 1 1 1 1 1 1 1 
Case #607: 6 14 7 7 6 4 3 
Case #608: 5 17 9 7 4 4 
Case #609: 5 15 8 7 6 5 
Case #610: 8 8 5 5 5 5 5 5 3 
Case #611: 5 16 8 6 6 5 
Case #612: 5 12 9 8 6 6 
Case #613: 5 16 10 6 5 4 
Case #614: 5 12 10 8 6 5 
Case #615: 7 34 2 1 1 1 1 1 
Case #616: 6 10 9 7 5 5 5 
Case #617: 5 10 10 10 10 1 
Case #618: -1
Case #619: -1
Case #620: 4 20 12 5 4 
Case #621: 6 10 9 7 7 5 3 
Case #622: 5 18 10 5 5 3 
Case #623: 5 13 8 8 7 5 
Case #624: 7 8 8 8 8 4 3 2 
Case #625: -1
Case #626: -1
Case #627: 4 21 12 6 2 
Case #628: -1
Case #629: -1
Case #630: 6 8 8 8 7 6 4 
Case #631: 6 18 9 5 5 3 1 
Case #632: 5 12 9 7 7 6 
Case #633: 27 11 5 1 1 1 1 1 1 1 1 1 1 1 1 1 1 1 1 1 1 1 1 1 1 1 1 1 
Case #634: 6 8 8 8 7 7 3 
Case #635: 8 9 7 5 5 4 4 4 3 
Case #636: 6 8 8 8 7 5 5 
Case #637: 8 10 7 5 5 4 4 3 3 
Case #638: 6 11 9 9 4 4 4 
Case #639: 9 6 6 6 5 5 4 3 3 3 
Case #640: -1
Case #641: -1
Case #642: 7 11 10 6 5 3 3 3 
Case #643: 7 9 7 7 5 5 4 4 
Case #644: 13 21 7 3 1 1 1 1 1 1 1 1 1 1 
Case #645: -1
Case #646: 4 15 12 11 3 
Case #647: 22 14 7 1 1 1 1 1 1 1 1 1 1 1 1 1 1 1 1 1 1 1 1 
Case #648: 5 10 10 7 7 7 
Case #649: 5 16 9 6 5 5 
Case #650: 14 28 1 1 1 1 1 1 1 1 1 1 1 1 1 
Case #651: 6 12 9 6 6 4 4 
Case #652: 5 20 8 5 4 4 
Case #653: 7 8 8 7 7 5 4 2 
Case #654: 3 18 13 10 
Case #655: 5 23 8 5 3 2 
Case #656: -1
Case #657: 22 20 1 1 1 1 1 1 1 1 1 1 1 1 1 1 1 1 1 1 1 1 1 
Case #658: 6 14 6 6 6 5 4 
Case #659: 6 13 12 5 5 4 2 
Case #660: -1
Case #661: 6 12 7 7 7 5 3 
Case #662: 9 10 6 5 5 3 3 3 3 3 
Case #663: 6 10 9 7 6 6 3 
Case #664: -1
Case #665: 8 12 5 5 4 4 4 4 3 
Case #666: 7 9 7 6 6 6 4 3 
Case #667: 7 14 5 5 5 5 4 3 
Case #668: 8 33 2 1 1 1 1 1 1 
Case #669: 5 12 8 8 7 6 
Case #670: -1
Case #671: 8 10 5 5 5 5 4 4 3 
Case #672: 7 9 7 7 6 4 4 4 
Case #673: 5 18 8 6 5 4 
Case #674: -1
Case #675: 14 27 2 1 1 1 1 1 1 1 1 1 1 1 1 
Case #676: 5 36 2 1 1 1 
Case #677: 10 32 1 1 1 1 1 1 1 1 1 
Case #678: 5 15 10 10 5 1 
Case #679: 8 8 7 7 7 7 3 1 1 
Case #680: 18 23 2 1 1 1 1 1 1 1 1 1 1 1 1 1 1 1 1 
Case #681: 6 10 8 6 6 6 5 
Case #682: 8 9 6 6 4 4 4 4 4 
Case #683: 6 12 11 5 5 5 3 
Case #684: 8 10 6 6 5 5 3 3 3 
Case #685: 3 25 10 6 
Case #686: 8 9 9 6 4 4 3 3 3 
Case #687: 7 10 8 6 5 4 4 4 
Case #688: 6 11 9 7 6 4 4 
Case #689: 8 10 6 5 5 5 4 4 2 
Case #690: 8 10 7 6 4 4 4 3 3 
Case #691: -1
Case #692: 4 20 8 8 5 
Case #693: 3 33 6 2 
Case #694: 6 17 8 7 4 3 2 
Case #695: -1
Case #696: -1
Case #697: 7 10 6 6 6 5 5 3 
Case #698: 6 8 8 7 7 6 5 
Case #699: 6 16 16 5 2 1 1 
Case #700: 4 16 16 7 2 
Case #701: 4 17 16 6 2 
Case #702: 6 10 8 7 6 5 5 
Case #703: 5 10 10 9 7 5 
Case #704: 8 6 6 6 5 5 5 4 4 
Case #705: 5 20 6 6 6 3 
Case #706: 8 10 6 5 4 4 4 4 4 
Case #707: 3 16 15 10 
Case #708: 6 9 7 7 6 6 6 
Case #709: 5 11 9 9 6 6 
Case #710: 7 10 9 6 5 5 3 3 
Case #711: 6 9 8 8 8 4 4 
Case #712: -1
Case #713: -1
Case #714: 5 19 10 6 3 3 
Case #715: 5 16 13 6 3 3 
Case #716: 5 10 10 8 7 6 
Case #717: -1
Case #718: 5 15 11 7 6 2 
Case #719: 4 18 15 5 3 
Case #720: 5 10 9 9 7 6 
Case #721: 13 29 1 1 1 1 1 1 1 1 1 1 1 1 
Case #722: 9 9 5 5 4 4 4 4 3 3 
Case #723: 7 11 10 5 5 4 3 3 
Case #724: 5 11 8 8 8 6 
Case #725: 4 16 12 8 5 
Case #726: -1
Case #727: 6 14 9 7 4 4 3 
Case #728: 3 18 14 9 
Case #729: 5 19 17 3 1 1 
Case #730: 4 12 12 11 6 
Case #731: -1
Case #732: 7 13 8 5 5 5 3 2 
Case #733: 19 17 7 1 1 1 1 1 1 1 1 1 1 1 1 1 1 1 1 1 
Case #734: 6 13 10 6 6 3 3 
Case #735: -1
Case #736: 7 10 7 7 6 4 4 3 
Case #737: 4 18 10 8 5 
Case #738: -1
Case #739: -1
Case #740: -1
Case #741: 4 12 11 10 8 
Case #742: 6 11 8 8 5 5 4 
Case #743: 5 13 13 8 4 3 
Case #744: -1
Case #745: 5 12 8 8 8 5 
Case #746: 8 13 10 3 3 3 3 3 3 
Case #747: 7 12 7 7 5 4 3 3 
Case #748: 3 22 12 7 
Case #749: 5 18 9 9 3 2 
Case #750: 4 18 8 8 7 
Case #751: 3 21 12 8 
Case #752: 5 12 11 7 6 5 
Case #753: 3 32 6 3 
Case #754: 5 27 7 3 3 1 
Case #755: 8 10 6 6 4 4 4 4 3 
Case #756: 6 13 9 7 4 4 4 
Case #757: 7 8 8 6 6 5 4 4 
Case #758: -1
Case #759: 7 9 9 9 5 3 3 3 
Case #760: 7 19 7 7 5 1 1 1 
Case #761: 6 12 9 5 5 5 5 
Case #762: 7 12 6 6 6 4 4 3 
Case #763: 8 7 6 6 6 5 5 3 3 
Case #764: 5 15 10 6 5 5 
Case #765: 5 17 12 5 4 3 
Case #766: 6 9 8 6 6 6 6 
Case #767: 13 19 7 5 1 1 1 1 1 1 1 1 1 1 
Case #768: 6 9 9 9 6 5 3 
Case #769: 9 8 5 4 4 4 4 4 4 4 
Case #770: 6 12 11 8 4 3 3 
Case #771: 5 12 11 9 5 4 
Case #772: 4 19 10 6 6 
Case #773: 6 15 8 7 5 3 3 
Case #774: 6 8 8 8 8 8 1 
Case #775: -1
Case #776: 33 9 1 1 1 1 1 1 1 1 1 1 1 1 1 1 1 1 1 1 1 1 1 1 1 1 1 1 1 1 1 1 1 1 
Case #777: 6 12 8 7 5 5 4 
Case #778: 5 16 11 6 5 3 
Case #779: 4 21 9 8 3 
Case #780: 5 12 10 7 7 5 
Case #781: 5 12 11 11 4 3 
Case #782: 39 3 1 1 1 1 1 1 1 1 1 1 1 1 1 1 1 1 1 1 1 1 1 1 1 1 1 1 1 1 1 1 1 1 1 1 1 1 1 1 
Case #783: 6 10 8 8 6 5 4 
Case #784: 6 10 10 7 5 5 4 
Case #785: 6 16 7 5 5 5 3 
Case #786: 6 13 9 6 6 4 3 
Case #787: 6 11 11 9 4 4 2 
Case #788: 6 8 8 8 8 7 2 
Case #789: 4 16 10 10 5 
Case #790: 3 15 14 12 
Case #791: -1
Case #792: 7 12 7 7 4 4 4 3 
Case #793: 15 27 1 1 1 1 1 1 1 1 1 1 1 1 1 1 
Case #794: 8 9 7 7 4 4 4 4 2 
Case #795: -1
Case #796: 6 19 17 2 1 1 1 
Case #797: -1
Case #798: -1
Case #799: 6 18 5 5 5 5 3 
Case #800: -1
Case #801: -1
Case #802: -1
Case #803: 8 9 9 4 4 4 4 4 3 
Case #804: 4 21 10 6 4 
Case #805: -1
Case #806: 11 29 3 1 1 1 1 1 1 1 1 1 
Case #807: 9 9 9 4 4 3 3 3 3 3 
Case #808: 20 21 2 1 1 1 1 1 1 1 1 1 1 1 1 1 1 1 1 1 1 
Case #809: 11 31 1 1 1 1 1 1 1 1 1 1 
Case #810: -1
Case #811: 6 12 8 6 5 5 5 
Case #812: 5 13 8 8 6 6 
Case #813: 6 15 6 6 6 5 3 
Case #814: -1
Case #815: 7 12 6 6 5 4 4 4 
Case #816: 6 35 2 1 1 1 1 
Case #817: 6 16 7 5 5 4 4 
Case #818: -1
Case #819: 5 16 9 7 5 4 
Case #820: 7 11 9 5 4 4 4 4 
Case #821: 2 40 1 
Case #822: 10 8 4 4 4 4 4 4 4 4 1 
Case #823: 8 10 7 5 4 4 4 4 3 
Case #824: -1
Case #825: 5 17 12 6 3 3 
Case #826: 6 13 10 7 4 4 3 
Case #827: 21 17 5 1 1 1 1 1 1 1 1 1 1 1 1 1 1 1 1 1 1 1 
Case #828: 7 13 9 5 4 4 3 3 
Case #829: 4 18 13 7 3 
Case #830: -1
Case #831: 5 16 8 7 6 4 
Case #832: 5 14 9 8 7 3 
Case #833: 25 13 5 1 1 1 1 1 1 1 1 1 1 1 1 1 1 1 1 1 1 1 1 1 1 1 
Case #834: -1
Case #835: 6 16 11 6 3 3 2 
Case #836: 3 22 16 3 
Case #837: 4 19 16 3 3 
Case #838: 4 24 10 4 3 
Case #839: 8 6 6 6 6 5 5 4 3 
Case #840: 4 16 11 9 5 
Case #841: 6 16 6 6 5 5 3 
Case #842: 5 22 7 6 3 3 
Case #843: 3 30 10 1 
Case #844: 4 27 7 6 1 
Case #845: 5 17 9 6 6 3 
Case #846: 5 18 9 6 4 4 
Case #847: 4 18 12 8 3 
Case #848: 4 20 9 6 6 
Case #849: 9 10 5 4 4 4 4 4 3 3 
Case #850: 4 14 14 9 4 
Case #851: 6 19 16 3 1 1 1 
Case #852: 8 9 6 6 5 5 4 3 3 
Case #853: 5 15 8 8 5 5 
Case #854: 6 13 12 5 5 3 3 
Case #855: 6 14 7 7 5 4 4 
Case #856: 6 13 10 6 4 4 4 
Case #857: 8 26 7 3 1 1 1 1 1 
Case #858: 41 1 1 1 1 1 1 1 1 1 1 1 1 1 1 1 1 1 1 1 1 1 1 1 1 1 1 1 1 1 1 1 1 1 1 1 1 1 1 1 1 1 
Case #859: 4 18 11 7 5 
Case #860: 3 32 5 4 
Case #861: 3 21 14 6 
Case #862: 9 8 5 5 5 5 4 4 3 2 
Case #863: 5 14 13 9 4 1 
Case #864: -1
Case #865: 9 8 8 4 4 4 4 4 3 2 
Case #866: 13 27 3 1 1 1 1 1 1 1 1 1 1 1 
Case #867: -1
Case #868: -1
Case #869: 6 13 12 5 4 4 3 
Case #870: 5 17 16 6 1 1 
Case #871: -1
Case #872: 3 25 8 8 
Case #873: -1
Case #874: 4 14 10 10 7 
Case #875: 3 18 17 6 
Case #876: 6 15 8 5 5 5 3 
Case #877: 6 12 11 6 5 5 2 
Case #878: -1
Case #879: -1
Case #880: 6 11 10 9 6 3 2 
Case #881: 6 14 7 6 6 4 4 
Case #882: 7 10 6 6 5 5 5 4 
Case #883: 7 14 6 5 4 4 4 4 
Case #884: 4 18 9 8 6 
Case #885: 7 16 8 4 4 4 3 2 
Case #886: -1
Case #887: -1
Case #888: 5 11 11 8 8 3 
Case #889: -1
Case #890: 21 21 1 1 1 1 1 1 1 1 1 1 1 1 1 1 1 1 1 1 1 1 
Case #891: -1
Case #892: 40 2 1 1 1 1 1 1 1 1 1 1 1 1 1 1 1 1 1 1 1 1 1 1 1 1 1 1 1 1 1 1 1 1 1 1 1 1 1 1 1 
Case #893: 5 28 9 2 1 1 
Case #894: -1
Case #895: 6 11 10 10 7 2 1 
Case #896: 6 9 8 8 6 6 4 
Case #897: 7 12 8 5 5 4 4 3 
Case #898: 8 13 10 5 5 3 3 1 1 
Case #899: -1
Case #900: 4 21 10 8 2 
Case #901: 6 10 9 9 7 3 3 
Case #902: 6 17 10 4 4 3 3 
Case #903: 5 12 9 9 6 5 
Case #904: -1
Case #905: 21 13 9 1 1 1 1 1 1 1 1 1 1 1 1 1 1 1 1 1 1 1 
Case #906: 4 16 9 8 8 
Case #907: 23 17 3 1 1 1 1 1 1 1 1 1 1 1 1 1 1 1 1 1 1 1 1 1 
Case #908: 4 18 17 5 1 
Case #909: 8 9 6 6 5 4 4 4 3 
Case #910: 7 8 8 7 7 4 4 3 
Case #911: -1
Case #912: 8 8 8 5 5 5 4 4 2 
Case #913: 6 12 9 6 5 5 4 
Case #914: 8 9 6 6 6 4 4 3 3 
Case #915: -1
Case #916: 5 12 11 6 6 6 
Case #917: 10 10 7 3 3 3 3 3 3 3 3 
Case #918: 7 12 6 5 5 5 5 3 
Case #919: -1
Case #920: -1
Case #921: 8 12 6 4 4 4 4 4 3 
Case #922: -1
Case #923: 37 5 1 1 1 1 1 1 1 1 1 1 1 1 1 1 1 1 1 1 1 1 1 1 1 1 1 1 1 1 1 1 1 1 1 1 1 1 
Case #924: 38 4 1 1 1 1 1 1 1 1 1 1 1 1 1 1 1 1 1 1 1 1 1 1 1 1 1 1 1 1 1 1 1 1 1 1 1 1 1 
Case #925: 19 20 4 1 1 1 1 1 1 1 1 1 1 1 1 1 1 1 1 1 
Case #926: 5 21 9 6 3 2 
Case #927: -1
Case #928: 6 13 11 10 3 3 1 
Case #929: 6 9 9 9 8 3 3 
Case #930: -1
Case #931: 6 12 6 6 6 6 5 
Case #932: 10 29 4 1 1 1 1 1 1 1 1 
Case #933: 6 16 8 7 4 4 2 
Case #934: 6 15 7 7 4 4 4 
Case #935: -1
Case #936: 5 25 5 5 4 2 
Case #937: 15 26 2 1 1 1 1 1 1 1 1 1 1 1 1 1 
Case #938: 8 9 5 5 5 5 4 4 4 
Case #939: 5 12 10 9 5 5 
Case #940: -1
Case #941: 6 16 7 6 5 4 3 
Case #942: -1
Case #943: 6 20 5 4 4 4 4 
Case #944: 19 23 1 1 1 1 1 1 1 1 1 1 1 1 1 1 1 1 1 1 
Case #945: 6 11 9 8 7 3 3 
Case #946: 6 11 8 6 6 5 5 
Case #947: 8 12 5 4 4 4 4 4 4 
Case #948: 5 13 12 7 6 3 
Case #949: 6 12 9 7 7 3 3 
Case #950: 8 18 9 3 3 3 3 1 1 
Case #951: 6 13 9 6 5 4 4 
Case #952: 7 8 6 6 6 6 5 4 
Case #953: 4 29 8 3 1 
Case #954: 8 11 10 5 3 3 3 3 3 
Case #955: -1
Case #956: 4 16 11 10 4 
Case #957: 6 12 9 9 5 3 3 
Case #958: 5 19 12 4 3 3 
Case #959: 6 11 6 6 6 6 6 
Case #960: 6 12 9 7 5 5 3 
