965
7455307
79548
1520
16464
54000
80949857
11
134400
5808
144000
1632
340200
131220
9408
13500
28000
105840
72576
8347
75
172032
96
84240
52800
1100
38880
35280
99000
81000
7056
27456
1000000000
999999937
5657
472392
70235461
3510
31500
9180
34944
300
8960
92160
3696
2
31104
168960
999999998
3240
63504
221184
108
20592
746803744
53760
1701
432000
459270
72000
1944
42000
391
64800
430080
29700
98
331776
180
97200
420
5304
4320
160
17640
1512
536870912
196608
491520
98415
1386
29952
524880
1904
66528
17820
196830
346742385
65536
8087519
85050
3900
1848
67500
13122
70
327680
967669583
672
16200
50
11016
73
4620
665
916855204
4539685
5760
999999999
301056
567
9827
129024
688978813
3024
322560
112896
83
38
5721
540
1215
7785
3584
74
104
53940
105600
2156
89100
816
3168
110592
11232
54600
109
2560
476014
5184
9600
336000
864
25200
414720
96228
44800
10000
810
23760
107520
15750
7389
215040
110250
85712697
101
6720
133650
161280
50688
66150
504
189
5400
12348
2160
408240
3564
8100
214573
129600
243000
2310
55296
262440
75600
15840
94
10
125
108000
4312
16524
10710
125440
127008
70560
42755209
1001604
112000
18432
121
30030
32000
16000
25002
21
48000
1800
47040
33600
181440
1056
2940
614400
80640
460800
14
4374
518400
725573
58054077
5120
361
118263990
8
122877509
61966
2720
9409159
42
118272
11000
79200
31680
546
67200
16128
131980
11340
17136
409342369
1824
102060
22848
17424
24576
81920
1134
8000
22464
8748
34111
5250
182250
24300
18816
163296
10800
2736
69888
87480
51030
697106497
4160
8424
12288
964532929
26
73728
20328
47473
583200
9800
89600
12240
1008
87
52416
44550
5625
1615
4560
100800
345600
786432
3645
49392
41580
7920
2100
954158175
3264
15876
64922375
8015864
63000
43740
96000
7500
5280
655360
38497
5040
240000
119
95
9000
120000
151200
279936
226151256
15288
468
115
168000
96768
969
32768
17280
282791
6300
29484
30240
4488
2431
2618049
6541551
630
63360
23400
2906162
41600
27
20000
176400
36
252000
4410
122
35503
46
33
2592
926315427
3528
294912
448
14040
987
129
5824
44928
24
259200
2340
699840
2430
17550
552960
19200
179200
11664
7025
13230
110
18720
589824
157464
362880
13680
216000
132300
6
5600
83160
50000
17920
3360
72900
233280
93312
150000
3456
21600
95040
103680
3157819
20160
38016
135
3888
457481
21000
2880
59400
92
4680
441
46464
48510
21383
1836
12800
198450
501
60480
13
28080
4896
8976
21952
22176
23100
787320
12096
904152917
26880
82268566
64680
5
147456
36283838
69
311040
49920
6480
186624
45
7776
7128
32400
139968
127
442368
13440
47
132000
84
9900
4704
302400
12000
16320
201600
74088
24696
32670
5073
8826131
21168
27720
14256
115200
3780
57
136080
36864
70200
67893369
39600
97
48384
54880
15400
84579
76
257
78000
480000
74880
58320
474
28512
43680
14400
2268
117
67584
226800
68040
1620
72
8320
986129769
12768
135000
18240
700
98304
33696
9425
101250
19800
2376
31590
23115571
2025
107
9216
128
47958485
88704
88
1741
6750
360000
938017885
3864
37800
1584
922505446
9504
82944
49896
15552
14688
32640
396
86016
56160
3371
10260
49152
70000
4536
103
128000
805306368
281250
1960
68
60
8400
40320
21840
5044
622080
998244353
155520
126
395
57344
42768
14112
57024
23328
6399199
7290
62
373248
241920
95256
78750
7390
8372259
39936
28800
362
64152
2730
8250
204120
4788
29
393216
30973
3072
35640
54432
8772
1249
59136
47628
653477439
194400
13860
13056
192000
9489
122880
21384
20736
268800
76800
142560
34560
106
1920
517759
272160
2520
998506315
26460
10500
27000
163840
5376
4914
1
1000000
142884
696
983900459
48238
38400
123480
19656
2640
77
145152
2250
184320
10752
1260
33108
32076
45000
69984
368640
307200
51
813
587234
2600
16
60000
22
4733
6400
81648
912
2352
3509575
41472
71280
322081025
30
90720
84480
153600
29250
5361
15120
69120
482421315
2000
230400
59
1500
45360
8208
524288
314928
84000
40950
3
170100
235200
2097152
2304
112
3375
7392
40824
32805
8624
105000
94500
58
2016
217728
20
324000
31200
92400
46080
16800
14336
34
42336
24750
576
625433749
193
79
66
209952
7
27184698
3960
27216
61740
1680
91
18
40960
16380
78
519
71
85536
216
6552
124416
17
4158
7680
33401221
22500
162000
8316
37
86400
10240
245760
3120
546750
6037
4200
989447237
2707
2400
31
3600
4608
49280
9240
364500
23
123
7938
4675
104976
4050
14700
323
93
12150
32
22680
224
51840
108864
32256
52920
12870
5601
118
393660
15680
10080
8064
114688
12544
6075
1048576
70400
16224
2200
85881
94770
67
2070
48
5200
18480
58800
248832
640
10368
35100
202500
5000
4
949106497
9100
65
281
62208
63180
1600
77760
589833267
20480
961175759
9
6840
90
34300
94080
4943
8448
466560
1817
29400
21504
116640
7296
52
288
14560
971866761
57624
207360
33750
194241
200000
121500
225792
900
270000
92317161
44
3000
2688
633
91857
236250
621008
28672
49500
48600
510205
405000
8660
131
7040
34020
375000
5767201
1728
21870
118800
4655
54
40
7897861
115248
473
5520
124
5616
7200
53
559
349920
174960
126720
85
19008
994617
42105
18000
388800
23232
43200
24000
63
49000
256000
1440
15
1323
300000
25490988
12960
120
99840
33792
99
64
1890
9450
138240
113
1764
56
432255
768
86
6765
141120
5297
100696425
192
4000
934
15390
276480
81
306180
165888
36960
35
12672
56448
405
11264
24480
28
193536
2403381
11085765
89
7560
24192
23040
71805
4480
50544
145800
25920
486000
646
792
6804
30720
25
981028563
37440
169344
211680
1530
10560
150528
957262828
57600
4032
170
291600
244944
49
6930
43
105
641
782
111
50400
80
102
900360029
4725
52488
4800
55
116
29160
8640
13824
5346
64512
65610
164640
75264
31752
4752
25600
42120
1001
61440
1671
180000
288000
8550
19440
76032
29120
34848
673921
22950
5940
3312
660
56700
