960
31590
81000
393660
69
44550
31680
699840
4788
5073
121
181440
118272
408240
64680
56
864
53760
5297
6765
3000
6750
12544
4488
21840
30
1100
129600
54000
587234
30973
7897861
395
961175759
233280
42105
345600
85050
2100
1890
34944
24
145800
22950
22176
201600
16320
420
20592
37
81920
13824
21383
64152
62
142884
50000
20736
20000
29484
136080
3888
33401221
10368
7455307
288000
3072
23328
957262828
14560
71805
14336
4733
124
13440
18480
8
262440
92400
49280
196608
10
58800
3510
57600
40824
4480
102060
4374
144000
4752
5767201
2156
20480
180
51840
8960
216
59
127
18240
15680
107
23115571
108000
949106497
361
108
2600
57
16
900
6075
38
9240
131
4620
101250
217728
589833267
14112
999999999
104976
32805
8372259
164640
88
468
7128
198450
74088
63360
69888
192000
96
294912
259200
2376
1215
34560
110592
1386
5808
172032
17
8976
7025
2688
110250
112
63000
18720
77
5616
3600
21000
524880
44928
5346
2304
26880
3375
52800
10080
12288
3528
2707
614400
22
362880
9100
50
83160
1680
11
19440
128
60000
7392
14688
373248
25
938017885
120
33696
13056
125
22464
118800
1249
7560
129
10240
700
16380
79548
9827
625433749
6
16000
40950
80640
4160
32670
64
200000
1001
405
1260
105600
2431
92160
41472
18000
104
67
15
11340
7296
768
186624
15288
16128
12000
224
71280
97200
84
192
3864
33
409342369
85712697
10752
3312
28000
47473
1440
47
26460
5721
69120
3900
4608
1615
13230
1048576
21952
73
27456
24300
179200
336000
9000
46080
989447237
8826131
2097152
128000
36960
641
491520
5044
3696
4410
3564
168000
1512
24576
1520
486000
322560
4000
792
442368
7785
59400
5625
15876
3456
967669583
4560
53940
97
48510
5280
8400
5304
126
9408
76032
4200
3157819
4032
2200
8640
93
90
58320
87480
786432
82268566
1323
301056
482421315
517759
8448
12096
7389
3371
7938
27216
2352
7390
49
72576
2730
13680
63180
9600
4725
2250
8320
35
288
725573
46464
155520
25490988
84480
112000
8624
48000
196830
14700
100800
5824
12348
621008
13
630
1008
34111
85881
48
70200
24750
5120
1741
86
622080
12672
50400
42768
257
54600
1000000
306180
174960
2430
45360
131980
672
24192
72900
244944
816
8100
22680
134400
1920
96768
4704
132300
21384
14400
44
52920
150000
64922375
111
74
163840
204120
813
5200
27184698
122880
10710
94500
14
6300
161280
16464
3168
105
35503
17550
63
787320
1824
92
142560
23100
110
118263990
157464
18432
11664
88704
5600
466560
688978813
567
76
10800
2640
202500
3120
8772
67893369
1944
954158175
50688
4320
26
8347
4312
28080
32400
8424
405000
48238
122
127008
29700
90720
99840
106
540
4896
30240
36864
36
38880
193
448
11264
147456
4675
10500
235200
135
53
45
1584
281250
214573
546750
30030
432255
2592
4158
346742385
69984
368640
501
15750
129024
70560
5400
91
9180
61440
4680
810
17920
349920
41580
8550
139968
9900
926315427
34
2025
165888
2720
519
660
145152
96000
391
1000000000
55296
63504
17820
472392
6720
5760
116640
96228
170100
226800
414720
323
14256
35280
270000
193536
99
476014
536870912
120000
95
14040
95040
123480
1800
18
75
3645
16200
2310
24696
9489
49000
41600
2940
168960
58
59136
20328
281
151200
103680
38497
5376
115
236250
1904
194400
160
216000
48384
2160
4943
1960
9450
60
964532929
211680
15120
39936
170
54432
25002
5250
552960
19800
2000
78
25920
16800
81648
36283838
131220
430080
226151256
1728
40960
8250
3780
3240
115248
473
3960
1620
108864
324000
7
746803744
2906162
74880
75600
67584
182250
21870
132000
114688
38400
17640
999999998
65536
7290
11085765
18816
23400
2070
102
12768
33108
215040
64512
11000
32000
32640
189
49392
17136
25200
375000
23040
31104
19200
28800
68
78750
10000
998244353
2618049
4800
66150
13500
29120
98304
47958485
6399199
3024
8087519
71
86016
12150
31752
55
75264
302400
89600
252000
57024
583200
122877509
983900459
89100
176400
441
981028563
5940
98
34300
21600
28
62208
12800
125440
2340
5520
4539685
20
60480
31200
6541551
61740
364500
68040
1817
230400
163296
105000
66
32256
42755209
300000
169344
17280
113
54
72
32
7500
57624
46
86400
331776
49500
243000
1500
209952
153600
66528
240000
241920
805306368
6400
396
22848
103
998506315
162000
94080
2560
3584
3264
84000
31500
432000
12960
307200
2400
95256
32076
121500
73728
282791
94
10260
11232
33600
322081025
13860
4050
34020
29
518400
99000
33792
7680
1001604
42336
2268
969
9504
101
78000
119
42120
123
141120
7200
91857
80949857
5601
10560
70400
16224
83
30720
94770
105840
1848
8748
8064
2016
27720
576
1701
276480
52416
184320
9409159
98415
4655
67500
124416
340200
22500
12240
93312
665
65610
655360
38016
23760
6840
37800
32768
61966
9
67200
15840
4536
29400
17424
3
76800
70000
42000
50544
34848
57344
8000
2520
194241
112896
27
225792
5657
646
92317161
89
33750
1671
633
999999937
248832
5040
118
87
314928
42
31
8660
72000
29952
48600
904152917
138240
70
44800
510205
20160
126720
40
524288
268800
916855204
11016
43680
85
84240
4914
653477439
21504
21168
65
9425
19008
1056
2736
2880
388800
7920
43200
8316
300
1134
16524
15552
5184
6480
460800
7056
912
291600
24000
35100
54880
49920
546
1
6930
640
1764
480000
6552
934
393216
81
58054077
362
37440
1632
922505446
1600
971866761
9800
1836
45000
39600
8015864
559
35640
56448
180000
107520
7776
49152
100696425
2403381
23232
79
21
70235461
2
504
43
15400
82944
115200
29250
109
3360
51030
24480
29160
6037
117
9216
51
1530
311040
150528
994617
256000
64800
279936
474
28512
459270
135000
697106497
457481
221184
782
5
4
80
6804
900360029
12870
52488
987
77760
116
28672
47040
84579
5000
52
360000
27000
986129769
40320
3509575
25600
23
49896
79200
245760
19656
47628
13122
56160
207360
696
133650
673921
7040
43740
8208
85536
56700
