1000 5
28 135
27 -127
126 121
172 -47
18 126
192 -20
101 6
121 94
177 -26
-66 4
-100 -143
35 -100
-2 26
-178 128
-121 52
107 -22
114 -49
-135 -17
-119 95
72 -36
196 65
164 193
-127 -49
114 130
93 187
153 106
164 151
-68 67
-13 -188
-137 -143
-158 85
186 58
147 18
-161 153
-141 -96
-119 -28
144 146
33 -43
-127 -190
135 -193
54 197
9 96
-90 11
193 -2
-142 -168
-65 29
-57 -32
-174 128
58 16
143 40
-35 78
161 -22
-179 34
88 -147
71 118
25 123
-7 -46
179 155
-25 81
-186 -156
-69 174
-78 197
-3 45
54 -166
-91 -172
59 130
178 -109
-139 -13
64 82
-67 -48
150 -157
5 -172
-10 -125
-74 -194
148 13
-24 -188
112 -153
163 -120
30 61
133 -105
-81 139
85 196
39 87
9 16
-21 -100
121 -91
-177 -13
115 152
-38 -59
187 -27
59 122
59 -168
-110 198
-188 173
62 70
-52 174
-102 49
113 -157
110 -21
28 -113
130 -18
72 77
-107 193
-111 -158
-62 -95
67 96
134 14
-122 -198
33 157
16 133
10 137
-97 48
-162 144
102 -153
186 167
110 -77
181 -78
150 -88
-172 -51
-189 21
-35 -139
11 -89
28 68
21 20
191 183
30 -100
157 -35
4 13
-114 32
45 -55
-138 -182
-131 169
35 -13
-93 -27
-9 -168
-17 127
167 -71
-7 7
-22 111
-190 37
-63 117
50 33
3 -78
94 19
22 -86
98 200
-75 -59
175 86
175 39
-42 -191
-190 3
-85 -64
156 -55
-58 170
-173 31
-182 -91
-126 -159
130 -74
-35 186
-199 -177
-144 -124
-129 -8
-116 -33
-134 96
-132 -131
-65 -125
-101 -18
-83 199
-119 105
166 -96
-67 -190
-133 -158
4 -180
-192 -26
181 -38
96 9
-112 199
46 -164
73 34
186 74
80 24
105 27
-23 -128
-121 -83
-88 105
5 98
-15 -143
181 -154
181 -91
-60 -168
-125 184
13 153
160 177
-38 -84
158 119
0 -197
62 124
40 -82
-85 163
200 88
-35 -38
-27 147
121 149
8 -163
-146 116
-1 170
-92 -85
148 -161
-151 102
-39 54
87 192
52 48
-115 -138
-77 -172
-20 75
185 -200
60 -83
137 -32
-185 -184
142 12
19 -84
85 122
8 19
46 104
62 -136
-17 172
32 -165
-25 26
-21 139
8 155
159 165
101 -77
-176 -166
97 -59
-174 -151
95 -171
-120 149
-22 136
-154 -189
-157 37
186 -103
-130 160
-51 153
147 60
159 -146
174 90
36 157
-65 143
182 41
116 50
-27 -55
-180 119
-4 -16
160 -107
164 5
-197 185
107 -74
78 -132
-63 -156
67 -98
-139 159
-151 -109
15 -199
-165 111
180 -18
118 123
-36 9
-157 -81
25 20
-52 -75
-8 -183
155 -33
76 109
-104 199
-133 -114
174 9
85 5
-5 75
61 130
-82 49
195 -145
-68 188
25 -111
187 34
-34 30
-84 -27
-127 98
-150 -140
50 -11
160 -67
-19 23
63 -137
93 -93
-115 193
75 -13
119 122
114 90
156 9
-152 -47
148 -171
30 199
-48 -30
3 175
-174 24
28 -187
138 70
-176 -118
-61 64
-62 -147
28 -178
-36 94
-88 31
-180 -198
-138 200
100 -32
-163 -83
-118 -198
45 59
79 -188
-30 92
79 12
-46 -10
-170 157
68 149
59 -95
179 197
27 -8
123 44
45 -178
51 -115
131 -176
-16 153
-28 69
-156 14
42 -15
-107 159
31 116
10 -135
127 -58
-179 -42
81 -115
-58 119
72 65
88 -169
78 -84
117 -111
180 -191
-185 -149
1 22
196 -126
-52 -197
138 168
4 -141
-145 115
60 -188
-94 69
-168 -17
-33 -6
48 195
133 -115
-77 -151
-91 -146
-117 -188
-134 -200
139 172
-13 -166
8 135
200 98
103 -138
-139 176
4 152
-52 -70
-182 -13
2 184
-24 -120
-118 35
-94 17
5 -32
52 145
74 43
-29 22
172 -168
-25 -44
10 68
-119 -128
82 -145
161 -139
175 102
68 61
-5 19
20 -192
-9 -88
59 3
57 -105
7 164
195 198
-157 57
90 95
-124 40
-65 -72
51 26
75 -184
29 -113
-42 13
-47 34
158 -95
21 132
24 180
100 88
143 -88
187 -50
191 -168
-57 -103
-120 -20
5 -74
-111 169
195 -141
22 -64
154 -139
38 -61
-53 3
37 -195
62 -15
14 35
71 78
161 -3
-30 -180
166 -163
67 171
49 -74
29 9
101 128
-50 83
189 -76
-131 93
175 -183
164 95
-7 -58
160 61
109 -198
10 92
104 -108
20 82
81 -142
135 97
142 68
150 -141
-31 -185
29 -70
-109 15
-74 137
142 -80
2 121
-157 -61
91 -12
-33 -87
-52 -134
-172 -143
-120 -130
184 -124
-175 -86
-53 -35
-8 -11
-90 187
-71 165
-193 -14
169 96
-90 147
-27 -83
200 34
105 198
-139 161
120 -57
125 -10
83 -36
-34 197
107 89
-20 111
-180 -151
127 -36
-46 87
77 136
200 -154
4 181
-178 8
58 -69
9 121
-84 46
-149 169
-176 -95
27 80
-16 -154
98 90
104 192
-62 -136
-77 158
-47 33
-101 -51
120 111
-34 107
-55 -96
-74 -20
-42 -182
-137 64
-166 12
-120 138
-34 8
-95 132
50 131
133 96
11 151
80 119
-178 -168
-155 -140
24 127
159 125
-157 189
72 -131
-13 7
-19 -122
-140 -200
-100 -155
193 130
-68 193
0 101
-140 -172
134 190
199 101
178 -70
33 -104
-162 184
-111 60
88 -84
-136 -117
42 193
-59 -116
-39 107
197 191
-189 -2
-2 179
-102 -161
133 154
-115 59
-36 21
-167 -57
-147 -118
-186 -118
-181 -136
171 52
36 84
-172 174
-24 99
-155 -162
82 -88
-95 -139
192 10
125 25
84 125
-62 194
167 -145
-83 -57
169 -84
-68 -44
123 -114
-63 -116
150 44
176 -79
-195 144
-146 -95
162 75
128 -103
-189 -68
-156 61
183 83
188 96
-98 77
184 109
-22 66
-138 107
166 -9
-144 75
1 116
-77 -7
21 -120
-116 -9
105 117
-50 -132
-15 126
176 73
185 119
52 -198
197 -86
52 164
-186 101
155 -22
-39 -190
170 195
67 -134
-101 -95
-190 -114
165 -67
35 -86
-165 104
-72 -73
125 -67
-14 197
119 -122
91 -178
-73 169
144 -149
-128 126
-28 89
-147 -102
-121 61
-146 -183
-135 -75
183 -26
-179 -61
-142 93
-170 -141
172 178
-149 191
193 -88
-62 -169
188 -111
191 87
57 -168
197 -59
-35 -154
-196 -139
83 46
128 118
164 -188
173 56
155 163
176 -32
-34 -158
-118 131
38 74
178 -22
47 -131
-110 73
147 -35
-72 160
69 -128
192 170
-20 -180
-13 58
151 149
105 169
103 -173
9 156
56 175
-122 15
110 170
-133 159
180 -129
117 -199
188 -108
-88 155
1 -100
187 40
-192 -7
172 -55
23 -132
172 -94
-133 -195
78 -56
-102 195
80 138
-123 21
61 -83
86 108
200 50
108 102
-69 196
120 133
27 150
142 160
-143 -3
-125 -35
-52 -94
184 70
-61 -25
-10 -172
80 41
189 197
97 -113
190 192
111 31
-104 146
160 93
-88 -53
-155 -104
99 75
-113 -131
108 30
120 12
-181 -69
199 -96
134 31
-154 -154
-122 109
81 -167
-104 97
-57 129
-101 75
194 -140
197 -132
116 92
-175 -58
-44 -65
92 162
199 -187
-136 -109
0 37
-115 -6
144 27
124 197
-147 78
-86 53
-8 -157
43 -199
131 -7
5 -177
73 -110
-198 -155
81 10
190 -68
-152 -199
-66 -123
49 -154
-62 -2
118 191
-120 7
130 -32
51 75
-70 33
-132 8
76 -127
-46 37
178 -146
147 20
-166 -112
-78 -26
48 162
131 -115
144 13
-153 150
-86 169
118 -44
156 152
136 141
190 -132
-154 85
-175 -172
-75 196
115 46
-129 175
14 -123
169 107
-160 144
-122 146
-65 117
16 -136
75 -102
15 -4
57 197
110 -16
107 32
165 81
65 -30
-24 -23
118 13
79 -126
-56 -41
119 150
-156 85
-189 26
165 7
191 14
0 132
0 75
143 192
98 195
-73 -38
181 -150
143 -143
-83 -13
-31 -187
95 172
9 196
89 -156
188 -125
198 79
178 110
103 -44
152 -86
54 -9
179 -14
-100 -43
124 -119
-65 15
63 -116
61 15
-81 165
-5 -113
171 -31
-67 -44
-59 11
200 -79
166 132
-147 135
155 -39
154 109
86 174
-16 119
153 -141
-32 139
-49 -123
1 -94
-94 1
126 -72
-85 -154
-137 160
38 198
6 82
73 -72
81 -76
-167 8
141 76
-51 195
88 -67
78 -8
-178 -65
69 50
-141 -128
100 184
171 -29
100 -126
-172 -127
178 -10
134 189
-102 -147
128 163
-65 -35
-36 173
80 -24
-164 -16
-147 -88
-42 -145
146 -76
124 115
-88 -83
30 22
63 10
-175 126
-148 109
134 -153
-21 -198
-144 -188
-101 85
-37 -68
-93 196
36 -40
60 -159
137 -137
34 -29
-186 56
65 50
197 193
-112 191
146 -173
21 96
200 28
-180 5
-6 73
97 -183
183 170
95 -168
-13 109
-165 109
136 -42
-178 78
39 -135
150 187
187 -162
-70 47
39 169
-116 -51
-112 -46
59 60
-200 -59
-148 -54
-135 89
-73 87
41 153
-198 8
169 163
89 -191
-193 104
22 -155
147 90
-185 141
81 45
43 171
-23 189
-9 -69
-98 -12
-193 -199
72 -44
155 80
-162 187
176 186
11 -134
-7 19
-35 191
-48 174
147 100
-183 143
193 4
42 -36
6 168
-154 -72
175 54
-69 -107
172 147
-86 -177
92 87
-11 4
-31 105
-179 -157
31 32
156 99
76 127
37 59
199 88
-164 -44
-97 -120
29 177
-177 198
-155 198
26 -193
-167 -59
199 85
-22 190
-97 37
79 -90
-145 -144
-60 116
-2 -136
0 119
106 31
-140 -42
-165 -118
-138 -177
-169 7
-117 -56
147 192
-40 176
183 -138
-12 54
-83 138
-141 143
-56 84
59 -183
91 -126
35 28
189 -126
-128 -108
-95 -15
32 -193
24 36
-138 81
177 -18
-85 183
75 -42
-150 -165
-100 -48
57 50
-180 -140
-55 -155
-121 54
-102 -121
-64 -33
-125 -158
138 195
-58 69
-45 -78
-147 7
190 142
47 7
88 -149
99 24
122 155
58 156
-7 107
-63 -37
138 -88
-99 -88
145 6
98 -193
111 90
-6 -86
119 180
