10
A 5
1 1 1 1 1
B 10
5 7 2 7 3 3 10 5 11 5
A 4
1 2 2 1
A 1
2
A 10
1 2 1 2 1 2 1 2 1 2
B 264
1288089461 167181639 1677650419 594703176 1803517974 405898952 412114072 31205839 1521496019 829036794 1504465054 234124083 1220355754 1032143051 1604964200 1146229558 1738608284 360844364 971771264 1365015637 1486441711 1279559080 1273805222 1596905820 576538310 2095763297 1055943189 1878281853 1350242266 903238484 2027682570 1553292829 1215395589 740098610 722201083 667488792 1728545185 1959714927 1110329140 1502684349 1687596062 1620387164 1633367729 724870897 2114126624 1643849163 1530093773 1465649101 816311886 637688916 15894660 1599672113 1104741929 451822954 673556840 1754454869 1257987651 809724855 431060105 1579998077 1015221483 244544976 2126021933 995837319 1768458137 185879490 791220292 1381308992 1049971344 1963549639 1640155598 1937197435 650395596 1494531331 2134034392 1479158779 2003409349 1399603832 1286414181 629314155 1881483735 544257817 453261597 273698949 1611215104 1079277474 1660285799 1854546653 1468429901 1244653445 2128640094 309269222 152548680 1819029779 1956830555 198867880 1116053928 68567371 521208855 925064815 432031259 1088827363 725849900 108031154 1997484702 1501776796 1929013172 1815723294 1372435423 1373041062 1788129709 725129322 167550989 178531864 1135963012 673700153 960455318 1512827678 410934233 1733101368 826059780 92092786 750956885 541667505 1247601854 1157690987 1339133858 1644947902 529033353 47961041 779592794 1085506985 336705059 1278869679 2071709844 1008574577 1951881914 1357875277 860999792 531263808 1666767698 849365911 1424291454 217619105 22826280 1470837521 987241337 394983536 859711870 2071585685 390856965 1534224039 2033343975 750610379 496674799 707978116 823345331 874376755 1904174190 2053477942 1357576003 581935894 1785692671 1521280085 503288996 1281858957 230575086 1089401189 1413215014 863295531 974402104 1925848660 981134023 1897900570 1744737624 517341385 1033243030 1152163668 2076196707 1169372944 1971342225 1326148013 972347600 170869074 2108077119 485129 457954601 585259360 431591906 29429539 2139571144 983675859 1646048201 1696782577 514315982 2006763313 1022420124 392608220 1453493230 85363040 1597641897 201598626 2012181956 1347201472 1122534265 325136095 1923401933 2139952285 1297167831 849244096 260439437 2174722 1893951436 1130143635 958260234 466564069 1301354841 316531330 1455020678 1462343362 892880164 1544693054 948807760 2090764933 1078929255 1909975755 1501049139 474744603 159449769 299994295 672911262 1526128483 1434721056 992835602 1358908965 1172329378 2095174770 773103928 2106700474 994990824 1508910591 230031123 522149757 2109993006 162180313 1799309526 1029062014 661874027 873130524 1058557505 1962404943 188861320 652942018 659111298 1678350458 1650304922 264101402 1902253480 437628120 1467850683 2127266489 1434900005 150147272 1325144275
A 51
236218131 1418921306 1296694953 972563382 1840645019 1789527008 1087543498 1611364892 436590590 1258024013 1717983084 133652619 1145248801 840323266 320158098 551055547 823951046 875997593 1004026926 84338901 1285799550 2044451787 408203019 1046255292 1758465431 998663386 2014628099 2019140861 127329828 2106932434 428097890 1003864153 332997536 1225211284 1580939072 2034212756 1035932444 945114372 1292030276 141445421 681670 84493276 124941162 880219371 668130965 699758914 1350172488 200794140 1436001163 872710835 588071959
B 236
1624004402 386342282 1835167463 1062101636 230909965 675189147 179667955 978955454 1299470599 1131697857 1021312449 449009944 2123838437 1429709657 315603677 287039284 584803137 712780645 903609860 863182823 1829609073 1233255908 22227955 293732323 1883351322 1569914356 2113267452 1314178944 1746456017 787949966 638070902 1854184124 1748370814 1495360989 46879752 1639016849 1749432131 1738282203 789516820 945874989 1309961055 1282564615 239746347 1217883450 1045664862 1900778409 933339016 759126153 2026960003 1038723205 318063655 1802844930 1255045512 1691672222 1278174361 422463177 858369258 1716396625 6804053 936834320 645146193 588721029 150124315 2112711388 1454850673 2103440423 1534207349 1692926464 1004961539 538847896 1727178598 576304018 518855214 1536179812 932013420 1578128181 1015659562 1008161172 1367212742 1195384544 1977339856 300010445 762659373 2005832768 1082568296 1903273162 1358508086 1100327452 477310525 255538918 814554097 838999908 1853032658 848513885 673066343 1747341517 1047756098 1866986105 1892805220 1430552734 2122532239 1490153111 1518435778 1063436328 932020529 1257586597 1005158694 1429304635 1796263936 1783469454 26749652 824769179 1283195634 737437571 122123211 1856407071 1206848903 1430728478 1642073447 426063685 1665656401 25701305 1632753137 1234039148 1585340810 1603380053 105868626 539112562 824937218 270097815 1297056788 1044232229 1178097770 934223073 674158214 1099297895 896453389 715662411 432521490 1663256301 672242863 1482469112 1399818288 19692099 1150648156 1024332285 268811150 656643336 248557923 2119596487 803669516 1115047102 48926284 2081845782 1632927422 351826423 569287491 935798125 1708393558 2046377635 1245280136 1011779360 844307136 813516556 1111805455 2015581193 1857040127 1468114227 666370510 239930534 852611145 309500919 278568842 1243520766 53305618 551036816 2065641023 665193390 1083755223 1855329567 116855691 1963551999 559088109 1732378578 539175288 1377272900 416582419 666201420 784589213 534630010 904653288 2136480583 500999353 1585275171 2132900269 1632831603 869064552 2076168128 585598882 506127629 1485888520 369076954 1422690698 450138549 797516909 897691092 2070435384 377497210 1540878350 2008705662 1108409821 1628567281 795469921 1258143383 1070831170 358359324 1500187890 164223331 1762714649 835191202 1599130437 2114918104 472086671 1946033259 160220397 1391776341 1153825240 1098620940 282628086 1182880314 1973551684 1762695295 121192265 2101650864 393796856 149171173
B 228
116605629 846843732 1166075426 621757689 2104101443 1979672289 841525196 1112105853 816880466 876873904 2080776754 331828719 9813396 106524937 217423156 1173928874 1319494396 795566076 585614059 1163933222 1160228021 1371709621 630122014 905075437 654413284 1657638932 1837595521 300434470 2057719633 499097080 358927987 461687923 1546314909 2016508554 527094114 526677172 2029079989 1541591703 87234968 1958720832 2081132831 1329354639 1310860117 1471169971 2036748515 1348755240 1495809355 1926615234 920213512 879085934 681114618 987146111 1156666248 1074429312 680437656 1985549466 207058963 237847893 649725916 591531532 1531801264 787183634 1603246285 1774767585 214471710 1823283772 1912132974 1458297285 1044200399 17733139 1270909444 191241244 1023219412 848403836 2138106998 64452461 1232738490 255067935 1417951313 1064477273 388721740 380525700 1403223630 1074686637 76582285 2024578434 948218731 677976485 497425164 1496899820 818832039 2010473126 265504726 592588005 409282 1168395411 249859024 542502085 1240260446 1953023034 562124847 516850809 1898453848 1334298070 573723965 736443876 97582873 1296642882 717490764 2046543635 1398812514 1107031065 468892859 1154270542 1119238221 878512386 642444098 1044222996 442706839 641809659 914751658 261503157 1977686886 1375422128 1299893275 1265594045 194453863 52410028 1874674609 225016377 19006848 380308600 351408307 1054865241 1655569011 1810545947 927444785 1435171551 1482711492 1305342023 1937592144 1186343257 648593880 647909079 297950206 1222214021 1976454216 978407998 879570566 974494019 1582464489 810492949 562121772 1120073648 761290880 532470733 701384441 535961734 810083626 1725763161 2056796267 1424990883 255532505 2066145708 141704822 1522758998 1530712396 2086594935 283949148 1990183782 1337116956 1596639403 2093984856 1240996068 1168988299 1864618663 1619769113 816584103 1398041129 862921038 1628402240 1116431611 423964685 956981506 2114727831 1753153860 1174852505 1195378886 1187427101 1877938544 1108166885 1287232668 589715807 308270317 691579283 1380019236 1409387741 1184128861 1404510095 393782610 793308357 528631767 1201762434 942030925 2012901957 450637636 120075730 1554037541 1694203424 550064822 886015562 410796933 131567606 1981272080 1588552511 760348330 227023861 55054431 865507100 1670492179 1669571175 1704510600 1711516469 351954791 825888700 1496535302 684620020 1859823915
A 278
1693612346 795843241 965130006 723598 1085274889 972133553 952518421 1604447770 1260085911 490197407 1598565815 1049555453 1097485304 1037721797 326316332 64624619 2058691098 1793628415 1890688317 982963908 1076378255 763356153 1510672771 807577613 1466931298 846941786 898725021 1271115241 362989655 706060564 2015262809 561751014 1631153041 655324065 2002247792 55353619 1445901784 812555424 1039030044 1432365939 770424407 1276491156 2028321314 1517876102 561476136 933133305 847138200 208241906 1702780098 1705165301 354370293 341202990 431745041 461879334 626407801 1829252776 2026069347 918497986 1358383030 3250683 365343457 201630813 283784657 1543289247 1273438687 1396625346 714006170 1280597407 744103099 469042646 1489238363 619859459 1109072056 1127247425 1827247883 92346954 2066882094 1257589346 703850483 42264207 1754365844 1457614500 1029234238 1466639575 185721349 996364587 2086493994 895300123 1007097841 1368053838 1005562006 731969766 1754378557 1128143552 495470407 140550912 461813661 423240967 41410020 1116901585 1678079113 1902091078 1582006568 517688211 524971451 1128482835 1198659191 308010258 1702528062 1116299491 459077918 152867422 707532165 264455827 318505281 976073552 1347139935 1466190203 1380588533 1223283614 1722136812 1288609791 2064735399 1578866454 885290209 1670294632 1804532697 117776056 251786793 1113523397 1763589294 419392818 672794280 1744908433 1721977784 1811459148 1024991197 2069943301 401721690 414539111 2049008401 483896377 1760512147 2070638662 983904314 435107364 978791709 1563255538 592599552 1557485153 1981388720 1463724634 26562293 1801139215 740026744 1715295881 5544771 200125297 653381040 1630872208 1159958720 89811664 772996104 1642852769 666263876 1532689342 126831276 1359065215 87630965 581677550 1080915458 1469209203 201198390 705033497 1792614810 344381135 106917979 796356661 2087259999 98026090 1344580053 1106209173 332162110 1624804896 1330511520 1247450781 208488579 1350403557 91027186 1264266397 96375461 541248228 2042840329 1083207521 1629330669 441173257 664465393 150354753 1865173167 1416420575 1834158444 1312144368 1085564041 304850342 423017681 912749573 1030280621 722686579 644119040 760770331 839644061 952393132 601842367 353253306 730423883 1367732924 138577938 312262052 1047457918 253249557 38745483 1989868738 472513281 1994663403 223482120 1242598379 1809893672 419751985 1150255746 583784275 395195522 150294658 336427192 1757915437 1079669102 706877059 1029680474 39957038 1114333817 471342425 495086877 253458467 1761448664 421749289 1446215741 497416741 809567113 227701072 1110268107 382395766 1849297853 1160868144 1638534972 86204783 1087961973 1943201075 124004361 1740545748 722386344 502190137 1020344952 1862529697 1647318275 828422720 1928363629 652556293 152607661 214188863 866765970 249044124 857940852 1390293143 93937443 719914588 998166630 837442222 74227953 1700939997
