100 100 100
9 31
1 29
1 31
1 18
1 5
1 25
1 16
1 24
1 1
3 30
1 3
1 25
1 20
1 40
1 3
1 49
1 36
9 6
1 22
1 29
1 2
1 40
2 19
1 48
1 18
1 4
1 40
1 8
1 31
11 19
1 26
1 20
1 36
7 20
1 32
1 21
1 25
1 33
1 10
1 42
3 40
2 26
1 1
1 52
1 18
1 33
1 52
2 6
10 42
1 22
1 3
1 26
1 23
1 52
1 13
1 24
1 35
1 48
1 11
1 20
1 11
2 38
1 21
1 12
4 37
8 38
1 23
1 3
1 14
1 44
1 27
2 13
3 31
1 35
1 33
1 42
1 27
1 47
1 19
1 29
1 17
1 19
1 52
1 51
1 46
2 38
1 37
1 3
1 49
1 38
2 21
1 46
1 14
1 26
10 26
6 18
9 48
1 49
1 42
1 20
