104
7
132 419
942 810
1 999
999 1
123 423
345 345
654 654
999 1
1 999
942 810
132 419
654 654
345 345
123 423
2
400 1
600 1
480 1
1 1
4
830 572
426 341
754 279
673 331
281 324
680 924
170 234
47 449
6
564 313
140 758
672 528
280 66
560 393
428 785
292 780
495 764
702 87
146 434
539 44
423 745
6
334 786
903 113
603 765
386 532
216 257
626 253
446 65
687 161
576 694
244 849
806 538
186 352
5
536 204
647 537
132 778
825 267
820 122
92 498
877 714
302 425
939 285
591 405
6
257 727
337 318
910 246
829 719
775 71
229 737
64 308
292 564
261 91
485 282
346 926
636 6
4
745 940
127 731
953 131
46 603
157 958
640 194
846 986
394 57
2
125 530
992 950
232 727
272 662
4
991 747
709 140
37 920
70 495
96 684
566 638
423 142
684 725
6
681 613
415 916
169 238
337 879
988 258
633 193
424 374
197 28
756 452
472 258
329 931
467 224
5
262 917
472 326
63 393
968 865
819 501
496 877
340 232
825 372
938 935
15 440
2
381 677
929 924
819 326
668 802
1
994 844
377 872
1
353 995
907 596
1
5 383
298 846
4
895 610
332 748
805 892
979 104
669 628
53 743
708 500
727 594
4
258 881
909 512
266 118
814 372
556 26
194 699
794 152
193 672
1
724 770
451 585
5
271 65
418 505
706 890
121 810
519 335
735 673
907 386
947 416
411 273
308 661
3
593 371
47 901
937 250
118 934
186 580
697 731
3
131 868
379 462
329 626
215 335
787 119
126 273
4
400 420
943 794
538 113
959 175
982 899
138 322
97 795
241 3
6
386 945
341 790
934 243
56 433
108 520
412 622
925 122
426 281
647 288
520 483
709 949
222 871
3
70 684
801 554
827 786
903 615
229 310
87 239
3
238 428
35 169
510 762
417 238
691 285
748 746
6
898 217
719 745
605 732
413 365
733 336
455 84
387 87
156 435
113 186
335 304
388 107
557 392
2
867 720
298 853
166 521
672 240
1
432 797
821 571
4
646 797
708 488
935 13
810 343
943 365
289 784
899 564
833 856
4
956 345
157 55
104 303
40 40
761 428
508 110
918 946
406 955
4
465 965
181 230
441 710
839 346
512 224
860 821
485 298
601 616
4
551 625
526 959
679 420
491 834
128 185
324 352
120 993
14 641
4
627 60
841 333
99 672
363 476
448 30
713 576
677 222
312 524
5
943 8
734 927
474 730
978 656
13 565
185 122
937 792
395 462
177 880
530 119
3
222 596
819 707
422 508
803 87
295 741
105 710
2
636 915
254 268
261 890
269 642
3
992 383
519 604
920 232
492 214
409 816
938 991
5
909 879
937 720
986 340
609 462
172 986
424 791
607 949
935 835
705 160
997 439
5
242 149
196 438
981 479
546 937
661 802
660 375
92 896
881 588
19 210
355 365
4
464 93
534 591
226 127
532 706
661 601
393 220
378 610
395 579
3
360 978
926 523
738 912
419 9
712 116
851 489
1
973 344
419 807
3
536 370
440 70
629 318
315 389
833 446
26 172
2
394 387
538 995
884 524
47 443
1
118 279
707 696
2
531 232
466 944
858 111
619 91
4
26 792
744 617
103 870
512 632
738 18
565 241
444 971
584 903
1
351 242
444 453
1
498 878
948 771
3
720 345
490 889
966 984
864 267
38 467
351 259
1
893 114
178 598
6
607 499
361 978
961 477
54 852
795 905
862 948
206 807
804 927
268 244
675 85
551 603
248 801
5
743 768
204 378
53 121
601 975
91 433
80 49
721 307
715 149
796 295
212 314
2
738 420
751 509
575 129
638 206
2
699 806
142 617
617 512
7 675
5
495 900
912 540
64 887
73 298
983 559
154 166
539 639
532 719
261 594
47 149
3
889 625
993 899
1 905
589 564
543 101
281 947
6
268 827
740 664
72 952
393 374
39 871
685 263
315 770
886 811
926 636
951 716
586 530
661 145
1
392 529
797 61
5
853 549
776 88
259 521
292 26
655 254
874 452
646 303
317 525
985 979
784 48
6
130 769
194 641
847 954
670 187
732 160
918 100
865 924
766 648
970 668
8 420
334 866
771 365
6
106 156
939 777
432 536
462 338
910 180
702 242
924 243
202 587
304 39
811 58
42 478
449 76
6
932 150
412 701
371 62
847 76
519 151
346 691
955 39
947 914
524 577
989 161
164 467
571 306
2
481 176
199 122
614 207
122 28
5
742 6
643 701
256 177
864 296
139 414
94 199
846 159
870 688
193 756
25 697
5
751 707
344 107
344 251
671 54
338 614
786 67
47 268
709 786
904 800
825 30
5
173 19
342 35
502 210
559 643
511 273
547 105
272 3
796 698
691 126
883 82
2
118 913
687 887
946 887
535 500
5
659 642
589 599
536 751
611 380
821 666
210 339
581 73
224 306
730 395
409 123
1
846 148
891 134
4
44 925
385 608
169 465
41 637
907 854
970 380
822 64
396 918
4
146 969
214 659
472 664
372 626
351 744
356 791
952 690
675 355
2
303 663
753 356
413 858
103 537
3
150 972
568 302
320 664
644 970
795 367
466 595
4
195 200
22 984
868 835
699 815
944 500
935 226
906 945
341 295
1
526 431
3 132
5
326 439
841 334
243 909
912 624
993 44
210 169
41 438
402 957
720 799
128 864
1
45 195
818 70
2
292 354
908 385
877 112
437 583
3
353 290
830 980
534 281
162 879
521 584
666 155
1
297 530
335 699
1
572 564
592 127
3
981 995
542 296
817 794
449 118
355 824
156 625
6
155 553
941 642
198 813
43 278
872 745
483 301
830 590
702 48
164 174
293 176
892 298
589 371
6
938 52
514 455
373 13
763 196
563 467
536 965
279 787
209 98
194 407
485 304
896 757
733 214
1
24 304
242 624
4
784 83
411 863
351 373
157 475
954 745
945 228
817 831
178 636
5
553 875
280 763
356 422
723 970
954 426
654 915
524 843
530 411
197 711
581 652
2
855 621
44 141
695 760
826 698
6
764 837
637 665
512 349
634 572
730 835
133 802
937 672
288 780
324 236
478 693
111 606
536 640
5
96 101
893 536
110 268
602 962
445 6
873 401
980 668
522 794
842 280
964 353
4
183 647
139 645
53 132
816 107
267 458
919 562
97 686
107 781
2
587 58
233 518
283 835
346 586
2
798 901
214 788
372 549
238 179
2
458 57
889 350
311 699
223 648
3
979 515
495 150
540 191
583 317
418 438
249 771
1
47 731
539 789
4
976 998
397 15
43 193
954 330
728 442
509 267
682 256
857 587
6
580 325
477 707
752 780
190 823
144 660
705 168
351 899
16 427
990 302
333 508
599 100
986 663
6
116 30
403 355
221 610
264 612
545 960
402 176
191 480
946 97
54 726
11 718
724 328
276 403
2
737 95
426 548
472 141
305 275
2
1 1
3 3
2 3
3 4
1
4 4
4 4
