2785 3000
214 2257
2144 1916
271 163
1180 1906
1901 1365
1379 1329
308 486
147 1560
479 1017
895 2250
319 695
2094 860
1498 2669
2431 2147
971 2301
1525 2457
368 1493
522 777
1589 2241
1835 2217
115 20
561 1808
2730 247
55 2275
1387 833
1720 1343
1233 2229
624 783
1283 224
1987 1189
691 487
1658 2028
912 1455
145 1210
2437 2218
1458 1478
2114 50
437 2015
1390 1088
1683 699
1695 1557
113 399
983 160
1905 1289
623 1961
2595 1111
2034 1753
2639 1096
680 529
1511 493
1808 2469
1144 1459
2129 434
2516 2447
1220 1371
1883 2785
2588 2751
2679 752
923 508
1936 1157
191 320
1699 2573
947 954
60 2707
2224 333
485 1032
2779 426
1240 1222
1140 2345
2658 1043
581 366
1794 2714
394 693
361 2302
50 2219
2269 1112
318 737
1612 2249
1536 1483
2711 2550
2744 554
481 1337
661 2551
715 1784
2020 1842
979 551
2712 2278
121 1469
2298 1768
2532 1100
982 522
588 710
108 2204
1365 2308
721 711
2076 2492
876 1999
2752 1686
2099 126
2720 215
1213 2334
670 1380
370 540
452 1702
1873 150
2003 1410
253 908
695 2757
1965 170
2463 1798
203 1865
1086 148
2386 665
2491 1159
79 1950
1508 1368
165 1088
303 969
1262 2359
512 1549
1483 1051
1502 1587
1070 1776
1393 180
201 1796
784 1599
624 1937
38 1233
966 275
2281 567
1736 526
1547 1357
1955 194
1075 942
1155 503
1346 2120
514 2575
2416 646
213 2308
631 2261
332 1448
289 126
1539 1519
2206 1405
554 537
1368 2411
1695 1261
1659 947
1954 1467
549 1817
1327 2636
818 1791
1721 1374
2541 821
1830 1406
1820 48
240 812
2321 951
893 2777
1078 552
497 1352
1768 1738
1210 436
2500 335
1652 2258
430 156
1877 482
422 90
2280 1002
85 17
257 2138
2009 1106
202 2506
364 2666
524 2044
1059 2161
2710 1295
2738 2236
1000 1877
2752 1826
2110 1943
2153 2201
278 2081
1180 2127
33 2650
1669 567
2529 2755
755 2476
1951 2663
547 249
404 757
2075 1824
289 54
920 781
1301 483
510 106
1279 588
1863 804
1390 1842
345 8
168 1038
1690 2568
662 442
340 1770
2439 2255
2636 764
884 2097
1067 1642
432 1228
599 2441
2609 1640
33 381
470 2763
2660 1890
2390 1816
2073 2298
1140 805
261 2159
2129 2164
651 977
547 2123
1246 224
964 242
1273 1753
1960 2066
133 2006
2225 478
291 1275
2761 1918
990 976
682 532
1082 494
714 562
1417 908
2305 701
1771 366
1677 155
898 706
2610 959
2393 1975
1181 2663
1457 1343
1607 2562
1069 2518
1512 611
1868 1219
2749 2723
2679 1035
2755 978
1764 1436
1642 1279
163 1219
1044 1683
2007 908
883 1691
2053 804
2369 1577
2491 2376
968 1466
1855 1777
1 1780
414 1741
1996 233
2012 2070
2296 1816
1096 2261
1947 2419
1581 1524
1931 235
622 831
1856 2536
164 1964
1430 1281
2611 2648
1639 2115
2663 2666
1913 569
207 2596
2039 1367
1404 2308
1940 2175
882 553
2428 1971
2421 1335
91 526
547 1212
899 1707
1369 1033
1776 2126
751 2038
129 2298
1694 2013
1329 24
322 927
1197 1025
1878 453
36 2084
119 444
603 80
2599 2089
1732 2152
2673 2425
475 1495
481 531
1542 1831
767 2503
1837 2757
2332 501
2119 867
697 1304
1553 525
911 2602
817 936
307 1126
1028 2471
2408 257
2079 1516
1257 935
2101 2423
1407 473
1037 1211
2285 1726
534 850
1859 578
1704 2739
452 88
680 1308
2204 1285
2055 1212
2031 121
2095 1827
70 790
2256 804
2765 126
266 1202
116 855
1030 1445
29 956
1783 1133
2686 481
143 942
1693 1872
2656 2774
2013 1537
1173 1920
1870 2404
819 2265
1540 1774
1029 2013
100 1854
2715 1898
175 80
1807 647
1099 1313
867 48
985 1013
1615 2615
2304 1472
2516 44
768 714
2355 1516
1813 1567
677 187
233 1101
723 611
1985 221
2239 1015
1268 2666
2522 82
1550 66
1336 2661
2104 707
2574 264
1321 2422
773 345
1631 2694
361 302
177 52
2630 2760
2071 2411
349 2283
1966 596
1263 2095
2357 1879
961 2551
1506 757
1679 524
2696 1401
462 1741
194 483
2077 1860
1186 1503
2176 1968
2373 1682
2291 1560
1911 588
337 1857
160 1274
2010 2007
1431 518
118 2246
1378 2206
362 2040
95 1848
265 731
1890 2518
1692 1638
869 2495
1526 2638
1242 2378
947 2330
464 2008
2154 1424
421 1510
1470 2642
1907 2539
1350 93
595 588
2759 1820
259 1832
541 2780
1249 80
656 784
2405 115
1890 2275
1345 2672
1428 1878
1143 1735
8 1101
863 924
1711 629
2343 1812
1088 1101
873 1563
258 2423
1145 2305
268 1063
197 2580
1006 170
1655 2634
2691 309
253 1275
918 1557
2112 775
138 125
136 2168
392 710
822 1881
209 839
1968 2582
2684 2403
614 505
317 1687
2194 872
2017 931
1134 830
2175 762
120 1340
2056 1841
2516 350
2672 207
2619 2383
949 1595
865 462
1945 1292
285 577
2509 445
1880 2543
74 531
1757 2324
109 1168
529 1214
729 1847
2778 2358
2043 1023
1675 778
1364 1096
2657 2216
1207 1296
276 568
1713 1332
1948 1905
1907 957
1629 2429
334 1743
1877 2655
553 692
2502 928
1808 1367
634 2586
789 2330
1272 2705
1722 2329
2436 2192
1040 2256
2063 1824
2427 1119
368 1593
1182 338
845 2103
21 1427
1847 710
250 1080
1709 281
207 2449
2436 1796
641 2121
1845 535
526 511
81 799
1815 40
2424 1136
462 2113
618 876
1565 832
913 1389
676 1900
1559 753
2343 1285
2201 2370
1250 2456
2489 2772
375 371
224 1425
1510 737
2147 821
710 165
2542 1623
1633 2393
1881 1476
783 1827
1253 595
1334 1837
1026 911
2467 2502
1116 199
1259 1319
1915 698
1102 1317
2428 1131
1878 2350
619 1770
95 1648
788 1150
1345 1650
2393 1342
2774 1662
1517 1884
2413 2380
1136 2358
146 2304
516 1566
726 427
2431 1832
1640 717
1141 2053
1473 944
530 1740
2018 2138
1584 443
1299 1372
2003 347
1437 2370
2505 1870
1352 957
680 2726
1986 2601
1549 1343
2486 1687
1841 2374
2634 1676
2576 369
309 2532
2532 1752
1663 2381
721 390
2029 2670
1104 1186
1160 1071
2179 2145
1358 1079
2292 1655
351 137
1654 2215
2548 1590
2225 316
445 2473
401 1252
188 2025
1556 2134
1657 2380
2524 521
1728 1494
2085 1226
1448 1943
1297 2717
570 1928
2112 2294
1885 1699
1342 1626
1171 584
30 1535
2155 1
2403 2632
1309 849
309 1055
1158 1274
2332 2258
2355 967
2095 2082
821 2241
1582 994
1740 964
1603 651
1568 1092
2355 2271
1866 1916
1632 784
1164 233
1293 1167
468 2114
1335 1207
1843 1803
2155 1055
252 1399
480 552
1349 1984
1788 1188
1023 39
1344 883
2118 2687
1737 2037
1024 481
2174 1314
1821 1847
740 2113
2263 1023
687 1731
202 488
405 1012
1076 948
1729 1036
736 18
2605 490
992 2233
1383 229
2249 1639
2634 1010
1114 2574
960 948
1215 1103
635 1016
18 1768
367 949
2303 2572
1230 2701
1829 587
1838 790
1068 154
2131 1875
1617 2255
2022 2193
206 256
1036 610
1569 1667
64 1973
267 409
1889 2315
831 1768
945 902
2282 525
2090 2209
2585 6
2325 1938
538 2376
477 2043
220 1064
1572 1093
1941 1444
1987 1411
2086 969
1961 350
1861 2734
1927 1057
2463 2554
19 2595
1152 2721
1219 257
2061 1356
1115 41
936 2408
1400 2435
1705 2229
2629 48
454 1459
2427 2342
23 848
2011 1703
2641 2222
962 82
2773 888
1876 1120
666 527
1597 1476
2749 940
1346 1081
1569 1553
2065 623
2426 519
184 2335
189 1738
1512 2191
2681 2308
559 2384
1413 223
1042 262
1358 2267
2446 1660
1424 737
1942 2773
2382 1224
2223 1489
2631 2514
128 2504
597 2443
2450 1318
2545 442
2406 854
2245 1478
433 1918
1274 1718
857 688
2747 520
89 1278
43 1237
2753 671
391 7
1684 2487
1179 995
2681 622
1761 1064
1506 2502
795 1945
2152 1229
1036 6
1605 2331
385 1878
566 560
722 177
2781 816
1446 1129
1401 1827
208 2407
2389 496
1361 1747
1585 2089
1122 598
284 1978
1231 1811
16 938
303 220
1674 2189
1270 487
998 744
2668 1989
185 2612
1769 1254
2183 398
158 610
1409 74
2629 2153
1641 1460
2220 2115
583 1885
1732 1073
1310 2733
1142 313
878 1397
1635 2173
1357 298
1105 760
2162 1930
1994 2303
1122 2328
1418 1365
2732 2400
1529 2541
1027 2649
324 1800
1292 1535
2597 1666
1828 1860
1618 1012
233 1743
274 2122
2432 1872
1012 198
2150 161
1188 2726
478 148
1857 1289
166 520
2056 523
2353 76
2299 597
591 1089
75 380
2718 485
2059 1721
1135 2400
560 477
233 964
2364 2409
1849 1707
2276 2726
748 2092
826 869
2648 1010
66 1742
1592 1650
1260 1630
945 739
2316 156
2051 1094
2234 1799
2160 1437
2768 1088
684 586
1728 1012
2608 1770
211 1884
2078 1934
1251 48
802 165
303 1797
733 354
2770 1900
204 322
1226 1994
1220 2127
2171 2387
2440 1249
2376 2113
896 561
1646 2597
998 1481
394 1245
482 2370
177 2187
1470 2446
1867 104
1167 1585
2780 1013
782 1517
735 1413
2571 73
2507 2104
2008 2241
174 2557
645 2199
31 157
1755 729
2488 1027
179 1981
365 65
649 12
2067 63
1123 503
2497 427
863 57
1374 1803
1791 2167
462 1376
806 2029
414 2386
1262 155
1965 2326
2004 1729
878 780
409 1739
1293 1830
1183 2304
1405 369
99 2099
1574 2036
861 2128
1165 672
1076 2653
1641 2465
1623 1016
910 1128
96 99
1264 1841
1789 1278
990 1109
2710 2755
2574 987
164 2308
1248 1382
305 16
1120 1768
487 2
752 2371
2037 1090
1143 807
2025 6
1515 1491
387 783
491 2652
2111 159
78 97
1281 2289
1976 777
2046 1944
2513 1832
2284 830
2704 2371
2400 696
621 1022
2458 564
2322 2562
1130 703
1914 2046
2525 73
669 1442
1195 2422
2116 2347
875 2750
581 1821
1446 1420
2589 1881
2196 1832
2356 892
633 1174
1546 511
1606 1097
1608 34
1332 1567
2156 2626
2443 1129
1487 164
1902 1011
288 2680
221 1594
729 1503
734 2143
1515 2413
1547 2216
818 236
703 1471
1749 1373
2000 2089
2191 1648
48 1296
343 902
497 1159
1390 866
2061 159
2782 724
2657 453
1982 1545
844 1751
1762 2713
1372 48
2272 2267
446 652
1210 2113
1009 1557
1082 2138
1958 1167
1222 2170
2770 356
2594 315
2527 1289
1977 1309
749 412
2617 2495
1991 1301
2476 1796
584 1893
450 2243
2320 2545
1985 597
1350 306
1051 1438
633 1061
1882 2083
970 942
869 1064
2365 1485
930 2494
1956 2656
1758 881
763 1902
240 984
756 1074
331 2524
1440 956
1914 424
2598 536
130 2599
99 901
1157 732
2388 2596
460 1300
341 1661
2192 152
1753 582
2614 499
2567 2404
961 1457
2157 418
1980 442
869 413
1091 1154
2108 1568
1617 1918
2688 206
461 435
2534 1373
1982 78
2409 1223
1346 2242
1483 1112
2059 1770
1130 1865
2010 2042
25 877
405 255
2728 80
2753 906
2005 2124
413 696
1234 1716
2340 1034
197 2230
1313 313
1149 702
2708 213
84 1481
43 2677
2103 1643
151 1834
1525 1688
1424 533
393 1651
1080 560
2345 1503
1292 1207
1302 447
874 1533
2761 1725
186 2229
2622 2288
2025 2275
1011 24
389 2582
700 1421
2147 2130
1742 1613
1618 2293
1810 1791
2427 2314
799 701
56 847
1893 2301
2180 2671
1395 825
2060 2202
1616 2411
823 2263
425 1648
1555 1835
2285 1192
1423 2666
448 1023
1871 2678
411 1523
1543 1789
356 2057
2591 1957
1812 945
2514 1005
1320 2593
439 1014
1160 1459
1609 1365
456 958
1108 1963
1874 2480
2217 1834
1306 1679
2362 397
2404 1158
1574 2043
954 453
375 1787
237 137
2161 1442
83 631
600 2353
1169 373
1672 1061
430 967
2613 1202
1622 1366
2479 1100
901 790
2373 2346
315 2500
2269 53
401 2102
1946 1432
403 981
2397 927
1232 1318
2444 1848
1384 1432
1578 2147
1007 1569
870 1347
885 2365
2555 1477
2644 1331
2028 2164
1514 1089
2441 1718
2611 1527
2700 1203
290 340
1903 2733
2278 371
1605 1986
792 9
602 2007
1444 358
632 2298
612 922
373 647
1177 717
972 1951
2077 2736
745 740
2192 1394
2326 1013
298 835
259 416
1684 1319
2600 234
966 85
2180 1665
1600 849
694 1096
2084 2199
2187 1580
959 2066
2678 1621
1636 2754
2587 1162
1326 1104
42 1503
1298 673
2620 1035
991 1561
1903 1993
1312 1186
127 2452
1270 1013
1818 100
2116 2363
43 1632
649 2514
870 2281
1571 1905
132 2671
117 648
357 2715
1734 1806
1656 2681
2276 135
934 258
484 2537
7 2645
2694 77
1739 1953
2565 2600
1362 976
999 2275
2490 503
1240 2253
68 1075
173 1642
761 1197
68 513
322 1249
1349 665
2327 2007
1197 2346
149 769
1451 1742
2048 1366
979 967
2606 2181
1759 358
1124 1429
2243 689
791 221
2519 71
1103 265
2190 2172
1405 869
576 1396
1342 2127
56 2640
772 2142
2504 864
307 2068
2384 2690
120 1049
1366 1053
1674 2259
153 785
950 626
2381 1813
1698 633
1570 86
59 569
959 2199
2547 1585
2748 2393
2090 880
667 1594
506 2235
1735 826
771 1157
1135 2523
1178 2585
1700 1873
2563 1790
1796 345
722 2703
171 2236
1287 165
1751 891
873 935
1392 1155
1324 137
1564 2518
2104 848
726 1919
1342 536
853 984
2030 95
2038 922
966 153
160 1778
2236 2347
127 2341
2325 713
794 1654
2102 1459
1755 540
2011 563
362 401
1400 958
1817 871
718 1731
1992 1719
2347 1768
1357 1826
116 1588
933 2150
958 1998
2763 2007
922 306
2680 127
2573 1723
1074 1283
2248 1853
2177 1714
253 1564
1847 2289
410 302
1066 1244
2618 2238
2705 1367
1247 1033
1403 2106
66 1116
2089 1101
1772 1486
2105 65
1300 4
2692 1025
1088 2215
193 2754
546 635
874 2203
1363 129
301 240
660 1752
941 303
1924 634
1763 162
2049 167
2742 1665
124 1952
2667 1715
2311 2268
660 1204
26 790
769 2473
874 2144
1271 2141
2444 1303
21 2170
84 1951
1748 2009
1221 2173
1276 233
713 1617
2649 1734
2457 1827
1661 1121
2687 433
1933 1410
725 170
2521 1015
1363 1233
1310 1447
31 830
813 1626
2185 1625
363 1979
391 1278
657 2778
528 1513
565 978
98 2550
1154 2066
190 1495
1680 2326
583 1990
1782 810
529 2406
1662 1513
1858 1318
2621 1354
582 710
542 399
1960 300
2242 466
329 2420
281 1180
2753 2257
77 648
2146 2372
984 63
1558 1332
1042 988
1148 2181
2569 1281
1064 1088
2015 1561
1972 2345
2246 1872
551 1258
2762 1975
1598 849
1394 11
1490 1193
2718 1937
1038 1743
2566 778
655 2529
575 570
2044 1412
890 1771
2359 2570
840 1174
903 2541
1269 1583
429 1788
2462 956
206 1291
2422 1645
2230 517
571 651
2234 431
2096 905
639 2307
720 1669
2126 2214
2252 2628
2505 1795
47 2157
1779 443
75 1243
1076 2637
1552 2503
1643 833
1349 1950
1469 2129
2554 1806
36 1516
1043 1872
1464 125
1595 466
1265 2221
605 2342
1373 1153
763 1678
86 1343
2702 462
598 408
558 168
2332 1733
2109 2602
504 1613
1478 762
1932 2192
676 2309
1625 1930
403 1744
527 1209
697 830
2019 2266
2017 764
1482 1125
1452 1793
2777 1706
2716 105
1644 233
1671 1688
307 2287
1538 922
2008 537
894 2283
2443 2438
2647 560
1426 2301
2439 1754
325 793
545 834
874 932
1730 1676
1107 2754
2435 156
24 595
2493 1458
1256 343
1100 517
1685 1208
527 582
2260 1931
1627 379
268 2394
2372 2221
2361 1927
808 522
156 778
2453 2407
557 2012
2207 1976
1917 25
2193 1155
2068 446
1710 6
2781 965
1566 1311
1097 2038
2633 2213
825 1133
1297 2573
1393 608
2602 658
187 2562
2454 1773
393 908
2139 201
1970 2250
839 1842
343 1528
2213 86
1406 102
1925 2015
2666 1088
2239 510
618 535
1247 872
2318 890
2232 237
2388 856
1612 823
2413 147
791 842
1526 2100
1402 1389
323 2591
2702 125
1381 2214
2190 1737
58 1132
496 938
179 1962
2313 777
196 1513
1345 2168
238 1268
678 1684
1145 1646
274 2469
704 1802
2265 1292
1737 820
2375 92
1327 1310
256 182
2680 1963
2400 51
245 1951
1074 2672
2336 523
607 476
1176 1903
968 2568
2029 2091
2734 2579
1449 889
944 2585
738 2494
1896 1802
2695 1129
2417 2720
2603 1400
744 2449
1071 2623
1681 2677
2564 2394
2726 867
589 1165
1750 2363
231 1311
1973 2298
770 2749
2179 1756
2625 1670
709 601
1502 1191
2372 2394
1331 1945
1723 1990
828 1394
191 785
823 180
401 1330
2537 2301
218 399
1324 953
1286 2352
1425 97
1226 2228
1322 1820
1085 122
956 2231
930 2473
2483 326
281 935
2627 1856
615 2390
1608 1758
2264 1162
1220 1705
266 1518
2238 825
981 2568
15 2540
2194 2663
489 776
1737 2016
2734 720
2481 555
758 1775
52 122
330 1888
520 457
373 490
1592 1385
2614 173
1056 1734
2069 2508
409 2535
1915 2208
920 2331
1315 2426
185 1705
1922 1589
775 201
2226 1750
1071 364
677 636
2410 2393
2270 692
2039 2402
258 2363
287 282
1416 1501
1713 1895
1849 862
1391 864
574 1411
2463 2372
1172 2450
2764 691
2033 2201
1717 2406
228 443
1009 1548
1147 1036
2488 2065
88 2127
1663 2635
1764 1051
2196 867
2772 2219
902 1786
2395 172
2740 69
2743 1921
2141 7
641 1186
2767 2216
2140 1021
104 1900
942 1289
45 78
1316 662
467 2228
1747 1946
1228 2259
1128 1280
2135 1755
609 2178
500 313
44 833
1850 190
1191 426
2234 2183
1201 1048
2766 762
1021 1776
1967 1887
851 2151
1388 2529
1966 1376
446 364
1967 2350
446 555
2674 1082
1586 2054
2542 2754
774 775
1800 1846
1926 348
800 827
980 2456
1774 1129
1682 1463
328 2172
1492 74
2254 2530
2245 894
215 1551
1337 2208
826 1580
756 2143
717 1256
971 2160
1019 2466
119 2694
2425 2178
318 2158
1339 1573
276 508
716 1307
2320 1224
498 40
1458 2148
1673 421
2219 488
879 116
1671 2288
2057 1768
1672 1530
846 715
705 1690
1678 39
14 2552
671 2164
1462 652
1722 24
1632 1731
2753 637
1044 2729
1018 554
1174 622
2062 587
1697 1531
441 238
20 696
1328 1173
2251 2093
809 2607
1038 1904
984 2367
2377 2407
1343 11
2615 1365
2165 377
2768 118
1060 2649
1336 1701
240 1999
1004 439
1745 780
1833 2256
2570 904
144 2645
1841 1743
347 1647
1389 2138
764 2602
1206 227
1424 1780
1687 596
449 164
102 2531
2159 1011
132 1057
1360 8
1602 483
330 1422
310 1797
590 903
1035 1180
1012 702
148 2429
2242 608
1498 220
2034 872
1182 681
2072 2655
2 762
1143 1003
1925 1577
1805 2028
1355 1436
2581 1614
797 1249
1077 728
249 954
912 809
2722 1335
2211 2739
1156 1288
1126 1439
1477 65
2234 2396
109 2381
486 1281
1087 2362
1239 1124
1696 953
1901 103
764 427
182 1477
419 426
1986 2762
1589 1573
1836 16
1898 1952
2251 1031
1684 1051
2625 1827
161 2131
263 1342
765 1575
515 2223
212 295
534 1957
100 693
1822 189
1161 1897
2027 1691
2581 88
1828 2213
1353 1625
392 2470
1756 2382
166 2526
1556 50
1734 2275
1266 1374
1460 622
1382 972
1284 2562
1746 309
1507 1148
199 1394
2098 1792
1409 214
1406 1023
1565 369
2295 1292
750 436
2674 2746
1909 1937
388 2784
617 2349
1844 1886
1850 2595
1934 696
556 1497
787 2663
2092 1770
632 838
87 628
1653 2154
2364 339
2090 1891
603 2043
796 2531
1499 2228
367 2051
2430 1218
2472 772
2327 2116
2722 1787
642 1491
187 1874
2274 219
573 1706
1412 1706
659 977
685 1744
2236 1053
2181 2370
620 1696
814 2707
2198 2731
2014 1591
1611 2635
657 1325
1174 1366
2511 1619
2618 925
230 1670
1039 2750
852 1911
871 2429
1177 2286
2475 1537
1519 2052
2136 2657
2515 2418
87 458
2169 164
2538 866
2675 368
2553 2367
2451 54
2740 1534
1733 493
1238 988
2739 2544
2323 2385
1616 1785
2184 1414
648 2089
201 167
1957 648
357 427
785 348
1959 1550
192 860
2512 2371
512 480
940 281
1484 1209
492 606
273 2182
1605 20
1461 475
921 1975
837 177
1664 1495
977 2166
1215 2550
2054 2212
1146 269
579 1045
2209 2215
873 1408
473 180
2645 962
2379 1793
2690 1104
1646 283
1769 2592
2023 1363
2337 2216
139 2047
268 2360
1810 107
1803 1634
314 1288
2255 1280
681 1420
181 897
476 2572
360 503
355 2261
2664 2499
2394 1462
1965 159
836 2657
663 1646
198 82
358 892
1656 518
1924 176
1166 296
205 356
1400 1252
703 463
916 34
271 1917
27 766
1869 507
2446 2449
859 325
330 2338
1129 1585
1244 2633
1411 1138
616 1303
153 1115
141 2452
1507 430
382 2559
2259 537
2502 446
346 2477
2415 2171
1415 1360
1475 843
649 1083
2659 499
2187 311
390 719
541 1169
2300 1081
33 1047
1441 2473
1479 226
2088 1735
984 1342
904 1658
169 17
2689 2629
1711 1620
1152 2
2594 612
593 1446
1307 2465
1962 2439
2464 2074
1547 747
2383 2138
1505 1976
2467 982
1144 1658
2728 2115
1372 892
285 1589
602 713
550 1129
703 2655
1992 632
474 509
1051 1515
939 1768
195 2291
1630 1887
282 613
261 989
2 2263
817 564
180 1827
1115 2625
2557 2347
1351 1674
955 2032
1454 778
243 951
755 1105
1087 548
919 2057
656 1126
1823 757
264 2401
751 832
221 179
688 1446
965 1951
674 2603
417 718
2149 1365
2045 2775
463 343
1803 1386
2528 968
1238 713
1527 1431
690 1275
1189 2760
265 1819
1196 178
2247 2215
1802 88
706 2086
2704 2205
1649 122
1899 2442
1983 1920
492 19
2474 124
1448 2660
668 2212
1294 1158
2150 2279
1724 2382
1862 528
1781 505
1191 2676
3 864
2233 871
2411 1676
2184 1753
229 1478
1333 1691
2656 1071
2753 646
2256 2204
1311 2202
1522 658
1601 681
2459 235
1667 2175
986 343
515 1370
1666 50
1862 1187
1723 1968
2499 2036
1935 374
1387 324
701 596
1760 5
621 1308
1930 798
2326 190
1741 2599
1041 1496
2041 39
1513 540
2210 1865
329 880
1529 1806
1765 1325
1455 942
1105 2235
1767 577
1529 2654
1196 2723
1365 779
118 841
1177 2556
270 1333
2306 2272
1118 1856
2379 1852
1443 1553
917 1013
1846 1665
2224 1062
425 1993
1068 2021
698 1580
472 864
2119 1809
1815 2495
1256 921
386 1251
2588 406
640 1185
1035 241
55 640
1514 1580
1897 2008
549 2262
837 2640
2349 1151
1188 812
1068 1220
592 701
701 1593
226 1102
340 1560
1433 557
2568 356
197 40
1445 799
184 2543
1883 265
2782 1701
2449 652
39 2215
544 629
131 709
147 1706
71 2459
2070 1930
2055 801
2766 2412
811 1994
1277 1322
1523 379
2204 311
2696 27
35 1228
859 551
2736 1069
720 1014
2567 1712
2561 2182
336 1241
705 2546
1995 1998
1707 2444
1256 1317
1093 2192
2706 649
1998 1401
1619 1596
2669 2148
1541 1848
1910 706
2533 1019
695 1208
1098 2138
2419 10
2310 1063
2303 2127
2418 1486
472 1227
314 1947
2220 384
1760 797
2668 2410
686 1382
591 219
1191 2473
923 1579
2754 730
2217 708
1683 2596
1399 582
718 2735
2268 1537
312 901
2749 625
2783 1968
740 2058
1635 2243
2401 1430
2492 789
2508 2093
1332 364
512 2221
327 1753
1718 1952
824 1544
2223 1118
887 1638
930 1979
1946 2611
74 134
367 1908
465 1437
571 1381
1868 134
244 1423
2117 2777
2504 2425
1190 1295
2702 1203
1131 2
286 935
1831 948
2234 1647
2399 1280
1677 352
2138 2599
217 448
1170 985
1884 2681
2273 11
2136 1822
2688 1453
1496 2496
1726 2427
1924 599
1721 728
1885 2019
386 2302
1637 2362
172 1292
2509 1255
2719 1456
2162 608
1125 956
1833 471
2299 1752
2747 2482
746 1801
1311 2089
2638 2463
1240 1043
1898 165
1102 613
2604 729
1269 2676
1338 892
2089 1738
2240 2152
1419 1199
2597 708
2026 1137
1851 473
1968 262
1343 2215
2641 390
2334 2013
1231 1503
462 1777
323 2745
1462 1476
2237 769
2395 2434
1286 803
1151 2529
1085 1814
2682 1077
294 2637
114 501
1763 653
428 858
272 418
365 2272
2460 1151
1764 2442
1037 2097
2586 2566
2689 626
991 1654
1537 2770
1005 2024
1518 2068
1905 1878
2468 70
474 1447
1465 350
1441 1792
2186 1430
1936 554
1345 1824
1716 1109
614 2289
2004 778
327 2132
1685 1401
1163 1594
998 347
655 1317
2646 2246
1310 2137
1475 1740
1350 178
429 1421
2237 1598
2365 1958
1397 1686
1224 737
455 1367
2771 2429
1609 2404
90 443
543 2008
345 1878
123 1589
741 2532
476 424
1413 2551
1193 715
190 425
832 1683
2520 1291
529 2540
1254 540
1286 831
2406 1932
1002 2716
635 1878
1184 2043
675 1887
2559 2278
1398 1642
1562 1642
2074 1219
277 988
630 2515
2157 1788
613 1290
2242 2156
138 1476
1551 2374
2006 2625
352 1406
780 1806
395 2599
1259 1312
1095 979
1472 1537
344 523
2419 517
963 103
1957 80
2649 58
14 2276
2255 868
907 1920
492 2197
1554 1196
2551 1676
788 1127
43 2289
1610 1367
2478 991
2414 1752
2144 186
1615 13
106 2699
1562 1230
1532 2776
647 1224
643 2066
2752 995
1735 2459
545 2766
1661 1402
1001 189
1505 1898
1671 2724
1693 123
2122 241
1052 482
1559 905
1354 1667
1225 1925
105 1450
296 728
1828 1889
2525 488
900 272
1037 1881
1336 396
2435 1994
354 1070
2691 638
2736 2713
2643 349
1108 2652
572 1972
684 1020
2001 715
1731 2495
1694 449
1790 1414
2297 935
2501 2574
709 2624
2307 2445
458 420
1139 2024
2694 1301
151 13
737 1560
390 2202
1255 2187
631 866
472 2716
2605 288
897 1779
858 1109
1801 1561
1323 1315
299 2562
1359 1556
387 2125
2593 2142
2566 1706
2144 1696
2731 2206
2480 532
944 116
2699 1438
1711 1295
216 2114
810 1275
344 2748
1435 90
34 1441
679 1442
1913 1964
1552 2250
684 223
2351 2145
1894 2572
2758 1926
1156 2128
952 926
1492 925
2698 843
1668 1158
800 889
1348 365
2751 737
2732 2122
1794 798
1717 1139
402 2619
2510 2441
818 1742
2769 2142
1037 353
2031 2350
457 596
2156 477
2354 39
1968 1905
2727 426
377 427
49 2476
28 1498
1634 648
1797 1714
1528 1841
1621 1834
952 841
1584 2625
730 2024
1162 2263
579 1071
1087 641
1773 2025
2709 1879
1264 644
7 1216
2002 1647
2711 840
240 1025
2368 1322
168 2562
527 2484
200 2022
2102 2471
2460 469
1331 1591
321 1898
460 1930
1636 1217
142 846
67 1220
1636 1689
1708 61
265 1471
1434 2558
1124 561
547 2226
1267 1472
718 2517
2628 1318
640 1979
943 622
239 457
2712 1696
913 2139
2584 2221
978 648
2026 578
2307 424
1065 1103
2006 97
2087 2291
521 2495
2406 1786
963 182
1417 454
1014 1770
556 2455
1280 1101
1637 1245
850 658
306 608
2558 520
2776 1014
1833 2737
440 585
1194 155
54 1737
1114 1912
1488 1255
511 1430
1685 728
406 1443
1544 1067
1467 660
2093 313
424 407
1277 1468
997 2269
2729 2487
975 2714
376 1318
2468 519
272 2107
313 2028
1261 477
2544 1647
1521 1200
2418 1510
792 582
91 2578
2515 2430
730 517
1194 613
2771 1408
1610 1531
2153 2151
654 2748
1892 2550
1130 1929
2645 2025
379 199
2461 415
2218 167
99 955
477 2261
399 2337
977 1
1933 601
72 2127
2035 1068
1080 526
75 565
2577 1970
365 2290
1195 629
759 1722
2146 1908
2392 1968
44 1343
212 1751
815 1957
2324 868
2667 676
951 189
1029 594
2415 1256
122 1514
1057 2429
552 80
284 1676
1416 684
301 2081
946 1841
320 297
2681 2214
2232 22
999 57
1744 423
1713 894
1621 1414
698 580
2005 2670
1539 2366
388 764
2236 412
101 1489
2317 877
108 1923
1440 2278
2142 1017
742 1779
1199 901
1452 2175
225 2031
459 1236
1792 1023
1610 2050
795 280
1090 1957
92 1335
1711 451
32 1839
1953 522
2713 356
87 171
1341 989
679 2227
2409 1866
1049 1529
1989 1422
62 880
32 150
2469 2
1666 653
1054 1436
1604 2184
112 1943
1879 1654
803 1900
361 972
1628 2016
236 1771
1202 58
1046 424
2560 1112
1034 2725
451 1520
2106 1886
2696 1795
1295 2348
2703 138
2395 743
2184 2398
231 1396
2195 2639
400 284
1546 2083
2686 2583
1146 1925
176 11
375 1297
222 1437
183 1062
1588 2144
2693 521
1084 2406
980 2455
1708 1573
150 2778
37 784
1285 972
140 58
1221 1724
435 2648
1150 752
886 1182
922 97
1766 2016
920 1833
2254 873
1740 1852
1617 2342
691 2456
1106 340
2727 1808
1974 552
372 1568
715 7
493 737
1042 251
341 1110
2312 804
438 2127
1498 293
3 409
1058 2392
1117 1733
2727 397
692 2028
349 1117
2033 2702
111 2290
192 1414
993 2644
635 520
1334 2553
934 1050
2743 1146
953 1738
1008 1931
247 1641
69 1535
54 1875
897 2014
1180 1367
1648 1281
2662 1114
450 604
2182 2164
2705 408
2188 39
2483 1524
389 1153
1072 313
1582 1234
1727 178
727 2581
744 2782
758 2600
2133 74
875 1478
81 2360
203 2492
359 832
1189 1624
2580 648
1135 834
65 1808
2061 1576
1639 1572
907 2538
2568 1175
2667 398
1742 34
829 736
1869 2039
1672 1504
140 2587
110 809
292 33
1928 78
786 1720
128 961
2668 1537
905 987
2697 2524
1245 586
2048 248
799 2498
2513 2317
1200 134
105 336
2773 1898
825 953
2665 207
2164 2599
16 785
1625 1075
1080 942
2047 254
1113 2413
401 2244
2651 774
1068 869
2174 1219
453 2518
151 2543
1246 213
1202 2052
163 712
15 195
960 2092
1307 2344
259 1808
1229 1088
2245 1846
1235 1357
1885 2167
942 1816
411 683
2405 1163
1242 2037
2485 1079
2212 2518
2385 2771
459 643
183 2369
2118 364
1377 1477
50 1093
1856 1350
2277 2474
415 2592
2553 1331
2732 47
2019 981
805 263
232 33
411 2385
952 1425
447 1658
502 766
1017 790
1858 2289
914 1724
2358 348
929 1039
2684 2679
1801 2707
1568 2058
963 383
1196 535
284 1212
1988 1487
495 669
85 1991
1205 2437
94 2379
2600 2101
1864 1860
963 1908
2685 487
2405 1542
1949 1303
815 2520
33 901
1411 1291
2701 2517
909 2184
830 1180
707 1287
2250 862
1719 1142
1512 1575
678 2319
2617 2058
2775 2215
1686 1274
2241 831
2044 849
627 1060
1716 1303
2200 996
2256 2448
504 1403
1380 2298
1356 2399
673 58
1997 2598
2408 1535
289 664
2741 727
1509 1020
2496 1706
1863 1376
2317 2390
915 2456
790 2666
2300 156
1052 1287
1853 1185
1569 2064
2670 1573
539 1874
1719 1048
2485 210
51 1209
1840 2470
1122 550
340 710
2671 165
1571 1094
1780 827
1673 1480
2262 2157
1619 2499
208 1542
650 449
694 1672
2579 295
857 260
1886 1741
2442 1661
2391 2465
2466 2425
567 2187
477 2477
2143 376
2616 652
545 1100
6 1088
1581 2606
342 2030
585 2173
2490 2241
754 157
1638 2473
2784 1886
1819 1753
1969 2610
1320 674
682 2518
1259 2683
2675 1305
1375 1665
1008 2733
1939 1633
2377 51
246 2440
46 1624
2760 1808
2032 729
973 1560
197 1923
2239 1995
1367 1670
304 1948
2358 868
1575 648
1772 522
1647 233
473 776
2513 2163
2543 2148
1417 1310
2756 1737
14 2078
27 165
578 408
1782 587
937 1253
336 1207
1413 1442
1042 563
1474 1567
923 640
2415 1500
618 1576
974 804
2537 2147
1145 2590
1794 707
1291 593
817 2339
2032 672
2353 1495
394 1109
444 357
874 2600
2333 881
1900 2025
2579 378
272 2610
279 2663
2091 24
514 1780
1590 647
1206 2655
2734 1943
250 2033
447 1691
415 2777
399 693
1282 285
2355 1425
1676 1460
1100 152
1939 567
341 2527
562 1261
1873 1804
127 2498
996 1520
36 223
1935 557
2433 1535
2217 2080
897 2618
396 1825
2340 1185
254 336
1524 921
1198 1854
2549 182
2585 1296
2719 541
1823
2133
654
758
1298
1775
2483
326
1749
2185
705
2546
304
1482
863
924
2488
2065
575
2355
2769
1612
2271
2280
98
723
2768
1997
321
878
1745
1195
780
1321
2422
1645
491
2321
261
1341
989
1907
2539
616
1509
1673
1190
1480
2252
1007
2722
845
375
1787
1555
1297
2717
1378
450
1609
604
1375
844
2292
2689
1649
950
626
686
2117
441
670
1259
2519
2683
174
464
111
1992
632
838
142
685
2613
2686
2583
1836
1130
1929
2759
2542
1623
2594
315
2500
335
2505
1502
1587
2783
2696
1795
1746
2706
1883
2785
2232
22
1942
574
2416
571
1603
651
456
212
1751
891
362
2040
697
1304
417
2561
974
1604
2395
2434
743
851
1194
79
232
1391
993
2549
246
2415
1500
1941
2171
2387
438
1141
330
2461
1888
2338
2489
497
1352
957
2198
1059
1732
1073
367
949
91
2578
1539
1532
1484
2366
2533
32
1839
1728
1494
1546
1882
2083
1024
2424
1369
986
323
2745
2728
405
1461
2251
255
1031
556
1497
2685
460
1300
4
1974
1066
1320
674
2311
385
1835
1845
786
2718
485
1032
966
275
153
2731
623
386
1713
1895
2436
294
1600
1562
1213
1230
94
997
184
2335
2356
1444
1306
765
756
87
628
458
420
916
859
325
793
1909
763
2248
1099
2210
1490
791
842
1708
61
2451
81
1065
1767
2077
933
2405
228
1163
639
857
260
1894
963
383
43
1237
1681
2677
139
200
650
1334
2553
2462
1183
1880
1492
1260
1606
1122
2328
1704
1351
1346
238
2277
2120
2605
38
822
1108
2652
288
2680
1963
656
1559
753
2598
1694
1547
747
197
2700
56
847
2472
910
2230
422
1783
231
576
1396
2051
62
1428
2069
722
2703
2005
2124
1326
1440
29
1125
956
2231
14
2552
432
2078
113
1323
146
694
2110
1239
1388
2493
411
683
244
618
2061
1576
1959
1143
807
1003
112
1166
1336
396
2661
1825
1955
1672
1679
1530
1504
874
1533
2094
932
2203
1177
2286
2556
1107
749
2609
1512
2191
611
428
725
772
1550
746
2571
393
1651
2195
2730
2629
2485
2153
210
1299
2151
1960
663
300
415
750
512
1549
983
2608
2528
767
2688
1453
479
2675
1305
2548
218
602
2743
1921
1985
667
221
1594
1171
1417
751
454
2225
316
46
1145
2590
1646
283
480
289
664
745
506
1508
1076
2653
2637
344
2748
2282
2373
1682
1463
700
549
138
2245
894
401
1433
1330
2244
492
606
1058
2197
2486
96
806
1409
1507
1029
594
214
1269
2497
1583
1002
1595
2708
2090
329
1891
2420
1434
880
2276
135
1244
21
1427
2668
1989
1698
1700
1961
1422
678
2319
2564
590
2146
1908
2234
431
2396
1799
1201
2323
2183
2507
1873
1804
1736
627
572
1762
828
1899
2667
1348
2682
169
675
1715
398
1238
2779
2691
2453
1074
638
2336
1395
1635
1781
1521
2243
689
1592
1385
2104
23
848
1817
655
181
1540
1956
897
2014
2618
925
680
621
1022
1308
2136
1822
388
2784
1892
2656
2774
1662
1361
1988
630
1250
101
1464
1027
2753
2257
2240
646
906
637
128
1019
267
2673
2504
609
2466
2425
2178
1861
331
1473
2239
510
2521
1015
583
787
1913
59
761
194
1387
569
2180
324
1800
2742
1846
1665
266
175
2034
2741
1815
498
40
1206
227
1652
1327
1397
1355
861
2622
2334
2639
2268
403
1744
423
276
2316
568
2501
534
1536
2643
1631
270
2217
2080
341
1110
1026
734
149
217
2697
1359
852
2591
1709
459
1236
2071
368
1493
2055
801
918
1764
1054
1436
2674
2765
2746
2458
2719
1456
1552
2503
679
2227
467
2491
1159
649
1616
1083
12
1785
455
2577
203
1865
1674
2189
2417
2567
1712
2313
815
727
1172
2756
2508
677
636
661
337
349
2283
2242
2002
466
600
2509
2593
2555
2389
1030
301
278
2081
2701
440
1147
2060
292
1215
1103
305
16
496
938
2059
770
1627
990
1362
976
2515
2430
1218
1684
876
1319
2023
1135
2523
2343
900
99
2099
126
1523
131
1607
1415
141
1605
920
2331
781
2758
796
2269
110
53
365
2290
2162
2306
1358
2272
1018
2267
1079
912
809
2607
2524
2001
2692
106
1763
162
2377
208
2407
2262
1262
2359
2570
2651
2603
1526
2100
470
2149
2732
47
2140
1969
109
1168
2516
2447
1465
350
2022
15
771
1671
2288
2724
704
2361
666
448
1519
1663
2310
1611
2635
1657
886
733
136
1488
1794
944
975
2375
1316
2714
287
659
1636
1689
1217
2150
2279
858
2299
597
759
1948
2414
1286
2352
1271
1086
400
992
2560
2029
817
2339
564
1610
1697
2050
1531
2165
1198
899
633
1061
2628
1965
1902
1006
170
2111
159
2580
2179
2351
2145
2421
2305
546
2085
1225
936
2284
1191
2676
1483
1112
1554
707
904
2510
2088
114
2048
768
248
2761
1725
792
735
9
1338
1407
3
1719
277
205
1048
1590
2274
1283
543
1284
2734
2579
378
295
37
2397
2744
1060
1479
35
2698
2740
1534
245
2630
2391
68
513
259
225
416
1037
884
353
2097
1211
1349
1984
1950
472
1227
864
2638
2063
1267
2357
2764
1197
2346
1967
1630
1451
1887
1148
143
1659
615
837
2640
1924
599
870
1347
2773
888
803
718
2517
2735
2475
1653
774
2320
662
1980
2545
1765
829
442
1345
2168
1650
2075
1977
1824
361
319
2302
671
410
302
929
1423
1179
716
2749
1302
625
1307
2344
2340
1034
2725
2011
1703
1896
2193
84
226
71
133
1867
1235
268
2360
1063
419
2479
1085
1851
1814
1757
1581
120
2606
1340
1263
2318
1954
1869
507
2300
808
1081
2460
469
177
52
1251
2662
2716
1117
328
1383
1810
1575
1095
1655
107
885
1364
2658
1156
2128
327
2132
2400
617
118
2646
1123
2246
635
2527
1016
542
2365
1485
2119
1809
1146
269
1760
5
1601
726
1919
150
818
1791
66
504
1742
1613
183
2224
2672
1062
333
2220
516
2249
384
1862
1187
1357
26
298
835
1240
2253
999
57
1222
2170
1266
55
742
2641
2222
1312
2563
195
1582
994
2053
1077
1309
317
720
570
2325
1938
314
1288
474
2238
509
813
1328
2385
2073
1315
541
1169
1257
239
1556
2134
2312
1356
2254
2530
545
559
834
2766
2412
1113
1310
1447
2137
1114
1912
354
738
800
1449
889
1248
1828
1889
2315
2118
1864
1860
1632
784
1599
1246
224
1277
1468
1935
374
1115
41
2369
216
1637
2727
426
1173
1176
755
1105
2235
760
1353
2109
673
206
256
1082
494
1885
1699
1344
2167
1936
1157
732
465
2684
941
748
2403
2632
2026
1137
923
1579
508
196
2067
481
887
1721
1040
1164
782
166
2526
998
1481
2711
355
2550
414
2159
2386
665
1270
2157
429
1788
1421
2432
372
2442
614
505
1445
2260
2534
547
249
2123
284
1212
1978
2285
1192
1829
2039
2402
592
1840
558
1518
736
250
2010
2042
1200
85
17
2463
1798
115
1769
2592
1404
72
1790
1871
145
642
2558
2017
931
840
2142
1759
1196
2723
535
788
1127
1818
914
2206
619
2693
961
1597
1457
1234
204
1692
1087
2362
548
397
898
557
1381
1475
1669
1716
843
515
1370
1571
1094
2565
1987
1411
1542
1710
1138
2012
1857
209
1622
903
2333
2018
1735
1853
240
1025
1999
127
2341
2047
2452
890
960
1831
948
589
530
461
2584
2194
1247
872
1033
1467
1400
1252
1170
958
282
641
2121
74
531
2597
708
2035
1272
2752
995
1826
1726
1080
2020
907
1983
1920
2155
1628
811
1558
445
1363
2096
1578
20
2135
1102
955
613
1290
322
927
2581
1614
1625
2070
252
1930
798
1294
585
1608
1758
881
2032
1165
1017
1766
672
2747
2482
495
2454
45
1379
28
1205
2427
2314
1119
2522
640
1185
2631
1011
2437
1051
2699
1438
382
2771
2384
846
529
1214
2540
117
943
2720
213
2428
605
1971
2095
2082
1044
2729
2487
2076
1454
119
2004
1499
105
1450
2738
882
2589
1221
2173
1565
1435
243
1747
359
832
1779
1661
1121
2694
1991
1602
1301
483
1009
1548
1091
2295
90
1373
2304
202
2506
30
265
731
1819
1958
2573
2161
579
1045
2392
2091
951
1914
1748
2046
1944
1293
1996
2574
905
987
179
1934
802
191
320
297
1981
2381
2154
2307
2445
2443
2438
2512
161
308
309
1055
144
2056
523
2141
1995
879
1202
2052
1136
222
2776
1972
980
2467
2455
591
219
1782
814
2062
587
584
940
363
2281
83
607
2588
406
645
1084
2687
332
2103
713
271
2600
234
2353
76
2388
856
1668
1664
1418
1893
714
2033
2702
1203
125
1124
215
2678
1429
2636
2327
2098
873
1408
1232
1563
402
554
799
2498
1416
1501
1000
2186
1675
49
2644
2781
816
2481
2538
1910
853
2223
1489
435
2664
1543
709
2695
2624
247
2131
865
2200
1182
338
342
2772
1140
668
1149
1541
1962
1004
1566
785
433
484
1727
229
2767
1717
1644
1264
644
2102
1028
2471
1666
653
100
968
1854
1466
2297
75
380
1639
2115
1243
1226
2228
514
2575
64
1515
1491
2514
1377
527
51
2484
1209
1678
2617
1403
1188
1390
839
1842
812
825
1133
1498
293
2226
1690
703
913
1877
475
1471
2072
824
1949
1382
211
2655
695
1837
2757
744
2782
724
1701
2177
264
1384
1139
643
1118
836
437
624
1937
291
452
421
1702
1419
979
551
1258
2349
2092
1729
1973
526
669
1333
1868
134
2009
2345
741
1392
1131
193
463
566
1072
706
2143
2704
2205
1041
1680
307
2287
1126
1439
2152
883
1189
1624
740
2108
1152
2721
1568
2058
1092
952
926
841
524
1844
2031
520
272
418
2107
1231
1811
1911
2019
1046
981
2266
1282
2559
1368
970
984
192
860
2367
63
1966
701
1593
1687
457
596
895
917
108
1923
399
2337
1928
2665
2576
285
577
795
280
1096
754
2627
1723
1990
1570
1474
1939
1633
1337
1621
1021
1812
538
2610
2379
1686
1331
2322
1591
1167
1329
171
1496
2207
1843
2496
299
476
424
407
909
1640
1618
2293
1947
1859
286
544
2372
1012
702
1265
2221
1506
404
757
1174
1833
2737
471
1452
2174
1314
1793
468
449
2520
394
1109
693
682
389
1153
273
60
187
89
539
1874
2480
2431
532
2296
805
657
1325
1876
971
2160
1437
1946
1432
1001
1584
443
2049
1986
1426
2601
116
855
1683
104
699
2439
985
1754
2435
2169
1695
2611
1557
1527
2620
896
130
1511
1856
2536
2368
2604
1994
1008
2459
1931
235
1801
2707
794
959
1154
2066
603
1193
1915
2208
2690
54
1875
370
274
2122
553
2013
1332
1813
1567
2657
2216
2619
1677
155
1724
2364
339
528
1245
391
1789
1278
561
1617
1918
915
2342
198
1178
2513
2163
1970
937
1039
430
967
236
36
2139
2084
1629
2199
2079
1516
2184
1414
2670
2398
1903
2733
2649
2557
1374
911
1643
31
157
1161
1233
676
2309
1513
2027
1927
207
687
2596
819
1849
2250
862
2406
854
2176
2669
1322
1572
163
712
1068
2021
154
2101
660
1204
2068
930
1979
2494
1731
1455
634
934
1050
1470
2642
977
2166
2621
281
511
935
2754
2181
1398
290
2256
2448
1160
1144
1459
2780
2383
77
1116
945
2218
739
1181
1155
1803
2190
1386
2172
2419
1339
10
1707
387
2125
2586
373
490
158
160
1778
1106
691
2456
1350
178
93
156
2760
982
684
850
1020
586
1863
804
1756
1049
2554
379
1933
601
893
409
2535
172
1802
1901
103
444
140
58
1132
1750
296
2418
1078
2105
1925
1577
263
1413
223
1442
1402
1739
2537
2301
2478
182
1313
122
1693
1043
1872
2492
1638
1737
2016
820
721
711
2317
1917
395
25
877
717
1424
533
1
1780
827
2112
2294
151
1834
2543
1458
764
2148
2324
2602
1522
658
715
1056
1784
486
7
377
1216
1256
1317
34
1242
2378
2413
2380
1151
392
2470
1052
482
2201
1142
2370
789
343
902
1786
2247
2511
1042
988
251
1771
563
1722
2329
1641
2465
1510
310
489
2114
2332
501
2258
1615
13
1897
121
357
427
1210
436
2614
2659
2303
2572
499
2003
2106
1410
1711
996
1620
451
352
629
1520
565
2450
1588
2265
1926
1505
1772
1399
1953
1976
1486
522
777
2116
258
2363
2423
598
2390
1291
730
1005
376
2024
2710
1295
2348
688
360
19
1774
1071
2623
1734
521
1529
1806
2196
2654
1832
2211
478
148
2777
2739
390
1932
719
2736
2551
1477
593
581
366
620
2237
65
769
2326
1013
346
2763
69
168
279
2562
473
1720
776
2532
1405
1752
1850
2595
369
1111
2464
1733
2490
503
550
2182
1104
1255
1517
973
2474
1524
1544
1229
567
1446
1808
681
1420
2647
358
2525
2615
73
2044
1598
849
42
2408
2778
1514
1089
1586
1870
2233
562
2426
1805
50
2219
2544
947
488
1807
2330
2358
2751
348
1254
1070
2709
578
1199
1431
1448
1943
2376
1982
1545
2762
1755
540
1469
797
2382
2440
1134
351
2446
1660
2041
1761
2074
573
1038
1904
2468
519
1069
2394
2712
2278
1228
371
1365
779
190
1495
132
871
1057
2209
2429
1998
2270
1538
2634
2648
1010
173
1855
189
1249
1093
2645
962
439
82
1075
1487
1773
1740
1852
1150
2030
830
1472
2204
1285
1685
1208
728
2409
1223
2410
1730
33
254
2650
381
1047
1366
775
1067
698
2411
580
2037
2541
2087
1528
2401
318
946
1380
95
2158
1360
2444
1303
1848
502
1838
1097
493
1268
1968
262
2582
44
1830
833
1100
1287
517
1866
2054
2187
311
560
1186
2715
2007
78
826
1580
1441
2473
2147
2130
875
2750
124
2433
2633
1820
425
1993
2156
2626
1276
1676
1098
1821
647
2093
2144
1916
67
2045
954
129
2404
462
1777
2113
1376
1412
2212
921
185
2612
1158
1945
1881
1858
1318
2566
92
147
778
1706
336
1241
1879
2705
1940
408
919
1273
1905
1389
1184
942
1816
1289
176
1460
2679
2393
1224
1975
752
2371
1035
1342
1626
536
241
1886
2476
2015
303
2086
1797
969
1714
1354
1036
610
1642
1619
1596
991
1561
869
2495
2502
928
1425
413
696
1462
1476
2499
2038
1841
1551
2374
199
1014
1406
972
102
2531
1274
88
1219
164
1964
1279
612
690
1792
188
2569
2213
2529
1443
2273
1741
737
347
237
2755
1884
1776
1261
922
306
186
220
1393
608
446
1537
555
2449
2616
652
2726
1525
810
1688
2547
1569
1553
525
2064
1372
892
821
2568
1175
201
167
2291
2441
500
1220
1371
1705
2229
2775
1090
729
1503
1180
2127
1906
1430
1292
1535
1335
1129
1128
2469
1574
2036
1253
230
313
1324
2006
97
137
1718
631
334
866
2625
477
24
2261
2477
1367
1670
1401
783
2713
1656
518
965
487
2126
2236
412
1053
1796
867
2587
1667
2192
152
2264
1898
2660
1952
1696
253
908
1275
1654
2457
773
2770
356
1647
939
1648
1900
123
233
1743
964
2298
242
1922
345
953
2043
48
1957
552
447
1691
80
1162
1878
453
2350
70
2399
2585
1207
1296
86
1564
2259
1753
1478
692
1658
2129
2175
434
2347
27
766
1311
1951
2202
340
1560
1770
595
2663
1589
1573
2008
1394
2255
537
582
868
364
257
2671
1064
2241
1343
11
1890
2518
1847
1281
2289
312
588
901
2057
2025
2275
1120
8
2028
790
18
2681
2308
2214
978
2
762
2188
2138
823
180
1827
2164
6
1634
1280
2263
2354
648
1585
2666
1023
710
622
165
831
1768
2599
39
1088
2215
2000
2089
1101
1738
