81 153
66 62
25 24
25 74
30 11
80 43
44 64
1 32
51 40
62 5
45 10
6 22
27 48
13 28
81 25
54 20
7 43
79 2
29 62
20 76
2 77
71 20
61 23
8 35
42 63
71 29
68 59
22 40
67 33
67 15
41 36
33 21
63 32
43 32
59 49
25 72
72 64
58 16
8 39
27 33
65 67
20 16
17 77
17 22
7 26
78 64
35 62
9 70
73 76
37 20
30 8
20 10
61 75
63 5
70 42
55 56
4 51
4 74
6 34
73 80
30 8
6 4
49 77
50 12
20 32
15 5
60 68
81 1
14 15
34 19
68 56
50 28
3 25
75 49
67 75
37 28
1 24
79 27
17 68
47 67
13 7
50 9
27 15
25 71
22 42
56 5
64 63
37 66
11 49
61 40
41 19
81 60
79 21
51 70
34 30
34 25
24 8
30 21
58 57
74 63
79 38
61 49
81 33
78 50
49 77
68 77
52 11
7 40
73 51
45 36
1 3
64 4
28 32
64 43
22 39
9 40
12 63
34 20
80 74
16 57
66 23
17 67
12 40
45 76
69 14
13 35
50 49
10 56
24 5
48 32
51 15
22 62
13 7
18 68
32 77
38 59
30 33
36 75
24 27
37 68
35 41
39 68
79 44
27 40
50 7
31 72
22 53
16 51
34 1
64 76
29 16
57 61
46 63
65 41
6
34
17
54
78
50
37
81
18
65
1
3
25
24
60
12
30
52
11
79
38
71
47
29
46
8
69
31
13
35
73
20
80
9
27
48
58
55
41
19
16
57
44
45
36
7
14
26
66
61
72
23
64
76
22
67
39
33
53
21
4
74
10
51
40
28
15
70
68
59
75
56
62
42
63
5
43
2
49
32
77
