64 128
22 51
41 14
27 63
55 11
33 53
23 6
58 49
3 50
41 34
51 13
22 33
23 4
61 59
24 40
61 46
34 38
45 60
38 25
6 2
62 15
22 58
60 54
40 22
1 64
30 51
24 22
48 24
7 58
28 29
44 63
40 2
31 13
46 28
36 52
61 42
23 33
41 57
9 13
6 41
6 60
43 50
16 28
62 14
15 28
60 3
37 22
64 33
6 44
12 49
48 56
42 36
24 40
10 53
57 53
13 25
54 8
1 58
57 25
10 22
13 49
5 21
18 16
33 59
31 9
1 24
5 16
34 13
58 9
17 25
8 9
2 28
54 56
53 13
62 43
44 19
1 32
56 34
24 30
15 57
1 51
16 63
18 41
24 53
51 8
31 36
44 41
60 31
36 49
23 21
7 64
37 14
61 28
46 27
38 50
19 59
43 33
15 33
39 8
2 26
29 49
21 54
38 49
6 49
55 38
55 51
1 23
10 15
4 56
20 64
52 14
20 3
13 59
15 2
57 50
26 63
47 33
17 3
18 38
15 5
51 56
44 21
5 58
44 18
22 41
60 13
45 31
16 53
33 35
12
47
48
1
24
40
32
61
46
42
23
6
44
20
17
10
62
43
18
15
2
26
5
16
30
27
63
39
7
64
37
45
60
31
3
19
21
36
52
28
22
54
41
57
55
11
14
51
58
8
4
9
56
34
29
33
35
53
38
50
13
59
25
49
