1315 1790
133 1079
1224 567
138 1205
817 688
932 90
462 561
656 877
207 473
218 416
773 1074
1166 452
357 480
1288 1050
912 236
65 631
280 713
1123 1102
1053 206
998 905
716 696
309 1007
574 214
1258 1089
1052 705
45 540
25 874
504 350
477 994
1078 505
658 526
1025 519
873 485
790 859
532 1250
1205 360
1197 1089
391 1164
219 1040
201 1307
76 576
1146 539
726 1183
987 1087
1015 1008
476 917
691 961
1242 1083
655 898
587 890
130 1040
310 741
231 523
880 415
427 1077
678 549
609 325
55 711
873 1021
380 38
792 727
985 1298
1257 24
143 166
708 1114
972 801
647 540
853 1079
1139 376
81 494
277 1046
328 381
992 1297
833 1046
306 582
1136 863
841 799
562 785
1163 35
1119 637
1232 863
747 1156
548 916
1296 188
1219 137
661 147
1291 514
97 570
498 464
1306 961
1267 309
1171 119
115 911
566 1103
1209 426
1239 1313
25 186
940 841
1278 541
957 823
825 561
689 1186
1151 681
969 409
384 891
701 808
443 866
553 64
411 681
370 125
193 643
1232 430
193 100
1158 478
542 431
425 159
105 826
1068 779
697 851
124 830
507 658
90 278
10 1055
846 450
1021 319
787 1241
33 319
336 978
298 724
1059 1140
481 315
134 541
176 817
270 885
1232 672
485 637
952 389
928 202
543 1231
26 1233
418 564
398 768
399 555
322 1049
1300 1210
192 862
876 485
1310 739
551 632
1216 216
256 219
683 992
1163 1171
1225 1308
721 1149
675 1145
651 447
570 215
221 115
161 998
1141 684
1075 338
441 1217
515 52
1012 786
513 438
1270 858
1081 1285
764 842
1027 475
1080 117
157 772
1236 909
209 463
1084 368
76 1267
778 996
973 1200
272 587
717 92
936 151
526 577
161 593
16 57
669 15
106 348
997 368
145 344
452 1106
422 255
565 532
753 1160
26 540
161 828
367 1200
913 7
1 1252
304 381
415 890
173 818
150 1229
400 503
501 576
131 188
800 518
1006 690
391 1297
409 1060
87 518
228 1037
841 856
265 769
970 857
853 993
1207 829
305 982
870 389
1207 244
860 19
102 512
379 759
596 29
13 580
1194 129
559 744
247 92
246 1115
1305 405
502 238
1019 778
391 1205
1247 687
536 752
326 1276
857 266
319 375
273 672
445 859
319 875
992 321
244 127
999 1035
139 954
364 54
356 631
1235 868
130 1067
461 1150
1018 502
352 1034
1271 1261
244 7
616 643
1087 1100
101 921
415 791
700 1211
489 1033
404 119
177 1276
1232 459
1141 763
112 511
62 451
362 979
777 561
940 993
585 843
1267 9
550 1056
501 851
751 252
494 284
696 1159
299 726
704 561
455 484
874 619
908 558
893 461
203 948
1227 534
455 286
983 1042
323 789
561 690
882 410
53 937
1160 1229
560 1043
119 65
556 460
254 978
1192 492
1092 1226
490 557
1171 380
1280 681
979 1147
462 412
730 172
1217 72
175 159
685 129
869 1272
759 1062
743 317
1210 1091
861 1137
340 488
792 60
756 1243
958 1263
775 867
470 919
963 1107
906 100
555 819
676 1117
34 1076
93 1218
611 1160
163 320
26 517
1265 1015
167 724
595 913
702 980
113 1149
249 300
964 1177
827 141
497 207
301 789
866 1111
822 776
86 20
593 149
905 368
401 492
693 767
783 847
38 229
815 59
15 417
837 1204
1213 1252
53 899
323 794
144 1108
469 1117
574 461
431 137
156 901
965 206
531 377
943 990
1259 806
1060 681
264 1004
991 7
76 1129
833 365
510 1252
221 65
1244 629
223 684
1160 645
53 950
883 1026
27 70
275 778
640 649
234 193
636 1140
1020 1241
981 924
363 1090
354 1041
1023 417
468 487
846 843
1314 199
245 1023
278 175
516 130
788 1240
441 127
231 5
645 93
651 1228
989 853
551 591
146 736
588 479
1273 842
234 539
1284 1280
1158 404
106 1234
770 715
60 108
217 442
457 316
184 28
932 880
477 737
288 870
1058 1314
584 313
598 994
387 29
63 980
419 1108
31 254
1223 1234
823 456
9 655
122 217
1132 395
1148 995
1012 1071
34 637
1114 394
746 9
525 867
923 483
629 696
679 438
1064 319
600 448
870 1224
261 72
299 235
1022 1117
581 1111
1254 264
465 573
917 127
1036 1029
888 561
98 775
425 315
49 549
382 958
1219 1245
955 994
130 986
230 1159
1289 2
908 108
454 993
474 396
975 271
884 769
76 1072
1291 1193
164 483
302 771
873 596
896 884
599 2
1044 129
960 96
382 129
823 951
40 577
347 613
838 662
908 653
357 234
953 159
674 1215
926 1280
925 549
377 576
369 534
500 1040
1119 530
1202 311
949 48
436 679
813 424
244 786
917 798
1259 803
1312 454
317 186
505 471
24 835
662 705
1101 238
651 22
90 999
1291 1126
124 20
398 1061
407 1109
176 287
717 155
177 615
142 265
885 1221
1127 1088
1166 135
214 396
739 1275
1086 1074
321 282
468 1068
44 1255
626 1250
1245 460
959 1008
597 1030
204 482
750 1014
285 963
27 512
652 368
202 773
881 711
339 662
1276 485
109 103
1207 544
263 980
397 724
605 442
466 1072
577 28
633 46
871 405
1143 532
52 1067
872 795
1126 955
952 69
357 422
125 3
293 834
413 1040
694 1109
754 1
72 1304
132 1048
615 466
1217 439
709 831
1260 242
911 1304
283 672
1252 1256
420 890
272 746
695 860
254 1310
1063 906
1169 317
1279 576
82 692
600 523
937 763
830 1072
568 653
585 344
468 329
1276 567
794 238
503 863
338 398
182 1049
493 1006
1140 508
456 1235
450 503
386 1280
648 1054
901 967
329 1215
441 728
48 1010
1189 315
593 910
590 777
713 251
216 1117
537 1241
790 618
445 1079
1273 693
377 255
946 630
564 938
641 1221
411 738
592 801
1209 860
77 21
248 1136
679 807
430 63
794 1023
543 552
752 1066
565 1001
1033 1250
390 604
517 928
1279 84
785 149
907 285
879 68
64 945
732 61
540 283
314 675
156 701
1204 278
77 466
306 258
830 604
56 354
454 201
801 500
181 1155
342 504
147 268
1141 971
302 1243
941 91
830 1211
481 655
887 1273
399 572
1123 1057
394 842
839 872
790 200
1285 320
134 1040
500 1083
1227 1174
814 851
210 19
1025 7
171 1054
285 64
706 1072
1138 524
233 303
974 1017
58 481
1045 1046
113 395
319 118
211 1026
1212 944
680 793
82 1184
752 973
679 318
1203 1222
647 149
943 607
385 108
749 518
1090 28
279 451
770 1246
705 775
811 720
1141 316
332 847
18 1014
1019 431
766 505
1121 111
1234 410
105 226
530 579
1046 945
686 1164
1198 634
972 674
1078 119
951 682
688 1194
477 465
691 1292
1107 100
1020 369
431 472
845 999
648 1092
99 807
939 966
854 1255
572 190
122 735
874 6
62 443
456 573
617 593
680 1189
243 1071
1206 160
1132 599
1235 819
996 853
1253 405
646 324
144 211
1009 183
653 804
185 604
423 455
478 856
1110 376
945 1010
109 1231
480 775
606 591
254 712
719 1159
976 403
147 630
84 625
1293 694
1005 591
42 1026
839 627
396 250
969 43
668 1000
205 1010
1075 473
428 17
438 251
854 628
1127 230
608 523
1250 643
751 639
703 929
50 1136
665 17
443 435
509 417
274 680
51 716
933 1242
613 50
1231 1029
1266 366
1170 791
1257 681
861 1296
814 309
697 89
913 1120
240 13
389 57
921 375
193 672
1269 378
599 519
721 621
445 95
968 1037
827 317
220 390
864 830
472 890
43 206
994 1074
236 961
457 644
268 1305
233 882
1099 1240
1098 268
1115 1072
1279 1243
821 262
14 129
442 1066
1202 1152
977 702
1016 881
232 614
62 2
1270 1151
80 233
257 210
308 533
1179 116
552 775
406 490
509 140
552 1214
148 536
608 481
93 1106
467 1026
535 23
609 1077
1165 509
92 1040
1143 1252
590 311
401 1091
1261 21
1039 334
284 707
36 904
873 361
264 549
998 967
512 951
208 355
943 1058
974 214
1198 170
624 670
1116 210
553 1000
384 266
1208 371
96 1090
649 1127
781 525
1288 903
202 829
152 413
624 1262
902 687
711 188
398 1307
852 714
36 882
657 739
171 786
736 200
179 1304
404 766
740 1301
178 1314
88 659
774 368
388 1284
1237 558
1047 133
628 1159
575 230
376 1276
499 313
688 1199
217 848
194 673
177 1117
408 1292
1315 147
1133 23
198 745
929 523
869 7
1163 542
936 1145
614 10
1064 669
447 676
913 89
433 1210
855 665
435 643
761 1070
246 440
845 505
200 731
402 260
1124 750
985 317
650 317
269 827
548 1151
539 1167
956 59
10 277
742 1305
1064 473
261 438
470 125
734 440
1217 1282
39 1181
525 38
711 695
761 714
484 215
126 546
593 390
499 418
136 1136
706 1008
182 1260
468 925
222 1311
174 1008
287 699
409 29
757 149
334 160
445 195
634 9
40 417
850 1310
453 455
621 980
436 886
1047 843
1235 320
71 770
744 458
701 231
717 337
69 344
670 446
889 1277
1112 505
658 491
168 303
781 557
964 467
1141 582
1063 500
1095 1222
1076 1086
1290 867
610 773
1069 496
411 908
181 197
108 38
227 1046
665 1110
615 1007
348 739
847 1087
94 847
906 654
609 663
1287 688
802 167
393 1289
1118 152
281 676
1195 978
782 898
759 54
922 458
585 449
809 1168
139 1117
294 670
312 1263
1249 966
592 183
1009 439
952 1047
748 562
342 168
284 1057
412 900
496 1263
184 95
189 578
712 1245
1095 1023
442 417
184 920
104 291
434 910
826 824
11 1083
205 671
1261 1273
236 1072
67 933
964 742
603 375
916 450
332 1142
560 555
1091 129
517 616
720 1046
1280 1309
1130 188
626 54
8 714
353 286
316 987
191 492
664 1114
925 52
212 1281
1096 574
252 1161
225 562
453 80
176 1186
138 108
1022 141
1111 390
1271 840
144 206
1105 924
110 1295
460 910
176 378
966 1008
445 109
214 575
872 563
732 520
110 1240
183 320
143 392
950 1173
1187 1309
137 1098
758 575
998 266
1128 967
281 473
1006 320
374 539
554 529
528 60
1091 1191
270 813
818 824
273 549
1159 405
1260 459
187 417
952 351
1030 452
397 832
62 600
274 521
877 949
266 1221
951 580
805 16
1287 63
416 744
988 1281
604 534
432 580
1004 827
165 151
815 126
901 909
447 1008
3 1029
637 1074
1168 877
613 479
586 1278
801 249
1039 1018
1254 649
357 1109
474 939
74 1091
279 1297
799 1292
514 220
442 17
698 625
259 84
591 746
413 140
1077 567
950 133
827 1183
789 694
609 432
1059 1062
235 514
1294 85
251 523
923 347
1187 136
981 233
731 681
669 909
93 1159
1188 294
905 519
922 760
487 1215
885 747
875 799
1110 1221
1180 434
133 626
821 1137
714 594
350 387
451 160
270 531
525 764
957 694
629 378
384 273
1097 516
818 1031
311 158
1309 643
943 575
1090 1253
953 786
146 407
733 979
73 1188
1135 19
870 472
1155 1029
59 561
586 750
1295 967
567 547
1129 334
605 558
947 502
158 416
1213 226
799 491
872 366
1199 826
692 1174
566 1258
1201 1178
50 324
724 1289
708 261
1258 994
357 548
829 505
231 1181
1254 503
1250 1117
172 719
627 426
1250 824
307 405
914 1234
66 861
83 188
1169 817
800 137
941 735
812 818
935 342
1248 9
617 654
919 365
293 584
557 1008
179 862
646 219
1116 397
269 240
1161 401
340 1299
419 380
78 335
39 260
400 1065
862 57
64 948
153 978
984 482
1018 112
546 467
918 723
966 904
241 1120
77 329
923 54
190 930
898 726
612 1181
399 287
1244 522
786 945
1239 64
598 567
327 57
99 545
81 500
337 112
355 216
343 918
108 1253
88 1306
1310 728
642 904
873 832
538 488
360 1243
349 1307
300 1100
208 620
499 831
967 1090
835 366
407 396
1153 1069
707 1156
1163 73
630 407
836 1084
895 1034
1091 162
783 738
150 143
720 593
563 1079
5 575
32 349
588 1299
894 361
2 230
622 601
92 1243
572 1149
744 335
373 515
79 1142
41 653
838 950
1258 1013
180 370
1008 1305
537 797
429 1060
160 854
1024 754
1053 1255
310 1010
22 1265
562 828
1026 315
732 989
1075 602
383 889
3 1252
462 65
702 1269
635 612
18 847
1122 654
987 380
1182 1130
898 346
743 424
538 1299
1230 200
660 719
201 1186
668 496
257 516
594 1103
1113 723
969 496
1070 867
1021 603
289 44
846 621
45 5
945 1079
376 201
1128 345
530 653
656 4
1150 380
113 978
1175 1146
70 638
518 646
992 580
690 1074
1094 479
1016 394
1187 329
49 332
32 695
821 1157
1185 1109
546 61
199 1067
1055 446
821 1176
703 1088
915 1186
664 819
196 904
1050 626
354 734
731 23
564 519
1177 330
968 955
169 820
809 583
403 324
1095 220
1058 903
177 222
321 696
1229 490
1208 239
589 381
1187 1089
253 316
668 1059
965 304
751 718
723 908
1184 195
1087 1240
484 48
888 1082
1086 670
813 929
1292 29
106 921
776 1100
1298 786
1118 1027
1137 133
277 687
54 604
294 824
737 1033
12 141
627 63
1258 1008
1043 1048
975 89
920 479
729 259
55 459
239 1055
498 1225
1151 1051
427 151
1225 490
197 1100
1196 495
1178 519
719 1199
629 1040
860 643
291 642
1149 1314
923 402
678 1274
276 1130
863 682
1077 1218
725 488
308 638
1125 93
1184 30
169 617
123 414
596 689
1040 1117
359 1215
573 626
982 830
427 1234
630 1014
979 1289
451 1292
1028 770
182 1154
903 366
753 361
81 733
780 885
932 1060
846 20
232 1220
1020 1294
116 604
1025 671
121 281
731 1029
132 1157
68 1253
697 1180
421 175
184 1131
106 228
46 314
1238 654
1173 891
498 1294
259 5
874 635
754 1014
499 883
1315 414
586 660
497 1122
995 263
123 407
1134 151
1036 1054
1264 773
491 637
370 405
603 375
803 1140
342 46
222 152
647 879
233 685
849 496
842 84
1100 628
809 834
633 542
274 1270
182 673
331 141
1020 456
1005 801
1265 645
517 219
428 304
37 935
276 1167
154 1109
1098 454
248 1154
597 870
1049 1146
323 186
76 697
796 249
40 253
1195 354
533 669
1139 825
1028 558
1085 1195
1247 539
517 143
469 461
633 273
541 1100
69 917
1130 631
1265 1062
679 835
784 828
1034 179
226 824
440 290
307 533
1268 147
496 1290
944 616
972 228
412 424
887 58
115 2
581 1302
793 215
960 1158
1296 1189
486 968
297 1117
432 467
927 1045
931 233
463 502
677 110
490 1266
816 685
107 495
943 863
591 438
456 1001
686 1194
1260 831
239 117
1272 727
104 7
1200 1132
983 540
1207 237
641 738
1303 89
354 918
515 340
1176 523
489 682
562 1034
944 6
350 75
780 120
588 693
1199 140
1279 128
742 57
560 47
372 744
646 568
700 1273
114 1267
957 165
1006 1183
114 145
512 522
43 412
735 117
762 1034
568 1126
154 1046
883 396
669 471
673 893
531 1237
950 962
285 1048
1093 601
330 1278
406 649
301 508
772 540
384 1090
684 1079
79 333
878 295
704 1298
128 21
826 460
1187 934
722 1155
817 910
1044 746
314 1079
31 682
496 892
546 877
565 210
107 1008
523 16
578 881
53 312
161 935
139 389
384 1172
242 860
1038 705
745 1088
143 7
744 666
97 480
62 1031
564 230
1097 4
69 1111
551 1192
499 490
810 739
429 710
597 626
503 1246
886 1194
1025 768
213 1147
506 761
659 610
699 219
540 1035
341 764
493 918
85 313
891 1180
974 358
1057 199
334 1263
527 125
755 1252
855 145
257 1236
854 446
857 471
1025 735
1002 498
925 1248
1065 1033
588 359
4 1149
250 116
148 1039
517 1039
1003 149
1260 268
536 1011
467 38
815 837
1251 1006
536 304
180 1189
859 140
204 392
444 883
493 407
955 361
775 390
747 637
343 37
730 85
554 1289
858 1093
352 1164
9 199
242 74
1209 1275
182 369
666 389
641 159
371 765
225 1156
944 1167
1056 1181
1301 1023
460 867
816 1211
362 783
1055 1234
812 530
925 1191
896 437
1212 295
313 949
167 1303
186 168
729 166
417 160
868 942
1067 854
56 64
898 1055
812 180
1213 791
676 448
224 63
296 941
459 226
322 135
1225 522
942 231
1277 826
70 844
1225 782
1121 1276
191 544
1026 21
218 17
388 431
151 731
1047 505
137 320
318 17
667 92
456 464
940 622
884 1234
71 1183
755 1162
136 89
757 290
74 1071
1034 519
1170 1241
241 161
637 711
865 364
222 958
99 818
704 921
292 332
1301 681
649 1304
504 472
1281 165
1019 40
690 405
1248 601
619 1112
693 1087
15 23
926 78
518 508
759 168
746 454
1190 914
556 1263
767 1013
1039 954
922 15
524 339
944 895
623 1307
86 798
571 475
117 980
1244 166
465 275
409 312
1009 461
103 1255
1285 195
905 475
460 1266
121 187
53 672
1175 1104
366 643
353 210
844 366
569 1280
66 820
1220 670
776 413
1032 20
722 1036
330 291
751 324
84 508
1073 226
936 508
1315 267
1025 324
31 375
370 814
142 1258
720 718
349 959
668 983
1005 518
305 437
163 549
1024 795
873 578
947 1041
1070 824
1283 534
490 381
1301 1189
1131 430
897 695
333 344
299 764
1117 1305
601 186
48 557
614 462
473 199
567 454
254 349
773 21
582 23
462 999
1119 771
965 1144
817 392
104 764
238 863
1286 447
648
357
1092
548
1226
581
677
1302
1064
964
1032
182
194
673
67
142
668
1059
983
1042
1163
35
590
308
176
839
1118
1027
1101
809
583
872
1024
795
754
1085
878
952
393
351
1239
850
26
517
928
1313
1233
1175
1104
343
56
1195
493
354
918
436
1097
656
4
886
1179
356
37
1203
965
1144
385
148
1039
139
1244
954
1202
1152
208
620
1019
212
800
328
734
189
1005
972
1300
592
1009
801
183
499
751
252
639
846
855
821
262
53
899
974
358
1017
748
956
627
781
946
468
1068
779
792
845
1208
371
765
388
1002
418
246
440
937
1260
709
831
943
607
1170
374
134
633
990
173
542
99
1279
545
812
818
810
391
560
1043
47
665
477
465
1128
345
888
1082
232
614
1161
94
274
1270
521
427
683
41
611
62
1031
443
788
815
49
836
126
569
122
732
1286
520
992
321
282
73
932
1094
925
31
34
1227
82
865
692
1174
1020
87
537
787
1241
797
269
40
498
240
730
1294
85
559
270
858
531
538
790
618
740
940
651
1228
22
506
501
756
1198
170
45
98
749
27
957
102
1232
55
459
322
1049
121
225
1207
237
191
544
1143
565
532
757
290
88
1169
10
873
277
171
960
1158
96
927
86
154
25
708
652
536
1011
425
729
1219
796
362
83
247
81
494
874
619
635
1112
341
367
242
254
712
323
926
399
287
984
699
1025
205
671
184
555
1078
969
1113
612
975
271
157
923
164
483
595
347
613
1052
838
902
408
406
470
919
823
70
721
638
462
822
1028
326
114
145
1125
369
181
664
774
106
1216
228
640
156
1018
1315
267
811
922
760
572
190
930
1190
1123
1102
311
844
562
241
296
161
998
935
784
828
1312
150
543
717
486
155
337
1251
112
138
511
66
327
1271
840
743
169
820
1284
288
107
1021
1196
495
864
912
402
209
13
1182
977
363
1249
198
377
422
1225
255
752
336
1308
973
76
180
576
585
449
551
632
988
1192
941
91
702
1269
761
8
852
714
950
204
1173
482
962
1254
1200
594
101
802
1306
817
1168
1139
933
43
412
571
900
1166
135
456
464
606
1001
299
235
1153
603
124
20
275
772
78
1138
463
1069
649
578
301
302
647
257
516
130
986
629
378
901
97
755
1162
778
12
1058
622
144
243
342
636
386
203
306
258
1053
206
132
1157
720
718
457
644
907
372
504
350
75
387
172
512
104
522
400
507
1242
445
95
916
348
869
423
1272
727
1093
265
433
1141
253
763
316
971
431
137
1220
1081
1096
497
207
1283
658
552
1214
589
849
1080
177
1235
819
609
663
325
373
153
678
1274
285
1048
421
914
880
383
281
837
33
1131
931
887
218
110
158
416
744
335
458
704
921
1095
1222
789
634
469
1187
934
1129
1264
264
1004
1287
524
597
272
1295
1212
295
236
691
961
1267
527
370
125
615
814
309
1007
1259
806
1124
1098
1030
310
741
1135
621
307
564
938
284
221
136
1132
1265
753
1160
645
404
766
1114
1075
338
602
196
513
976
1038
113
978
395
947
963
1041
1230
944
6
871
895
879
1110
893
42
1177
51
573
167
1303
384
1172
163
273
549
280
227
79
428
304
71
222
152
1311
889
319
375
118
77
466
292
1116
1119
771
1204
298
861
90
432
1122
661
591
515
398
768
1061
279
453
1297
187
1268
554
1188
197
529
474
333
700
1084
707
510
868
989
985
525
598
80
261
379
496
1281
892
115
1310
911
1065
951
1149
580
875
429
710
1261
1223
376
447
46
58
411
686
397
832
550
841
478
856
1206
586
660
401
492
570
1045
444
968
1037
566
1103
1201
1063
1248
1022
827
455
657
331
141
601
650
317
186
1178
146
688
14
736
776
1280
1309
896
305
437
641
587
533
722
701
808
340
725
488
234
913
1120
697
105
89
851
1148
518
553
1000
1197
599
733
294
69
344
646
256
219
866
1137
441
1210
728
293
1121
834
111
920
813
424
355
223
1276
574
461
1150
314
1171
530
1236
579
528
502
780
120
999
596
777
759
1015
1062
582
987
894
526
1151
1051
703
249
996
1257
245
1298
1099
659
39
260
382
958
942
716
1044
1245
870
1224
970
1146
885
799
491
794
238
719
746
546
330
61
1205
857
680
266
1221
876
1127
745
1088
487
1155
1
472
332
1142
624
739
584
1262
9
1184
30
679
807
1288
1050
147
1077
630
1133
1057
192
123
414
1291
514
1193
608
481
451
1292
109
1231
833
365
750
185
1278
915
52
202
825
1273
829
816
982
830
128
1211
1047
133
843
214
877
567
547
1277
1285
762
195
1003
689
676
60
278
168
74
1091
162
1191
1290
981
1105
924
997
18
1014
805
64
948
1217
439
1247
687
1282
291
675
413
1209
426
1275
568
407
1293
178
1185
694
1109
231
1056
1181
617
588
674
1299
479
329
359
1215
785
1012
1071
233
303
313
1194
685
1070
129
1036
339
1054
723
419
1108
905
368
475
403
259
5
623
747
1156
3
454
505
782
991
1134
698
693
268
119
430
897
540
450
1035
1237
642
662
364
174
409
29
1060
655
452
485
1165
767
669
909
471
667
764
1016
394
949
32
476
842
65
770
715
593
149
917
798
276
539
1167
473
36
881
793
882
289
352
1164
213
1229
1314
1034
519
1046
1126
248
1154
490
381
143
713
166
392
1073
883
396
250
216
783
738
906
1238
654
380
24
666
217
848
616
684
438
415
420
890
1199
251
201
1186
1111
1213
791
1252
1256
435
929
1107
1115
826
955
979
361
1147
859
224
758
891
389
705
1130
631
84
625
199
847
936
1145
803
1140
508
953
637
175
159
484
215
244
127
7
706
1072
735
283
509
967
140
1067
908
653
804
211
11
535
480
995
44
131
334
353
286
312
556
711
1296
1263
188
600
786
448
939
1006
320
605
558
108
165
563
1258
1013
1089
724
360
239
263
117
945
63
853
1079
993
980
193
100
672
696
210
50
324
93
1106
1218
1076
503
48
1246
835
1010
467
38
229
1301
1023
318
610
1289
1189
884
769
116
775
2
200
898
346
726
1183
1180
695
1136
1087
1240
151
500
1083
577
1026
315
92
1243
1176
220
731
681
1029
15
23
1055
575
1234
410
994
72
390
103
442
17
68
1066
460
434
910
867
541
523
966
904
230
1090
28
179
1304
59
773
21
626
54
604
534
860
19
417
226
16
297
300
1086
1100
160
670
903
863
1266
366
854
1255
446
628
561
737
1040
742
862
57
349
1307
557
489
682
1253
1033
1250
824
959
643
1117
690
1074
1008
1305
1159
405
