2857 2981
2773 2831
103 538
2809 960
14 59
465 1482
812 1798
1518 284
2039 11
705 483
1587 1438
136 340
629 952
1001 2713
83 2286
2767 1684
1192 1141
2718 1001
1653 1033
1999 1131
1928 2730
865 352
2820 461
687 443
1647 1680
995 2730
1677 2242
2514 1858
1920 1386
1165 2463
695 2166
1590 227
1386 1373
1361 1068
2554 309
2143 2258
2140 630
206 2447
1039 1690
1878 884
818 25
106 397
31 1452
1594 1479
71 1244
1483 1367
1472 2154
1975 1505
335 777
2422 88
318 2447
757 611
251 2620
1524 2780
2588 362
1997 1612
2854 941
2109 1668
155 1161
2163 147
870 2415
447 637
1435 430
1656 342
1414 1698
2819 1812
11 727
2012 2737
2707 755
1413 985
2448 1437
2451 872
33 1830
1225 748
1695 278
2763 1865
2713 347
1215 274
802 2850
2472 2709
2620 1298
2262 873
1793 510
386 1800
349 1906
733 1045
1311 2228
2616 110
1046 2194
1814 2164
1292 1059
1743 491
3 2480
1738 2013
42 79
2064 1596
472 2769
253 903
1896 2489
1765 597
1739 2790
1389 1908
2367 2394
500 2216
1780 2578
2838 1481
675 2239
2250 2068
1765 2350
2647 1152
534 2299
70 1008
2474 707
2529 524
2434 2619
212 385
34 137
671 497
22 1533
1710 2401
32 2433
531 22
1177 1157
136 1089
2740 1654
2369 1603
393 2391
78 233
1661 1033
1372 448
2051 595
355 2022
2432 209
2428 2697
215 2358
1454 761
445 2424
956 2260
506 1067
1143 1428
1974 565
2824 1277
127 1339
2619 2045
1713 2103
2200 2125
1379 608
665 2098
1621 1
2149 1274
2469 512
2219 1919
738 126
201 2133
572 1842
647 1003
1002 1356
1119 680
30 210
900 2405
2460 188
1663 811
1736 1109
2333 867
2077 965
2412 1064
493 581
909 2480
1955 1695
2383 640
2222 2674
113 293
1791 1744
2093 1187
933 1655
2066 2192
190 996
2502 641
2598 1612
99 2725
790 49
2673 1229
912 2845
2786 1596
2507 2035
970 967
1013 1336
2609 2480
3 2033
1845 1320
1020 1086
1948 176
7 1698
1441 1825
2511 693
1924 1110
2289 1333
1883 2486
548 2234
192 1893
1759 1024
681 1212
330 620
1269 1381
2199 549
2577 497
869 245
1076 1616
2334 188
1276 632
1663 125
1029 1151
1266 2481
1010 286
1868 1523
1024 748
1049 976
944 680
2803 2329
704 416
396 174
702 124
1564 2292
1868 1466
1536 1633
1537 2677
2795 545
2724 694
927 1934
1706 745
57 1245
1785 1018
102 1497
1291 2152
1578 1308
380 1336
1749 1309
1877 1554
2752 757
405 1442
887 1370
280 1241
116 1046
1399 378
2275 1350
1606 1000
2156 573
1913 1898
1849 1351
383 80
1815 1790
1613 709
1127 2576
981 1556
682 559
1494 2346
1935 2427
598 1248
729 1399
2056 966
1390 736
881 1213
2659 2845
259 1672
846 2469
1314 73
2138 1741
628 1867
2016 535
2290 391
2146 2689
2008 1407
1935 1110
1796 951
2375 2258
1209 965
1393 703
1036 2381
173 2129
1822 1704
904 2356
346 696
36 413
2409 1505
1830 2422
2722 850
251 219
2070 259
1672 2632
875 2346
2590 277
1992 2485
1016 2535
529 587
257 478
2446 1283
1068 2139
1416 231
1326 663
20 413
1025 890
2373 147
2200 2340
516 971
805 1767
418 814
18 1397
239 704
1584 1199
2664 655
161 2499
269 755
2840 2026
28 1763
698 456
1882 2113
2232 1082
196 2345
1484 2121
544 781
1621 256
2503 2251
1347 2144
2157 1694
1634 798
2005 1318
488 2481
857 2673
1794 917
247 1601
137 2377
1529 2611
985 900
1174 2677
1386 1636
1169 2635
354 347
561 1837
570 1669
602 975
1412 2515
2853 650
1362 139
2399 2629
927 249
1778 1523
363 2780
1761 1371
2605 378
1259 1675
187 524
1117 463
1338 2697
2848 1203
2536 1500
2473 836
178 2413
1195 1169
547 594
1431 566
2151 1183
2846 139
618 468
321 888
615 1130
2268 914
2497 86
455 1667
1329 1171
2307 416
1784 2484
798 1743
1729 2433
2182 21
787 2350
546 1224
931 2584
1870 1694
489 774
50 103
349 1246
1657 1468
2829 456
1904 1355
1219 1571
213 2639
927 1218
1335 2434
2258 2385
2418 1047
614 368
460 1116
1000 296
1512 125
39 916
634 2061
294 1516
2257 1199
333 1500
2641 207
687 973
1792 1825
660 200
2349 674
633 449
840 1103
112 2603
832 1743
1891 2743
2395 2225
2306 742
1691 1164
505 1873
1220 1389
1059 663
647 1099
98 2054
1027 1972
797 1221
2664 434
629 2147
351 545
1131 1711
1061 1043
2251 1321
2296 891
2040 485
2226 1423
1881 2295
1288 1888
1179 337
193 2556
1049 1733
2321 1233
2678 505
2663 1169
619 1094
2085 73
849 1902
756 2058
712 1090
2843 1119
2128 1990
267 2364
341 1732
2817 1409
773 882
1011 19
1850 2028
2379 37
1130 1322
365 2544
2590 697
1511 1458
741 884
1622 1514
258 1346
60 1415
2740 2408
615 2283
2360 746
1715 2789
1237 661
1866 1526
748 1743
743 118
1859 102
1569 1175
425 495
96 2065
1943 2067
2818 649
2018 2007
1037 2114
1588 2285
10 250
688 2598
2541 680
1348 872
1325 2735
2052 2544
2815 745
1936 1101
220 588
2570 2056
1162 2554
135 261
2712 2429
2595 299
809 1826
2142 252
608 1979
1646 2358
2513 1305
1579 1204
808 941
1779 1346
2154 462
2284 1248
1678 2188
418 1211
2386 2603
767 795
218 960
1608 2798
1066 2599
2774 1262
1310 1282
2560 2243
2403 2413
533 677
1405 175
2443 2351
345 2459
1368 83
2512 810
1107 807
120 1498
1993 1958
337 329
2099 2067
1958 1530
2821 2137
2738 1594
1457 468
1702 2765
1910 1857
508 2650
2592 2291
2234 1989
2759 2079
2613 2549
1748 2576
86 666
663 2730
1663 360
1325 414
1550 1298
292 1191
308 2819
190 859
1129 2130
1579 1322
740 528
2796 1004
2598 518
2309 1586
373 543
1062 2347
1006 1346
414 47
480 351
2662 1839
512 839
1589 1004
2372 1157
1636 1110
94 2077
2618 2805
448 1299
2104 1964
664 2495
2754 1713
1041 158
889 865
2059 1301
1939 1855
979 1415
2092 1921
2547 1802
1875 2393
682 974
865 1167
406 2374
450 705
1801 1381
2312 2611
1279 53
804 559
438 1917
2325 2733
2433 1323
1422 1319
1260 2707
2331 2242
2498 404
1943 895
1620 2821
2855 2345
2062 2428
577 2477
1017 2542
2472 935
113 1962
236 2411
1568 2437
150 2033
2155 2256
728 1100
654 1660
1549 982
1471 826
127 456
2392 1503
2358 478
2025 2639
1187 1510
2508 1304
2856 2340
252 2024
1425 851
919 1516
336 2227
1823 1225
1378 2614
2764 2226
1449 2157
2285 2188
258 95
538 1970
2182 731
573 2391
2031 123
1568 604
1132 1505
2548 983
2830 1825
2248 1213
1932 335
857 1699
929 2311
1747 2635
2709 2085
1596 744
218 292
2013 2173
796 119
2839 309
2660 928
1599 226
730 1491
587 1979
244 2368
1155 1060
2642 324
2447 943
1409 1023
404 1594
2161 1205
254 2240
2354 756
1296 2728
963 2266
2071 236
1638 2389
2447 819
1442 385
1758 766
9 86
2727 1395
1126 1818
466 1364
2612 2632
581 776
571 264
1662 1021
2650 1873
383 848
1392 92
2058 768
2790 299
821 1346
898 2828
2134 1515
699 1723
874 2825
2669 2748
2042 2184
2187 152
1450 1535
2319 1734
2267 387
1687 819
1264 324
2693 968
2438 2813
1351 2431
525 2358
479 1659
781 2204
1905 1121
1856 478
473 2486
823 818
2789 2641
1426 2481
1244 358
178 440
589 2574
1733 1637
1619 2516
1128 810
1950 908
2731 2148
1193 2162
2689 518
1670 2487
355 785
2695 2568
572 2265
181 1071
1873 1654
1961 1181
1286 1659
2328 79
2 351
1784 1809
2235 684
1230 861
1369 1996
491 1510
2572 1380
287 1033
2633 1696
2052 749
2550 607
2489 361
1651 301
266 1523
2293 1321
1243 2160
1023 2504
188 1225
1693 2475
1307 1935
22 621
2167 2671
424 2728
1476 2131
1263 1075
1894 1255
1176 2147
141 654
325 2688
2438 2462
552 2299
1618 2141
916 468
426 2484
1455 1421
2273 1033
2146 1888
1331 1140
2682 1657
580 1102
990 439
2829 309
982 1938
978 59
816 510
129 1606
177 2439
1514 1787
1307 1578
399 1645
1729 2456
1547 2641
932 2720
1227 1143
778 2197
722 1077
1933 784
1239 2223
1963 32
146 1224
1713 2366
1625 462
1407 478
1026 1225
2498 2579
202 2658
2479 1983
1227 2696
2357 1347
1640 2190
603 1876
766 321
1947 1880
1776 1335
206 1753
2337 1469
257 476
862 1862
1442 411
1750 1772
2851 1468
825 2840
2333 46
994 926
1873 775
1918 1513
1172 2167
2678 2622
1018 1885
437 1928
1823 2834
417 2441
650 1282
2294 2771
2419 2565
2260 1290
1492 1132
2657 2525
2814 1272
1998 998
606 2131
714 1571
540 482
569 1901
2561 2725
1313 476
860 650
496 725
2419 1650
1824 649
2496 770
2072 102
1159 273
151 2043
1375 1510
2344 1435
952 1672
1185 970
1272 1533
1045 2240
1383 1310
855 2555
555 949
1497 36
418 2057
720 2156
1697 26
1047 302
994 1420
897 1863
1023 1510
1417 219
1399 2516
656 2688
948 2038
2158 2715
991 1379
350 2766
474 2277
1614 1726
602 239
799 1316
2815 353
2679 352
1525 2720
1106 197
1603 1162
1916 323
2311 770
958 2486
2076 2470
2836 1591
558 2568
111 231
1945 655
1793 270
401 2666
1642 2110
1908 87
297 620
3 471
381 757
377 483
2751 1672
32 49
324 2269
1786 2811
1626 1121
2233 545
1381 2515
2467 1319
291 2096
2406 1424
91 1127
570 2803
2695 1652
1542 1316
980 1138
1589 2771
718 1523
2802 2629
597 853
1587 2829
1194 307
2786 996
569 2723
2828 35
703 2399
2106 2801
1217 489
861 2620
2741 1056
1749 903
398 2804
47 1803
1991 283
1447 352
2243 925
55 2734
1701 2806
2139 2229
98 1355
144 804
627 800
447 209
1600 1298
2213 209
585 606
420 469
831 251
2783 314
852 1327
821 2740
1981 2278
1436 436
521 1937
2180 2494
620 2216
1210 185
2574 256
1627 1995
1366 410
1930 480
2458 859
1561 946
515 672
2567 859
1822 1105
1923 468
2820 2769
1915 1006
1271 1083
2386 2408
2008 1301
2813 2677
1588 726
2261 1491
1965 1082
2128 260
1034 131
1624 423
87 1649
1284 512
1266 1816
1360 1224
1915 45
1171 834
2363 11
409 717
143 489
1087 2649
393 79
2803 2542
2687 716
475 518
514 1488
987 172
1543 2805
1620 13
2193 945
52 2823
1682 2518
2525 2095
1223 2452
158 2641
1982 2831
400 456
2847 2794
270 1058
1653 527
2557 1447
2378 1472
276 900
1295 989
2032 352
2799 1928
2500 502
1758 2181
2692 1618
579 1719
1744 2757
2443 1306
865 944
214 2122
1291 1501
1605 2654
614 2669
1011 919
1767 1908
2387 1755
2638 59
703 2188
1060 1602
1101 1468
1204 1431
1682 2580
1756 329
285 1121
1538 1542
981 298
2215 2300
2729 1082
2725 1497
2168 2743
678 836
522 1513
2538 80
1726 2654
1950 2762
1487 1811
228 2374
2001 2016
1699 1173
2607 2309
2488 1219
1284 2177
2839 2670
578 2530
2282 1635
1691 245
1531 1200
2186 1078
2354 385
1511 1706
648 205
1453 149
1382 2315
2062 212
1489 1921
866 2648
2816 1069
2322 2044
552 868
2006 740
1630 2082
754 1705
240 1771
1676 88
1359 302
1593 1916
103 311
2476 1438
606 2353
612 184
653 1056
2287 748
990 2695
232 2850
1871 2669
1750 2785
2275 2857
408 1384
501 1505
2361 2750
1608 2135
934 2576
2199 35
1774 2204
2856 1889
63 1081
2048 1477
1182 1532
97 1927
1224 1694
593 694
507 2283
1130 2814
1139 868
2565 582
521 262
2382 1068
153 685
1795 1707
2510 104
1080 2123
24 2689
1436 2824
546 2380
2295 966
701 2512
782 427
1179 1741
2289 2610
1252 1150
1097 2223
937 2643
815 676
1768 1283
1356 1323
1448 2231
2418 610
2405 1516
966 1396
1703 1685
2080 157
1779 1810
2291 2050
2552 114
578 2077
2322 958
984 758
2299 67
1319 2252
1413 1184
1775 706
2594 2523
2259 1257
508 275
160 1989
2395 603
917 57
2027 169
1805 2673
1221 222
1305 1873
512 2234
1497 2035
249 9
1191 1988
1172 650
2830 2546
1152 114
2319 998
728 1656
1639 2077
1104 2044
268 1563
370 2623
1503 1113
2084 1537
2646 1956
372 10
465 1979
581 1253
1315 1539
157 1885
2091 1474
954 1899
939 2847
1576 1247
2297 167
207 1187
1029 2584
2108 1767
2191 1586
2429 1063
730 1065
282 2735
2221 2813
24 651
1485 806
2775 2105
873 713
1630 2565
1864 1036
2761 722
1696 1277
2151 2478
2662 832
303 2429
1641 1969
1339 1299
1034 2744
1289 595
341 1360
1522 1822
195 175
1890 1503
1123 838
1136 902
384 1028
2448 2253
2836 2524
2744 2322
2751 795
1919 2098
1054 592
487 932
127 430
1592 2285
568 934
792 2024
2119 1452
819 209
481 1026
1271 117
130 2637
1922 2189
1552 362
854 2723
1050 2026
1061 84
2112 1389
1009 890
1984 1812
1957 2385
2055 1323
1456 2178
2406 2611
1733 326
2258 865
2332 779
1872 1893
169 2597
1615 1500
2495 1290
2405 2022
981 1360
874 2562
2037 2464
1185 2524
1232 2512
1681 762
2676 1010
229 1557
275 1336
557 1628
1989 1803
457 2844
2671 2674
634 1121
262 446
1903 160
2215 243
2341 747
1175 2393
2638 2394
1042 1959
835 124
2368 1945
642 251
62 440
502 2197
890 1229
2674 1985
1763 1743
477 1863
2655 145
2106 267
556 1064
1998 503
813 1674
98 2190
2468 1336
1903 864
53 938
1403 2397
831 233
1802 137
2477 2032
2698 2655
2171 2662
1995 2318
2211 1009
403 1170
1360 1523
394 1550
2462 235
237 2575
405 1817
8 1131
1757 1216
2420 1593
2122 1220
1265 1993
1983 160
2831 2825
922 265
1944 663
142 1807
63 879
2187 1344
1349 1420
736 1309
1610 1984
2267 984
52 1627
2189 1463
412 651
2005 416
1967 1028
908 1085
90 549
1505 535
2360 2628
2721 1360
2447 2726
1245 1513
2552 1361
1722 2502
2698 2614
791 538
273 484
2661 2223
1047 685
824 1421
893 1682
335 2153
407 505
972 1198
1263 599
991 2279
715 1503
983 2022
932 1767
1118 2269
613 2221
903 1650
1601 974
2596 2620
310 222
738 982
165 2059
1201 2799
134 2303
1558 2420
1169 2377
2813 1639
792 2192
1997 1406
1738 1783
2169 511
1502 245
1098 2668
1737 1770
1558 2209
2481 1541
2465 1273
470 2812
1697 1690
326 1597
1025 2291
794 37
842 2756
831 409
2034 459
71 2673
769 16
1574 688
2250 1125
1141 186
1235 1636
1470 1438
2488 786
534 2101
667 81
788 1428
2542 821
2372 2650
458 964
181 2781
997 1711
2586 1864
164 347
161 1511
1461 2105
118 2154
1663 1297
2124 2113
2190 219
2272 204
1364 2464
1493 2590
2644 2369
1830 1142
955 1892
1038 1349
2285 309
76 2048
73 1928
782 1206
2680 266
2721 93
1911 780
2501 1597
1384 1431
542 2201
1795 655
179 2731
673 530
1808 1912
920 1053
2426 1769
1004 2487
1006 384
993 1404
1821 2394
1611 286
907 758
2753 384
425 2804
487 1234
1782 1063
2336 1930
1904 2195
686 850
1152 1213
2770 1500
1557 1898
1925 169
2308 393
2528 2814
1906 1420
736 1578
381 2111
166 512
2228 2697
1481 2278
1385 693
759 2577
471 1034
784 285
2391 525
1766 1987
1277 1063
2621 1192
2472 246
2073 290
494 2126
2495 2793
1965 2348
188 2404
462 2684
69 1482
2249 86
2745 233
519 1676
1808 2727
1261 2232
675 659
1656 212
3 1714
2783 639
1300 1940
573 2229
1428 2845
845 258
2439 641
2115 651
2063 2050
2100 447
1709 576
2703 47
1965 2389
1356 1312
1692 2802
962 540
2010 538
1661 1918
1838 2611
2492 246
625 501
687 2232
2098 279
51 159
2471 678
2217 1475
2794 1187
2241 2740
2719 2207
1854 2246
1111 581
2747 413
752 1901
1687 2113
38 834
631 2221
843 914
816 2252
2172 2483
643 886
2163 1152
89 1744
338 1322
1730 1689
1650 283
2565 1150
532 2373
66 676
1229 1803
2186 1975
496 646
97 2131
2848 1221
1540 177
833 684
1247 1463
1302 1921
1354 2485
758 2126
2208 2067
1007 1733
1035 1873
1208 2827
2177 1970
2824 1752
2854 527
1275 1132
259 1283
784 2088
2743 779
12 195
1591 389
2515 2825
554 2800
1996 360
1548 2470
2034 1102
2274 2038
1720 2030
441 2529
1900 2407
1607 23
1609 2463
1418 789
628 2698
211 205
138 1529
2403 1774
2237 1722
1751 865
591 629
2602 1164
896 2742
2217 2139
312 2177
1377 1514
2717 2291
942 2298
2642 844
2084 156
2436 1459
451 2554
2455 2695
2630 142
657 1795
1948 2773
359 1891
1832 881
176 761
268 2790
2185 1608
592 683
711 114
1814 1047
2521 840
2289 328
2746 217
674 1602
946 774
1342 1503
1116 394
906 1889
1731 2571
1878 1705
1996 432
1434 860
2736 1807
202 392
434 1462
2303 2434
1340 2771
2081 2632
2549 1040
1093 224
904 1404
2807 2224
2816 754
2688 1451
2396 615
175 1016
369 1517
727 781
2110 2511
2672 1617
2015 2116
576 596
2600 420
1125 843
802 1086
323 2283
2390 2127
918 2721
1121 968
194 1501
2311 2144
128 779
1754 1887
1843 362
2702 19
1240 1334
875 277
2555 2075
717 1398
492 1886
1516 1989
910 2562
2753 1468
2809 1108
2128 1018
1188 289
765 2627
1754 624
2298 615
763 1172
224 2286
1719 1900
590 1585
1503 781
2764 1980
2029 1229
962 1598
471 839
2448 603
1478 389
596 2478
230 604
1241 1292
2203 293
2461 2283
927 1608
1879 2673
2854 2053
2454 2114
301 1533
1510 119
1787 1566
782 1869
310 2330
915 2656
2646 2057
1960 1004
1964 2232
1992 2287
2777 1071
2296 2423
600 1504
1899 1488
1672 467
888 968
55 1198
493 737
59 905
2162 1044
2414 1798
2811 285
2686 2240
1763 1082
2606 2484
2782 452
940 928
2270 2241
88 1743
1290 2358
1001 1835
238 867
1811 2705
2305 152
1431 950
2107 1449
1252 2425
1072 79
2583 309
1924 2291
2581 1398
636 2087
877 2341
2172 217
191 88
2550 313
2705 2628
927 2264
2046 2198
1148 2045
216 77
2242 1772
2110 2220
1359 1516
2542 1831
121 454
2817 2243
641 1803
1010 35
1254 1919
2212 2587
374 1328
190 2576
2749 828
447 1095
507 965
1237 677
114 1760
183 2096
2701 2274
2042 2342
1674 1486
1051 2834
1769 1055
1465 967
1952 264
144 1020
2041 1943
471 2026
1299 704
431 118
2201 2264
789 1151
1775 1323
1181 1372
2608 1762
348 674
2752 835
1280 2523
2604 1208
1291 131
676 832
1773 2500
529 1820
592 676
1249 2407
304 2584
2487 719
473 694
536 2111
217 2404
1604 1394
2014 2478
2076 1912
617 750
1631 1115
1998 2369
1750 750
2590 2589
446 1277
1681 2115
747 2405
97 2089
2108 2539
2685 1955
1216 2022
2659 331
868 2379
1697 1022
2074 1373
1828 1583
2532 1081
1673 445
658 584
2667 2545
904 2220
1429 342
2534 1844
1718 990
625 469
2579 2489
558 1028
1923 807
2767 2668
2388 2730
2344 2482
658 1876
2419 2420
1735 1861
1717 556
2700 169
361 883
1135 1685
923 2732
1432 2166
1222 667
2046 2637
353 2845
1654 2480
2590 2282
719 890
2518 1131
273 1082
1575 1387
2711 620
935 2509
2742 2825
735 165
1115 2246
801 449
2672 1920
2736 435
1112 1658
922 832
2741 2726
758 2061
1143 909
714 2226
2421 346
81 2507
2196 1024
2531 2163
2326 630
1836 1425
197 1942
2434 526
1364 814
2281 1807
1767 2169
1433 2079
1251 419
1669 821
2444 709
1941 278
1188 1223
672 566
2463 1153
1548 367
520 711
2262 1311
555 1828
446 1855
2683 1072
2520 1174
498 414
2826 2620
2155 2492
2214 239
1545 559
2420 2720
2126 1623
2127 398
189 1636
793 1635
1603 32
1334 2486
1755 1503
601 187
317 293
2707 2750
905 1229
2666 707
252 1882
1742 1779
1499 2772
1976 2384
1711 1842
2478 73
334 1941
971 1381
2002 1616
770 952
1988 2787
2407 1551
2612 389
596 1555
2623 1253
38 2502
2801 1745
204 1505
2711 1671
153 252
1977 1658
618 844
2631 61
110 745
1952 132
1973 2512
482 641
1422 690
1083 284
1425 674
1244 684
1341 2289
347 905
639 34
974 119
41 1523
169 649
125 2147
1353 280
1449 859
817 2644
1394 559
1518 2161
2575 1336
49 1438
1223 1295
1129 2304
1350 2350
644 59
2550 2654
1236 2020
1781 226
972 2324
2510 2603
2267 464
1242 2470
2283 2408
1052 1507
1118 305
2275 1205
1237 1256
2400 2507
2247 1636
433 320
1231 124
2083 2098
2715 254
329 207
23 2465
1996 1236
2359 943
2760 1957
553 2435
670 854
2176 2307
373 1972
2371 748
901 1572
465 640
492 573
771 1828
382 207
730 2090
737 2491
1173 1501
595 37
240 1373
80 358
2263 305
56 559
1298 1225
2257 2345
530 2487
464 2107
2807 1633
2564 482
2065 2263
1848 685
2141 977
2096 2286
706 691
1323 147
327 207
2397 839
234 342
2364 6
1738 1615
1080 505
316 123
2009 593
1027 627
1800 2273
67 1162
1921 71
2222 2323
1520 1884
1133 495
824 1566
10 1407
1354 2706
1121 1842
1209 2320
1014 1962
2442 1413
33 323
818 159
86 2022
959 2516
157 343
1053 257
837 2136
1022 2551
894 2053
1582 1902
1327 1352
2236 1474
1883 2286
1441 1219
1521 1346
2246 1650
1892 928
2523 59
1255 1400
1320 2004
1581 602
2384 1521
1872 1510
122 444
936 1400
744 1253
611 2159
1925 1508
2342 2545
416 1535
858 1639
1314 1502
15 1389
1086 1927
1072 2733
2220 1970
2606 328
1336 1842
1780 64
1869 1149
652 1301
2162 1029
2345 92
2226 896
2102 1097
767 1170
1357 1283
1022 1359
2774 357
2251 777
708 1371
1199 872
1978 1401
2231 1704
2170 1068
2071 535
727 2114
2140 832
390 758
990 1350
1628 1706
2024 375
1552 1907
1411 2693
2249 1410
1577 2022
1852 1045
1865 1533
925 393
1397 2285
1697 1827
1901 2575
889 964
1815 2350
2533 2723
608 2079
1248 1451
2813 305
2033 51
1009 2381
897 1955
2307 1396
2778 2251
1788 1722
2031 803
1505 968
1464 2223
1513 968
710 544
1715 809
2445 519
1471 126
2245 2628
2358 968
1951 1944
1348 1706
2797 2353
1762 2603
2350 879
2282 1755
843 501
1909 2742
2846 2072
807 1281
1330 1363
800 2785
1147 1624
1158 1883
1498 1180
1567 225
1648 2136
170 1270
16 1205
1818 1502
1985 1253
133 186
821 1063
2401 1938
408 61
593 2757
343 384
1388 411
797 419
779 2476
1866 1719
488 2145
1334 2829
2654 1168
2266 2582
223 1504
622 208
1723 716
1564 2634
1675 2582
1202 2075
1176 2788
2425 347
343 801
490 1703
2252 2358
221 2557
509 1300
397 2459
297 101
1685 1191
2651 1945
1315 32
882 2165
253 100
1048 1690
2805 2065
433 1861
564 2169
1871 2318
1840 2452
1826 1781
1534 606
1030 1274
783 2488
2838 2308
2543 969
1196 703
2587 2753
2727 1348
1968 177
1822 252
1077 684
1467 442
1580 2129
820 2431
940 428
1700 1046
2349 777
21 513
739 1932
2160 859
211 906
199 1915
1929 110
1456 2812
229 2028
1607 2724
2239 326
2569 2105
1730 763
550 1638
2188 781
1090 1187
1425 305
2540 1712
463 2118
1866 1192
2115 354
1531 2254
1510 1803
2755 1161
295 1301
2255 931
1777 2467
2751 154
1345 698
1190 474
1299 65
979 274
836 2077
2302 2740
1921 2808
1446 243
541 2710
452 1623
1090 947
2542 1146
2179 294
1862 283
2645 1975
354 753
1792 2770
136 1015
1124 883
1016 2139
2136 1082
1096 116
2826 620
1833 1995
1889 1624
2652 2486
2668 2490
1712 1585
2786 2599
2611 2103
999 1518
1789 1166
1797 2421
1375 284
2758 2653
5 807
1937 2606
1941 167
1073 2202
151 2188
1857 632
2692 1724
88 694
590 1253
2316 1605
2351 1252
514 2156
197 2533
2193 2389
2728 755
709 2673
1557 1006
724 1153
1680 456
1689 1846
2130 1741
1043 2299
2704 2360
2690 1395
1069 810
1769 745
2127 1327
2792 1453
1122 944
575 1790
115 974
126 1462
2109 2387
1602 1989
554 2047
1934 2802
246 663
2636 337
2571 1154
1553 413
2842 2204
49 2529
1099 2327
1718 1721
384 58
850 1612
2631 1058
2453 1013
2223 449
392 776
812 444
105 2120
2045 919
807 1763
1208 17
1483 2395
2643 104
2218 2428
2255 1641
271 1241
2325 2540
2250 2586
2090 464
883 2825
986 131
504 291
1092 594
201 1163
2021 504
530 2449
1946 2580
2175 2225
354 818
289 2824
1120 850
1600 1412
1597 2374
2129 2032
1151 888
141 871
2748 832
1339 886
2238 2536
2369 118
162 508
1065 449
1528 37
378 1346
1597 1068
662 1831
1937 537
2730 909
192 2391
1994 1267
1897 2673
2224 1459
203 2017
1046 2204
1565 1157
182 1644
488 2765
1874 777
346 1654
2019 1276
1971 640
429 1439
609 2386
292 157
2489 1040
208 1551
1332 1602
2790 222
351 507
2768 416
1440 280
863 1161
70 1960
206 415
1258 2650
1033 59
1057 1017
892 2297
485 1302
541 2384
1660 346
2282 68
1355 1076
2811 2184
1399 1282
2043 392
315 1434
829 878
171 1299
911 2492
1430 324
1285 1463
418 2239
75 2724
562 462
1330 694
649 2221
1853 1843
1462 1094
969 2637
567 120
2822 215
866 1047
395 2268
1812 1928
1546 1281
1562 1833
1509 2229
332 2213
2624 908
2399 2553
652 1427
184 2245
2607 2627
269 2814
2202 1304
337 668
2691 1550
2785 2313
2844 874
913 59
319 2398
2723 463
1806 2613
27 2204
2569 694
1523 2216
1349 2038
1399 2020
1145 347
650 2653
1506 2322
402 2213
1931 2012
4 1118
1166 2690
1207 95
759 1949
1858 574
1683 2659
231 95
1604 74
1189 2310
1928 416
1200 2299
1287 2474
2585 333
1317 2225
1736 1117
1520 1239
399 690
198 1542
2276 1335
2505 1398
1708 569
1079 1244
1703 392
2743 48
780 391
2304 2213
1210 2179
954 2435
1439 86
2121 1471
1163 2478
867 1118
539 777
2593 453
2353 1322
2738 2586
142 1849
560 2207
516 2107
1337 6
2626 1275
1438 1118
1005 1229
2668 261
2588 304
2702 961
2256 694
547 414
1651 1740
60 384
1352 391
1643 2735
2098 2673
2789 1698
1359 342
1567 1984
923 643
2338 2695
950 2756
2078 1739
366 2221
1137 31
822 1733
1028 1229
1558 322
2415 709
2016 676
2207 2535
2197 888
2493 2220
70 319
874 1144
1650 2724
1837 864
1496 972
85 1028
2149 2197
108 2743
2134 284
2671 1787
107 2641
2681 2004
1485 1767
721 1912
2765 2424
481 81
1686 2334
1570 930
1032 922
1926 1330
1760 548
1702 2574
2616 756
2601 1468
2519 2726
1527 790
2258 2837
2227 304
2198 2481
2289 227
2675 2252
557 1667
1932 661
2665 662
2694 411
2206 1352
152 2350
692 1864
407 2135
626 1162
1891 172
1303 1308
809 364
2119 844
588 118
864 2147
371 2184
369 1773
44 847
379 1862
538 2230
1215 743
734 558
2271 1619
1891 2020
175 742
2003 449
660 2540
1162 499
427 209
764 2511
1978 2046
2537 1350
1721 117
357 1029
248 1055
1813 1560
1355 2476
1071 57
444 505
1444 2674
2011 2774
1860 612
574 2574
1987 2486
2635 1510
2699 2069
1462 676
376 1022
163 149
1786 828
1020 1233
2208 1725
446 1320
2402 453
2416 715
824 1666
1933 1070
2534 188
827 1271
1954 1008
2103 803
325 2420
1259 944
2624 1899
2677 2452
1250 1360
2466 1431
1365 2771
2852 2856
2048 1040
82 1130
2801 1226
1554 1479
388 2723
1530 2307
2165 1873
760 2802
1832 180
479 2097
1664 145
1641 1812
1086 148
2767 751
1495 546
1156 780
306 1244
879 1064
2065 2019
1728 744
1498 1299
604 1300
1214 1991
530 2280
2018 2671
421 1990
633 1343
1460 2025
2775 1780
679 250
2352 2077
1932 1114
1374 125
616 1712
193 819
1088 2115
2268 2636
2047 1919
2475 1461
417 2188
1165 1478
2060 281
53 177
396 1264
1641 1400
2833 2641
1916 518
1268 2111
363 524
1212 687
1830 880
1440 1721
1629 2822
1197 1983
216 1575
1689 1720
1402 104
29 2496
2194 2393
924 2470
1257 1507
953 177
443 745
1796 1213
1446 1445
2417 379
1746 2712
39 759
623 1585
2517 444
1140 793
1238 1259
2170 1741
2087 856
1102 2639
2430 909
255 526
926 1028
215 2474
352 1273
149 2230
992 1994
565 2082
2835 1866
1023 1205
350 1612
226 449
553 2423
2301 1466
209 1510
1294 823
339 1872
1829 796
2708 2291
2205 2698
2261 2716
1278 2564
2375 66
1564 1437
421 2616
2784 1311
398 1110
1446 2148
1351 1334
991 340
356 1074
614 2737
2775 1334
2288 1849
2069 495
268 1665
466 1959
85 1572
1134 480
431 278
1069 1717
1106 2339
288 1119
2006 1196
716 1529
731 1625
2450 2581
2625 2795
899 453
2148 2227
1045 2724
2640 996
1480 1914
517 1550
896 1443
2132 247
789 1278
2103 1654
1238 992
2248 2189
829 571
2077 209
1135 2435
410 1916
555 1161
1074 1447
2291 2484
2019 551
2617 1680
1175 2849
1219 1074
1851 2674
2210 331
369 1595
2015 1834
1084 2221
2455 957
830 2487
2757 2423
2032 1205
170 392
907 1565
2811 320
2316 548
933 1198
2380 2315
307 2374
281 1253
510 1912
638 1266
1799 2230
486 2322
563 1942
2563 1449
899 682
2015 501
1819 2095
1674 2727
2527 1030
1559 596
2494 537
902 1162
239 2080
168 1442
2284 2320
906 102
1727 393
2535 413
2756 2059
2314 120
799 984
1231 1399
586 641
1012 265
1335 2355
186 818
968 1510
1765 523
212 346
1087 2405
540 747
1532 2020
874 69
2113 1449
2572 2257
234 2516
105 2224
467 1634
841 1316
2091 1420
1778 2722
2179 1582
1625 2141
191 2832
2593 2117
772 1987
1052 1753
588 272
2505 393
2615 302
1764 2232
377 1047
1573 2747
344 1927
299 1023
1208 555
2017 349
1687 2049
1324 292
398 2322
1547 723
1021 2636
2807 1160
189 1154
1366 286
2335 1130
1804 1852
583 1934
422 557
72 719
1529 6
718 1679
1435 2440
461 2407
2727 2310
1857 890
1424 856
1448 2810
2779 1829
2134 921
2039 1504
1570 1342
2079 1419
1228 686
798 1387
2522 1154
109 2045
838 1387
2459 1929
1953 2641
1519 270
241 912
2118 445
2684 1174
1469 2423
689 1117
2376 1720
1408 2720
791 2558
2840 1617
2166 2793
1710 398
1934 2347
1437 1359
1473 1599
1263 1205
1895 684
876 1726
1716 222
1490 1673
1480 123
1943 63
2025 2119
2137 1916
1579 2374
64 1451
613 2437
1287 1544
30 316
1099 2492
2128 2094
1378 875
797 2573
2206 2362
652 1364
1929 641
506 2734
1209 1644
2772 649
940 2086
30 1597
438 741
2559 1883
2714 1535
2657 1612
725 1244
2237 1477
56 2343
405 1684
2628 2452
2680 2244
598 2715
2166 958
1064 1694
1371 944
129 332
1632 1518
669 593
2387 1688
300 2733
1277 497
40 11
611 1717
11 774
925 1551
465 1743
2036 718
2055 2828
2776 1133
510 160
1977 1756
1019 290
1833 1091
126 849
1358 2476
2039 1962
479 2535
121 116
1772 1983
54 1843
2133 2601
1529 1847
255 1301
1152 448
2825 283
2023 37
2791 884
645 636
589 167
1880 2673
1770 668
756 2019
2457 1849
2841 512
1186 2020
196 1475
813 2526
1461 749
1828 2150
564 2566
1586 1173
635 634
2073 2825
637 1655
647 43
1031 9
1451 1989
2277 2206
1237 2603
2319 2410
290 497
1224 832
2631 1986
999 624
596 2806
1090 2739
986 2365
581 778
2591 1267
101 931
2174 382
2579 700
928 72
1267 250
140 680
2506 2744
35 283
2188 1987
2407 242
1202 1493
885 37
2376 2232
679 2150
1966 2009
1456 2050
605 966
1948 1376
1518 988
382 2780
2274 2183
427 87
1160 1989
442 207
699 1103
434 1293
915 2004
135 977
2756 445
1560 2328
1178 738
664 2370
887 977
2508 2687
555 1725
1897 2553
2451 1391
1952 1658
869 1174
732 2005
2293 959
403 263
847 2653
2476 2000
595 2364
1328 1601
580 2405
2317 65
1841 1585
980 1082
2361
1911
2267
387
1484
1850
562
929
216
77
1547
723
1913
1737
2570
1736
1109
1207
94
421
2128
1990
2094
260
1393
33
1185
1228
1465
970
967
2833
1286
2143
1129
2680
2244
699
2521
840
1103
106
813
710
1910
2526
1460
2021
2645
1134
979
1215
274
743
954
689
1664
2607
765
2627
369
1517
1595
1776
450
1265
1796
951
1436
2820
436
56
2343
472
2769
705
2185
2261
2716
1804
2672
1920
817
995
2106
2801
1745
1226
403
263
1524
12
461
2646
1956
2604
937
91
2704
1315
76
1539
196
2205
2357
3
150
2033
1714
422
653
825
2171
1079
230
782
1869
1149
1206
1106
2339
399
1645
2853
1936
490
617
1188
1223
1295
877
989
2624
1950
2762
908
1085
229
1411
2028
457
1968
1791
533
764
163
2642
1243
1881
2215
2300
541
386
2710
2783
314
915
2621
2656
862
2522
134
2010
2180
1731
846
1112
724
923
858
451
2732
628
1385
712
1867
220
289
2711
1671
1730
763
1568
144
509
604
1300
1940
1729
2099
1012
2456
130
660
2494
200
940
428
2086
2176
735
366
1877
201
2060
2284
1209
182
2320
1644
2835
2560
2527
2426
2792
686
78
2321
730
1491
1480
1914
2600
1895
670
1186
739
2015
1834
1030
133
2116
2041
1194
1860
1288
1697
1827
1048
26
2121
1039
1690
315
2848
648
1203
240
115
2212
1771
2844
39
916
1611
829
878
1496
936
70
319
183
2398
327
855
2402
1954
1008
942
993
487
1234
1512
1414
1794
1061
84
2275
2857
2587
1939
563
330
1853
702
325
1738
1783
585
2013
2173
831
409
2745
233
728
1100
408
664
2678
2622
2070
816
2187
1344
2370
1098
438
1917
1670
2817
1139
1057
2702
961
171
1123
2779
2182
21
513
1801
2376
1689
1846
1720
2030
105
2120
1963
827
2592
1032
203
2222
2323
567
2830
2546
42
657
2640
2547
1924
1999
2338
1841
580
2034
1102
459
619
1331
1545
1976
2585
616
1926
232
918
1681
762
701
1062
1426
771
1993
564
2566
2130
1896
1080
153
2123
2354
1784
1809
681
1190
1761
486
897
477
2092
2158
1863
2255
1558
2209
322
1579
2175
1388
1715
809
364
1826
1369
1409
1375
2406
1424
645
792
2066
2192
636
2087
856
2839
2670
1182
2782
1485
136
1015
806
1089
568
1832
180
168
1137
213
1683
2403
62
1546
1126
178
2413
440
1615
2017
2378
1454
2682
2344
2482
1838
1642
2736
435
598
2715
254
2314
1996
1622
2718
432
120
1027
373
1972
543
2764
1268
1980
1687
2049
870
2561
721
1020
1233
920
1509
2367
181
2781
1087
2649
51
2276
1001
1835
1177
1531
2254
2791
1759
1489
627
504
2625
1613
1948
176
1376
761
1238
992
2572
1994
1380
2626
195
211
205
359
2450
2567
1335
1519
2355
1819
372
2040
2768
1925
1508
2824
1752
1340
424
962
1598
1386
2074
1373
2443
248
1306
1769
639
1422
2630
1055
690
474
2272
310
1041
2330
2763
1821
15
383
848
536
2312
2270
1235
2497
1651
1740
1353
2236
1193
1390
2644
2758
1136
1341
2317
601
2301
2162
1044
1569
1574
892
317
625
420
469
2414
759
1949
2577
1647
1429
27
1978
1401
1973
1374
2698
2655
145
729
1416
1287
1444
2846
1544
1362
139
111
1802
1483
1367
1890
1347
2643
1581
1222
1232
155
214
2777
1231
2752
1368
835
1101
1686
405
1817
124
876
1904
2453
2618
2195
1703
948
2550
313
607
561
2351
2112
1007
673
1874
151
1122
2685
1575
1875
129
1606
1000
1700
296
2854
808
894
2053
941
2238
2651
2071
236
2411
231
380
1768
2446
2761
376
1953
1678
1815
854
575
2430
1790
669
2513
1781
237
1742
297
2193
945
1878
741
1561
884
2840
1617
794
2472
470
935
2509
2319
2410
1734
206
1275
415
1052
2259
1257
1507
1753
907
1565
1813
2093
244
2438
2237
2462
2514
1604
235
74
2775
1780
1237
1256
677
2578
64
542
1543
1260
350
2537
2766
2091
1474
972
2324
932
2419
1408
2420
2081
1525
2720
852
2337
1653
527
736
2011
1377
2146
1888
417
2441
2818
2417
1905
1088
1382
1716
714
485
2455
957
1038
1981
381
2111
2616
2774
1262
1718
2633
271
572
2262
2265
873
713
479
1659
2097
2390
494
1891
7
162
2290
2149
1274
987
172
1317
2528
198
1870
1073
2571
1433
1051
1208
1358
2827
17
312
401
633
1343
1998
1250
503
998
612
667
773
991
2279
340
882
20
238
1630
1974
565
2082
2271
1958
2661
812
1798
1708
1022
2551
2809
1108
1013
101
1043
756
1629
2058
768
189
893
1154
199
158
1212
1522
717
121
454
107
2243
1289
1852
579
1434
370
520
2760
1777
1607
23
569
752
1901
2575
901
2559
1432
1090
2739
947
24
613
2437
2001
1620
349
13
301
1246
1002
287
642
2751
767
795
154
1170
1800
802
2850
2416
2384
1296
197
1942
1830
1142
880
2359
1858
927
2201
249
1218
2264
2235
2142
2325
1294
1897
2151
1183
2520
179
570
221
1866
1192
1526
1141
2709
2838
1481
2278
2473
980
1138
1590
515
1562
911
1899
2503
2247
1084
2605
2110
2511
693
1534
805
1538
675
659
521
2217
1475
2805
1795
1707
1019
1476
658
584
2807
2224
2436
1459
2200
1536
2125
2565
582
1633
1356
1746
1312
1833
1091
1663
360
1297
811
2700
2666
2055
1279
2375
2025
2639
341
1732
708
815
2699
2681
800
1548
367
2078
588
272
1865
52
2823
2657
2525
2095
917
1332
2851
1492
1202
2555
2075
2836
2524
626
550
902
2311
2144
1065
1471
826
2073
290
2548
2
1674
1486
2843
885
41
2352
822
2119
31
1452
1201
262
1446
243
1445
2396
554
2800
2174
1627
1217
471
1050
2026
1520
1884
1859
2444
2249
1410
2815
400
1946
1621
1
1710
1549
1178
738
2401
982
1938
1982
34
2333
46
586
506
1067
1961
605
1792
2770
1995
333
2536
1500
268
1638
1563
1665
1037
2479
1179
2014
1696
2531
1239
418
2057
1211
692
2219
1749
1309
141
137
871
412
1394
1648
1557
1898
2369
228
623
1302
2784
96
2557
1148
552
1845
2692
1724
1603
32
253
1054
1329
100
1751
2467
2172
2208
2483
2540
1677
122
1750
2785
750
560
2313
1693
1442
2694
411
108
1775
706
691
2065
2019
551
592
1117
683
2457
1789
2538
516
2755
128
532
2277
863
1086
148
788
1806
1965
2348
2389
1155
1378
2614
2728
1464
395
845
731
2466
2336
1682
2580
2296
891
2767
1684
751
1840
300
334
2789
1698
140
1564
2292
2634
2304
2418
610
2518
1921
2808
1104
508
275
868
1440
280
4
1303
647
1829
43
1003
2168
5
191
2832
2241
170
1270
2686
1140
2341
1506
1495
1453
218
960
1166
997
687
973
2778
377
483
1608
2798
1042
602
975
2581
2708
933
924
55
2734
1198
1472
555
1161
949
1725
255
1031
1823
2834
1241
1822
1105
1448
2810
2122
388
2231
318
1704
2211
460
2295
1808
838
2776
2667
2508
2202
1304
1324
1610
571
2392
1494
2773
2707
2750
1371
54
656
1487
2043
2826
1656
2475
904
1404
2356
2309
1172
2167
2115
651
2248
2821
1576
50
44
1285
1922
2189
1247
1463
1997
1406
1457
797
1251
419
2573
466
2615
823
1959
53
938
1254
1836
379
2031
1499
143
2226
1728
1423
990
439
2543
644
2613
1609
126
288
2250
2068
1967
2140
2326
630
860
98
2293
2054
631
452
1600
103
311
1338
1330
1363
2741
1056
1071
1837
931
1236
1493
89
2668
2490
2631
1966
61
1986
2331
1197
638
577
166
2664
1366
2368
1945
655
57
2064
955
164
2360
746
2519
1311
1490
546
2380
2315
266
857
1765
597
853
1573
523
1418
722
1276
2191
1521
2108
2303
2037
2539
2495
2138
1862
733
732
441
2687
2688
1767
1158
2169
511
458
1403
1467
2469
85
772
1572
1527
1005
789
1278
1779
1514
1810
1014
1701
1345
2373
1933
875
2690
2346
1070
2302
2002
2855
2133
847
1384
2552
1361
1156
1383
2852
496
646
547
1626
1092
594
345
18
698
1397
1930
2727
1395
1189
2310
1227
2696
2458
652
1364
814
1427
2464
2214
2289
227
1333
2610
2608
1135
1560
1266
1816
1952
264
132
1685
1553
2517
1314
2695
1652
2532
371
28
583
2306
2218
1712
202
2658
1797
1210
185
138
1773
1357
382
2383
187
2856
2340
307
1292
956
793
620
1631
292
734
1191
1988
2787
1132
348
2186
1078
2590
277
2589
697
671
1754
1887
1943
895
2067
2090
2676
489
1093
1661
2273
1646
1033
2595
1310
2137
530
2280
2449
2512
259
1283
2460
2100
2206
2305
2362
578
2530
1127
2665
1165
2463
1153
2084
156
184
2786
1066
1060
1596
2388
2599
2046
1699
969
1379
2637
783
1618
2721
93
2588
1843
2679
1552
362
622
1907
2816
754
1705
1163
1220
2179
849
1582
2196
1902
1632
2433
2282
68
1635
2047
186
252
2024
375
2042
2342
224
2545
2601
2127
1327
780
1099
2327
1352
391
2163
1323
1854
147
2051
1120
1478
986
2365
135
261
2701
1799
589
60
1415
2712
1204
2160
2363
2005
1318
1586
514
1488
784
2088
2498
1643
1975
241
1811
374
1049
223
165
976
590
1585
978
2274
429
2183
1739
1313
837
99
29
38
1171
2294
834
455
711
437
1392
2500
2471
239
2080
531
874
910
1144
2562
744
208
2731
1567
225
2048
1477
2564
1469
1425
842
851
1570
930
2016
643
152
1778
757
407
2135
1326
2652
715
354
753
2617
818
159
1748
25
934
1230
190
996
2576
861
2052
365
2544
1793
270
1058
824
1455
1666
1421
339
1242
1932
661
1114
1977
1658
2743
48
2003
2027
2705
1528
173
1133
1354
161
2499
544
2706
306
2725
1640
2795
2638
2394
1125
1405
434
1293
2109
1668
1059
353
820
720
258
95
1937
537
650
2653
169
2597
558
90
2568
481
2400
81
2507
760
404
906
1147
1026
2754
1889
1624
423
2199
549
1261
2822
1107
2591
1662
308
2468
1735
112
2488
786
1355
1871
2318
1076
1616
1851
1010
1614
286
1906
896
2083
1280
1443
335
1124
1955
442
2153
2155
2660
2492
22
621
251
2190
1417
219
1435
2440
2415
2549
1641
1894
1255
1400
1969
1960
2332
2606
328
69
1173
830
1828
1583
1473
282
662
40
695
1319
1721
338
2334
1915
45
2257
2345
92
1657
1723
1532
557
1667
1271
1984
117
953
2298
1145
2203
725
1857
632
779
2533
1848
614
1931
368
2012
2737
1580
2062
2428
2228
2697
2242
1462
1094
2134
921
1515
2579
700
146
1252
276
522
1150
1175
2849
1337
2659
2210
2056
1540
331
2102
2723
2663
1892
600
618
844
493
737
2491
2432
1399
1282
2020
1077
1111
678
502
2738
1554
672
1389
1594
1479
1307
1578
1530
1308
591
898
1935
2427
1181
2387
2594
2669
1688
928
2797
2036
194
1923
468
1919
529
2281
1820
431
1941
1695
278
2297
167
1903
2803
2329
1431
566
2506
999
624
2198
1017
2018
2007
608
2759
2079
1419
1542
2245
2072
539
2395
1584
2225
406
2447
943
2726
1349
82
2038
2831
1957
97
2089
344
1927
864
971
2842
2586
1441
1825
2489
8
1372
1040
889
1096
964
791
2558
2307
966
1396
799
841
1316
2251
1321
475
336
1200
2268
1021
2636
2496
2671
1787
1566
1756
2722
665
595
2023
2379
37
1625
2141
887
1824
1402
1370
977
2006
740
2523
528
1785
538
149
2230
2434
1762
526
1176
2788
946
30
210
316
123
2421
1219
1571
939
611
2159
1537
2828
2129
1053
1116
125
433
2397
102
1861
1131
1909
2505
1398
2796
2476
2000
1992
2485
1864
1456
2812
2178
2542
1831
1146
2534
1844
2009
635
267
397
2448
2253
603
1876
2717
2349
777
215
2474
707
1350
790
2746
1868
1466
1591
1412
1439
1119
2713
127
1673
430
2425
1450
118
2154
1511
1458
2422
1788
2647
402
2847
912
1009
1036
2381
2445
480
2748
2258
2837
2385
2683
1325
2735
444
66
1160
1035
1818
2029
446
1855
1320
2004
1437
2569
1461
749
2105
629
1269
2147
488
2481
1541
2145
1263
1075
599
2541
2719
396
174
1305
2689
2493
291
49
1733
1637
363
2529
524
2780
1918
465
1482
1971
640
587
1497
2035
1979
1908
2364
984
36
1619
1636
116
2790
688
1221
222
950
2069
2288
2674
2619
606
2131
447
1095
637
1655
1766
2442
1814
2164
1872
716
2794
2372
1157
113
293
1143
1428
2845
1277
497
2308
981
2412
298
1556
9
281
770
1726
866
2648
679
2150
2263
2772
1214
2602
425
1947
495
534
2101
1046
1259
2194
952
2393
1675
963
2266
2582
718
1679
1672
2612
303
389
2632
109
1692
294
2104
2501
2239
1159
357
1291
2152
1501
1381
1755
394
2596
2465
1413
1184
269
755
1719
1196
2096
10
1267
250
1128
654
881
2703
540
1284
2220
2177
1970
1770
1772
843
914
1097
1069
810
356
14
361
1348
2451
1199
1391
872
1786
2749
1258
828
390
2459
443
2811
320
1083
2184
63
709
1081
787
674
351
2233
545
204
2799
1589
2429
1365
2771
355
785
467
1593
1951
177
234
959
2516
1592
1934
2347
769
2563
676
2747
192
1893
1713
2366
2076
2470
2628
1758
2181
766
1264
1152
1213
1518
284
988
2316
1605
2654
913
1168
1024
71
833
1244
684
80
358
114
1045
2240
2148
703
2802
2399
2629
2553
212
385
1879
142
326
1807
1248
35
1249
994
1420
2593
983
2117
2165
758
2126
1623
2510
104
1849
505
649
2299
1882
1502
67
2039
1962
1504
462
2819
865
944
680
1167
295
83
1577
2409
634
2061
2221
2045
188
217
2404
1018
510
1912
1074
1691
1164
498
1900
922
265
2742
1245
2620
398
2804
1110
1599
1240
2124
2223
1351
2431
321
883
2350
464
2161
157
1885
1115
1812
2841
1709
1883
2286
1944
2113
807
1281
378
512
839
899
453
86
666
879
2335
2515
1680
747
1498
1180
553
1985
2435
2227
299
1717
850
2371
576
427
87
1649
2085
1162
463
499
985
2583
1727
1760
1856
2684
175
742
519
501
414
1430
1029
304
2584
1047
2650
685
2662
1839
72
1747
1983
1505
535
2407
242
2675
1559
1072
2733
500
193
2556
1588
726
1447
869
245
2439
1597
2374
581
2623
1253
448
392
2477
776
2107
2246
2598
1612
285
615
1130
2353
1322
2814
1272
1533
59
16
2118
2641
1034
131
1449
859
2691
2170
1741
1964
2287
1805
1328
343
801
226
449
1660
867
324
257
476
556
1011
19
246
2132
548
410
1602
2063
925
1551
2382
337
609
668
1764
1174
1529
6
1847
517
1757
2207
574
2609
1587
1470
1438
2098
279
1336
1004
663
2032
352
1273
1722
2611
2753
1468
1782
1006
1023
2504
1205
1342
1550
1339
347
886
1702
2256
2574
160
256
1360
2487
1523
2216
1634
1118
2269
332
1873
775
593
1744
2757
2423
1016
2535
1299
65
413
1334
1359
342
1916
518
1628
302
2554
2156
1929
110
1706
745
596
1555
2806
2714
900
2252
2136
2157
2328
1669
2478
247
919
2103
803
1224
1064
1694
273
484
2729
836
2813
305
2677
2452
2502
798
1387
1216
2825
905
804
682
559
903
1068
1195
11
774
346
2765
696
2139
73
2166
704
2793
1991
1169
2377
727
2454
2114
492
1886
778
2213
1676
2756
445
2424
323
2285
2829
456
309
1503
1113
821
1346
1063
1928
416
1298
1535
819
1774
2188
781
2204
573
2229
393
79
1711
1513
2744
426
2008
2059
1301
1121
1842
2232
926
719
1650
1225
283
329
2322
2044
1639
207
1601
2386
2603
1025
2291
2050
2484
2260
2405
2022
2740
2730
1654
909
2480
2461
2197
75
2693
1451
88
1987
2724
473
694
958
2486
748
2391
2077
507
965
2283
2408
1763
1407
384
2635
1151
482
58
1082
525
641
1290
2358
478
832
1028
1516
1187
209
1743
888
796
491
1880
968
2673
2234
974
47
890
1229
1510
1989
119
1803
