1627 2705
1101 830
326 1528
279 1097
1546 1421
24 341
556 1158
928 1422
115 1420
492 1041
992 1146
879 1594
1091 32
859 432
1593 509
1296 1474
939 909
608 854
211 1619
668 829
656 842
142 734
792 674
36 1159
1024 938
1614 1413
522 339
793 122
138 551
691 1261
1496 880
1602 911
1610 704
384 47
594 582
1393 626
281 466
1011 1490
1500 752
109 78
658 1530
1487 1094
1090 83
1603 487
990 800
1032 437
1495 652
1285 1131
1289 1521
812 1051
158 1180
992 451
752 34
1503 415
311 3
49 1542
51 514
162 59
810 720
984 1209
1529 883
157 902
1370 940
870 564
114 1321
303 1625
1349 597
517 1296
1433 994
1576 1353
1358 575
869 1290
561 305
1372 1007
255 7
1456 829
486 241
171 585
720 963
497 1176
77 342
443 690
419 973
1066 174
1582 888
1238 632
234 1417
68 1539
1306 1155
1127 1243
537 1085
256 1507
1378 1622
456 1301
140 1382
484 1415
940 1283
1100 1321
214 1572
1073 49
155 1577
642 1279
1008 1057
1190 678
522 1047
1582 545
1527 766
1096 491
26 1349
511 281
259 846
1390 1590
823 1521
588 1474
1287 951
782 1187
638 1517
1344 1603
479 691
812 1206
1471 1103
58 1177
141 1206
847 391
816 1009
1346 566
574 366
421 536
108 822
826 705
1317 825
479 997
453 575
20 900
19 1586
1080 38
398 745
870 1594
1095 1558
961 1593
1217 1343
941 373
140 866
1467 1009
819 1513
750 201
752 1124
737 1468
1140 593
1263 340
1030 1549
736 662
219 513
51 834
123 1520
600 603
377 69
791 449
1061 139
1148 1570
202 1386
1275 753
1527 908
1116 1171
428 1306
224 824
1277 1619
69 1006
493 1068
66 1521
1566 1469
426 278
1387 373
1299 112
165 1345
1470 1526
1208 1234
676 625
341 1006
22 734
1310 177
89 343
728 1627
430 1511
1227 324
671 1146
1416 330
1320 751
86 1623
550 1450
1402 1536
902 862
375 1486
1059 909
1486 275
504 1258
265 196
1443 613
1614 1185
136 120
953 1126
1396 1009
326 716
776 67
992 1085
123 232
620 193
1559 698
862 1333
331 138
892 308
226 1524
1504 185
1102 1623
366 235
906 1413
249 800
702 364
7 389
684 210
1387 731
862 1295
218 777
1618 1577
1223 409
458 1037
1439 244
791 1235
1474 468
1317 150
1538 353
1292 819
664 539
537 1332
163 461
651 1421
1479 150
144 65
178 1552
507 257
254 1047
616 606
602 1237
1085 1248
366 1226
1623 335
756 1198
806 1582
29 248
436 823
214 245
1036 313
743 1296
458 511
248 800
899 1484
982 1169
1163 850
535 968
1622 1481
643 1026
344 692
1433 1563
1040 831
1443 242
1171 1094
1027 576
1311 747
207 975
936 331
320 698
205 184
93 512
1616 719
1598 865
1147 1579
529 1359
191 28
651 99
1039 1091
1214 898
684 1035
1154 866
1619 898
814 799
1091 1193
93 1626
1536 767
762 1499
136 3
1163 1569
978 3
1075 823
1603 53
424 312
759 863
220 730
624 749
716 1580
97 1434
1245 1308
1161 1080
953 1068
238 542
304 1447
1162 468
201 1486
315 588
1556 429
877 258
890 1018
1502 1449
985 510
637 640
626 468
883 132
1365 304
784 573
989 1079
294 1015
241 380
1515 326
341 258
226 306
9 729
604 362
1453 373
424 1176
1554 376
1080 1531
1233 1571
197 356
138 1334
1028 1176
588 757
1058 748
1011 1366
81 846
1316 1580
795 1392
1314 1078
1169 223
132 1149
697 846
725 448
919 187
711 1301
1 1280
861 551
541 1603
841 1615
1121 642
340 1615
582 729
247 1306
387 869
31 1260
133 115
727 1400
1021 1371
502 510
1113 1388
739 372
961 478
1210 382
1192 773
502 918
960 1319
1187 878
971 1580
1160 891
1059 1003
1435 1289
1552 122
782 251
1076 190
920 861
1427 1319
605 522
1467 1156
694 302
1590 513
1327 1170
579 798
552 1047
1165 1306
244 548
305 335
1533 1302
366 761
1488 570
535 757
260 232
1501 61
1119 467
666 1556
920 1376
361 1281
13 1162
1113 1171
1475 1146
1549 363
760 995
1153 881
822 701
682 1175
1451 405
130 1556
1256 92
1460 375
380 632
524 1209
998 630
1461 769
647 1018
17 1487
424 1574
209 1113
351 1557
830 1599
888 274
531 1406
263 1608
113 743
680 442
295 673
563 1044
1323 1479
1485 281
117 692
779 740
908 362
336 1249
1262 1093
1112 90
621 1470
1201 1015
54 701
25 1343
612 15
1371 98
402 1217
751 1239
402 194
869 514
847 751
1013 925
603 48
612 1063
406 1209
537 232
1242 671
1189 412
679 1625
1240 369
198 229
1477 1487
1166 403
443 614
129 551
1276 650
201 864
602 1072
1451 613
353 673
790 348
1314 459
1581 1597
1071 317
1489 1442
1601 781
142 877
630 1344
466 275
671 589
16 735
178 155
1616 723
239 1422
1118 421
576 596
1575 821
543 637
978 229
663 1054
134 775
562 1258
213 449
1402 1459
1106 624
947 723
592 1185
732 358
894 1356
37 88
1257 1328
896 480
5 308
1166 42
1419 894
181 327
840 722
799 665
33 1190
1231 915
1565 1155
1317 1375
1407 693
87 894
1206 1385
206 1021
965 77
889 180
1143 1343
685 439
1446 1156
406 604
1435 1612
227 1209
691 558
768 1389
1447 1368
1262 345
238 1089
990 316
986 596
1413 673
1098 1125
986 90
270 118
1587 1004
1604 1608
112 590
1085 1419
340 1086
827 1239
1354 15
312 1055
192 490
530 749
1245 800
1573 1597
359 1431
1202 1120
665 654
741 661
958 872
252 832
942 984
1230 755
1232 898
970 1168
1027 1236
1415 1405
541 352
359 1041
59 921
498 282
772 1305
297 622
613 1555
282 818
1115 634
983 1399
1313 881
377 404
121 1338
98 363
328 1261
1102 63
182 1370
1125 751
1252 346
54 1169
1529 696
542 211
351 1312
1543 1621
212 350
129 216
176 1603
55 867
797 1277
1240 793
1280 21
1346 1502
48 271
224 62
1436 718
728 471
1248 1111
1446 1106
1214 475
1191 640
1548 1226
785 674
120 475
1416 769
1031 1257
1308 729
237 1115
251 478
205 950
608 9
1225 474
133 849
1168 628
180 444
828 1196
402 877
1602 1042
1256 800
891 591
1343 380
508 449
574 281
976 470
890 653
726 1544
506 1315
375 521
1117 551
1493 712
1177 1048
1060 1313
1187 575
1008 160
1250 632
1226 449
1573 251
111 1204
399 500
1576 494
808 210
288 1076
1482 1002
1091 357
1311 275
1571 862
1274 874
1485 1394
708 560
1010 637
727 1297
228 1385
133 1528
193 1548
322 80
473 188
498 1445
265 1184
1227 1531
1117 1411
1561 730
1335 1009
1248 1030
376 735
838 900
766 726
1295 170
639 120
1364 1067
914 1564
197 1041
64 650
1173 1111
1267 1158
338 660
1224 151
558 1234
606 472
1374 716
1079 692
261 260
914 494
684 1076
556 1537
18 638
381 89
1379 1177
1219 1236
912 33
1498 1331
1288 898
1529 984
403 81
1436 1358
179 1542
1099 928
1070 678
94 556
1534 1204
19 174
351 446
374 1328
1354 51
1241 1341
224 26
689 1507
1116 1471
592 995
506 1468
1461 1276
461 161
596 1464
1224 1400
532 960
68 334
379 1501
1099 1463
1495 713
706 984
506 1245
926 730
947 928
690 321
505 307
1278 1303
1020 601
919 1370
98 894
909 846
776 447
257 409
109 1613
282 545
1358 490
1499 1487
1452 1394
295 1151
1342 467
921 1577
885 1618
284 1554
807 1096
1404 188
1370 1176
200 56
31 537
863 349
741 771
400 1162
296 139
461 632
1567 129
1000 362
173 210
1438 1453
1243 743
1076 36
299 637
1363 227
95 607
1131 667
223 1414
483 122
1327 709
648 1586
1228 811
273 1041
1294 401
250 862
1559 1624
1412 876
688 614
863 1496
1348 1077
132 1007
332 1445
1533 1094
520 173
339 1401
1483 1041
901 1023
1134 842
1591 867
1175 291
836 1167
495 1255
246 1544
1252 1360
420 1395
1131 1544
466 1496
757 1572
276 619
675 398
1184 78
365 431
699 766
1158 271
610 585
162 234
1404 798
753 147
469 11
968 668
1174 490
420 1618
1555 115
799 118
409 632
1020 389
195 155
1084 812
60 612
1153 31
1189 1319
1152 320
547 1016
1429 1394
1397 1181
1111 1188
838 1192
240 1506
1082 1480
1309 1221
1472 1296
557 886
696 797
1377 269
476 268
242 1237
780 477
1253 973
1153 1580
167 372
148 371
1166 1266
501 946
1070 1394
17 531
801 487
445 817
429 1297
539 834
149 786
401 1095
1406 1427
293 1201
693 1221
1514 518
927 1546
1350 879
660 1451
1355 516
611 584
740 169
163 185
251 1183
347 1255
413 1318
819 1128
643 1235
1031 1433
1211 403
199 1580
778 1013
1026 298
773 1296
416 632
1499 919
1444 119
1182 1149
193 1319
701 1525
11 794
240 337
431 1176
446 228
1454 1030
1420 349
316 606
891 578
976 147
221 251
994 1480
385 1394
1402 474
1281 1009
312 876
786 1531
1466 1004
839 822
264 1525
595 759
929 651
1590 342
1308 380
731 266
1494 1368
124 1395
1160 125
183 691
1527 1605
1407 411
1255 1496
1391 350
1622 1198
871 527
109 1531
41 1273
1041 1406
225 624
338 617
549 365
760 1527
1035 1574
1193 1059
703 50
1543 565
525 684
327 1447
604 893
1397 1301
75 1239
300 499
558 1332
1539 765
485 899
1096 1159
690 512
1083 253
764 1616
573 1455
604 994
207 678
9 692
4 601
929 235
583 827
1409 1124
1280 147
111 252
1036 425
980 1142
1325 54
1198 1359
4 426
1013 438
348 735
1138 1481
1585 1586
1610 110
1322 542
289 416
691 634
1562 554
536 236
1301 1565
1469 966
616 823
1522 209
1109 282
55 912
1085 1486
1137 476
356 1122
1456 702
1220 881
46 604
1381 1198
571 389
1161 1173
1550 38
1591 126
698 490
658 1551
576 1621
314 1306
1590 1028
1261 1201
860 771
945 903
1472 753
400 260
467 1138
17 1577
1093 851
131 822
1180 99
683 25
174 898
795 1224
1383 416
1467 1156
213 1466
6 786
285 174
720 554
1448 607
1423 1038
964 490
1387 38
1611 1560
1098 765
649 668
1264 577
945 88
472 422
214 654
1561 91
56 516
1624 589
172 34
1460 1158
908 727
415 868
1189 305
439 1059
577 1061
74 984
190 116
865 1338
231 1462
1080 345
791 364
1610 1138
1016 866
92 1544
66 1157
932 104
324 339
750 486
782 1623
965 365
1499 768
1454 13
403 949
1166 1135
849 3
866 1335
1626 401
377 365
713 212
779 359
407 1219
535 617
1043 142
1561 189
364 1442
1320 1208
361 654
112 363
1068 727
718 1146
797 89
1513 278
1103 1359
1429 742
171 999
747 1095
1224 480
1036 442
118 195
892 86
376 897
1510 1346
270 199
1490 1284
1395 851
10 1422
835 276
1005 1576
1452 412
939 955
1084 530
1200 1321
1535 1321
12 379
527 727
543 765
82 794
1589 826
761 581
925 940
566 1385
360 190
1207 1598
317 837
876 475
817 1333
905 1034
1160 379
1316 1114
1617 1210
1566 472
981 1487
1265 1485
621 1537
1049 650
545 192
661 964
454 342
1143 1526
564 811
666 59
418 1164
378 500
1036 925
1130 138
283 97
314 335
79 1051
1066 1426
1062 1574
133 362
322 1370
292 1004
641 991
1290 678
236 1334
423 155
1106 821
915 1584
205 927
1087 839
457 1612
302 737
1160 1076
56 1553
686 491
1556 596
89 927
423 1609
249 762
1179 1525
1186 1430
293 223
1452 942
355 453
412 246
160 376
486 1356
307 701
442 129
1491 1514
103 220
1133 1147
1432 1597
944 447
1161 1364
471 225
568 932
96 1445
1547 1090
892 1072
903 1407
1012 81
754 300
517 268
1329 62
1508 1442
758 553
1206 125
1607 1428
1524 1449
719 160
1518 1554
103 1062
205 631
1347 1363
117 821
675 177
1332 1333
1108 879
1321 170
617 349
802 91
1327 1330
344 1273
1048 253
1357 1086
484 1307
295 1315
50 898
544 1510
1150 216
1123 1125
1572 877
1053 966
1053 848
374 893
343 1463
745 1580
853 428
1183 1509
962 409
427 1276
1055 679
1019 1057
1197 1466
353 106
1550 692
249 1567
1545 260
1029 1047
710 778
1575 1184
1568 770
142 170
175 1085
199 1319
592 123
201 171
807 485
969 1119
52 1015
757 774
681 964
110 667
834 684
546 733
35 404
925 1263
372 754
439 337
268 204
848 617
368 668
350 553
659 1536
832 122
75 475
398 1615
276 898
649 958
782 944
134 1170
374 984
1563 1347
512 345
1149 1560
1123 593
553 81
1002 307
137 916
980 385
1073 1499
693 211
845 854
274 1410
1153 15
1191 1283
1505 1191
811 1481
1260 1238
14 804
1271 1533
170 738
1568 1313
1503 1303
1289 1038
630 177
341 172
179 1033
5 766
323 454
107 208
1225 264
480 603
710 1042
796 1192
288 977
27 1442
29 429
369 477
1221 1571
402 1594
1140 281
1018 81
689 723
797 241
1614 467
1109 270
1119 1043
1069 806
1405 1411
457 1570
205 169
783 1627
1355 1283
1497 697
326 243
820 1401
680 532
1404 599
174 1254
1105 457
465 483
1551 600
352 472
64 334
1078 1245
230 335
814 863
1015 931
892 1538
75 838
1011 1414
1562 251
887 275
1562 52
1008 1333
901 1561
724 17
607 241
627 273
1438 225
230 869
489 922
666 1560
1297 794
831 1556
393 1468
1192 360
1543 1610
1282 1138
284 1461
694 260
589 662
1527 1131
1518 430
1083 705
1061 897
439 666
1163 934
244 1335
336 445
455 120
1362 1323
733 1544
1045 1009
1029 350
949 667
1055 1599
487 1510
206 1176
285 1315
43 891
636 54
1016 203
907 1057
1111 776
579 130
1418 9
1560 1574
880 1525
567 951
652 711
159 622
283 817
385 1420
317 199
1563 1129
280 391
1141 927
1046 915
764 1131
1069 1562
1519 434
390 674
1598 733
563 298
820 348
1058 1035
1365 543
1394 258
1195 1619
921 789
958 1417
670 1427
847 944
286 1086
956 1441
499 587
25 711
601 198
522 329
1233 763
1449 674
1031 1015
484 337
220 1620
230 66
370 142
700 600
1212 1162
1013 1099
1215 1546
1399 1002
883 1071
809 862
1512 765
1562 141
208 803
1517 1578
1202 867
1355 147
266 1037
1511 153
1534 1321
752 815
1585 595
277 550
1432 553
1106 1061
940 753
873 477
1445 928
405 1105
103 965
663 1394
1134 426
962 171
718 1056
1520 605
1 459
1440 1334
381 800
368 963
399 1522
12 673
595 876
1305 615
1003 1328
565 1099
747 759
477 918
621 161
321 447
621 1257
995 1322
300 1146
1460 132
714 941
855 636
1395 1104
1423 83
682 1474
454 1411
1254 1482
1211 861
1570 811
653 1606
717 1128
706 1340
1217 833
1086 466
488 1070
264 127
1226 216
592 560
1270 1265
386 752
641 1498
327 192
1487 1162
804 1312
598 1076
217 529
780 1354
507 471
1452 1121
1052 1256
1178 1331
556 581
1078 93
1274 1196
1468 190
949 614
1397 960
1212 749
815 432
1100 786
95 910
892 1055
1292 696
1367 1339
276 78
1233 1169
507 597
906 460
819 1086
989 520
1627 1062
1075 803
1066 1134
1357 413
764 1254
572 1301
119 1287
597 563
440 705
700 893
446 1004
498 982
1341 819
1100 362
1554 1044
367 731
2 194
305 1583
795 1504
1112 434
680 266
964 397
1271 1114
1580 553
450 1493
117 863
1387 144
604 1148
683 152
72 1612
1583 363
404 297
514 1242
748 834
526 314
765 586
1277 1528
1366 1194
777 999
941 328
559 1572
930 223
696 1080
1274 163
618 840
625 1315
982 1068
618 1201
431 707
1015 303
1614 637
473 1538
245 1047
909 373
914 1392
1328 701
60 1203
535 926
610 729
255 757
878 1238
630 1380
1373 358
503 212
1101 61
1144 916
930 490
1329 285
1050 1491
172 576
1027 1516
55 632
1307 66
1454 1599
1152 1619
380 468
1333 1462
1353 369
530 3
718 310
145 722
582 1249
1567 1131
1550 1286
662 794
526 652
389 1613
156 1468
806 1004
819 1437
382 1111
1363 902
25 1534
145 1002
224 413
1490 1302
1005 598
674 1388
1105 1420
366 484
565 218
886 264
1593 1015
644 1139
343 800
303 733
274 984
587 646
809 1521
1536 1033
845 590
740 510
485 776
630 964
1326 740
284 878
297 1401
434 51
697 1544
1128 442
1482 573
790 1310
1579 561
412 1149
325 826
528 1155
1441 1321
519 426
137 1238
1196 1480
762 901
1419 1230
693 933
917 830
1077 1169
502 1498
503 946
1012 1580
1239 811
1555 665
438 328
328 1577
1314 1209
577 462
44 435
786 98
1450 1313
911 509
45 561
770 389
1374 99
1604 1125
806 427
172 327
1365 1587
336 1505
721 495
795 1496
1188 632
81 898
1075 1286
1188 1273
1299 1566
1382 561
1336 501
67 1244
721 1213
1056 1059
181 519
31 1434
1297 1496
1458 615
73 117
1189 1099
913 1470
874 897
1240 1352
1215 686
1311 607
1394 846
1607 725
676 207
991 1048
311 1401
32 1157
1268 1148
939 55
76 1395
975 971
676 166
286 1474
242 1282
1170 668
313 528
1464 1332
1177 170
1483 244
1402 84
1418 959
1260 71
1312 1453
7 619
645 127
1127 1199
904 1263
859 1408
854 857
1016 438
538 345
1170 1580
206 1089
569 1405
888 513
545 536
1266 1075
1334 1544
964 1332
717 639
1022 640
561 1493
868 774
958 104
888 634
1187 1146
896 858
724 1544
580 757
500 1480
1352 610
1016 928
974 803
1300 1612
837 1506
561 166
768 449
481 189
113 1572
48 422
366 1346
240 763
1036 15
664 1305
324 76
1261 678
1285 970
515 1026
1157 1321
111 1558
1109 394
1028 721
660 1354
719 1494
136 135
724 1364
617 1122
1172 352
226 1420
23 1008
857 881
448 747
659 444
284 250
156 35
560 289
1050 378
304 584
15 416
132 589
222 1213
423 1174
1377 1488
1492 1601
41 808
1071 1030
1622 1401
1097 233
1591 1099
597 1282
1352 827
319 1157
877 1577
118 94
321 897
626 738
965 861
1164 1195
916 235
1537 138
1465 711
923 679
1300 624
1429 337
540 38
715 995
1503 165
114 1220
1623 1319
1548 1238
487 1176
1097 586
687 673
237 1357
283 36
708 1523
614 1477
988 38
441 717
291 808
1624 1595
1258 1282
525 996
1378 693
1108 472
1383 976
1336 1051
392 1425
310 811
990 653
337 1393
169 1018
297 123
1322 497
332 792
708 765
721 825
1046 1179
568 99
947 1295
578 1376
156 281
586 408
1292 482
1136 528
128 855
1322 1311
632 667
460 252
1600 289
548 1332
1475 1022
948 1211
369 1620
891 965
415 628
1100 1125
467 232
519 303
768 704
1229 1230
847 777
436 189
956 1453
609 752
945 931
1120 857
542 632
694 1080
1017 1586
891 850
1285 1182
1562 1517
1011 901
888 1453
430 1038
915 1213
44 1362
1592 258
505 1346
1353 155
854 655
1491 186
1564 635
667 1525
63 275
1035 1553
1496 1481
414 1053
326 1435
933 97
602 1070
354 169
1364 1149
137 319
361 464
196 302
113 522
1432 1167
488 1237
1130 879
296 273
1248 476
1402 952
677 132
670 1274
1248 1566
39 110
668 1291
70 1047
1251 394
1001 966
1479 269
1509 848
895 1079
295 811
629 96
418 512
230 654
599 1600
388 916
484 395
414 1216
725 1455
462 952
294 667
276 1620
1366 971
417 79
1137 310
1433 129
257 1434
1161 533
542 342
633 1064
555 130
146 1321
837 401
864 1015
706 712
491 486
1585 123
1014 1544
323 641
809 1615
1207 300
1339 1197
605 963
1593 1606
424 496
28 1057
926 52
351 281
1441 855
14 773
1588 535
836 509
706 78
383 593
422 632
1336 1238
858 171
20 1382
1380 310
1466 1550
37 174
520 1270
935 252
848 1513
354 241
332 1510
1200 116
1459 93
810 1436
1320 1609
326 146
812 1077
44 784
1575 534
272 349
1029 1169
1084 1416
270 1225
107 433
421 993
1132 839
1611 852
565 1500
905 587
779 641
1133 863
936 552
42 1554
973 1123
378 962
1526 131
948 1541
1025 1463
668 470
1353 962
813 1355
875 422
1617 138
720 622
957 1187
333 106
1229 425
762 71
517 1557
494 500
623 1022
1205 6
100 1221
285 731
683 991
742 793
441 254
1507 598
1366 534
61 1472
403 125
1579 71
1065 1213
1516 826
367 1400
322 329
43 1469
319 1093
1141 590
14 1390
11 755
1613 551
1203 1609
1507 590
1115 406
1461 951
1118 1102
771 871
959 1019
782 879
1154 1458
1111 59
1598 1374
925 1284
1314 232
1394 1532
613 367
1351 745
316 1265
869 360
1191 1552
230 149
1584 1510
105 1324
1575 419
1214 1321
1272 495
484 918
1020 593
623 1186
79 885
871 1026
54 477
657 149
547 837
1292 1600
574 744
1112 165
705 110
1449 513
1252 374
6 1535
993 1201
1568 419
1230 393
676 1270
129 1480
1074 1599
594 924
704 1455
1616 401
1369 210
106 505
277 874
1219 1382
882 1545
1280 1331
124 1608
179 314
996 1375
1430 1237
410 777
1588 1063
676 324
175 646
95 737
855 1574
1059 1574
832 591
579 599
1098 459
1423 1338
742 1533
1289 295
793 1417
782 458
1140 1164
22 1086
1049 1586
1616 9
560 1018
948 1124
280 907
33 657
648 790
338 1292
644 1273
341 889
680 717
1127 988
206 1384
1444 1115
518 909
943 304
789 1411
1605 839
1185 853
895 1157
287 291
1066 440
221 1582
576 1508
810 932
1347 1111
630 464
925 1618
633 64
1194 1044
741 625
1402 1604
356 1481
1424 1614
1547 853
1408 1229
954 357
607 1594
615 410
1222 147
670 509
623 73
539 1384
591 1037
1345 1291
1564 1077
1500 291
1359 877
1317 1466
1444 1008
87 829
659 1122
715 212
1452 1269
452 1201
1268 1237
308 145
288 426
1599 1473
1624 246
1379 914
1457 1230
1122 1391
937 927
510 1574
273 821
825 490
1410 231
1498 320
519 963
402 730
359 30
143 1255
371 254
689 39
891 753
1399 48
330 1345
1476 16
1149 1391
186 1266
361 1332
268 590
1236 76
677 1043
489 376
922 593
1106 32
957 1399
164 1043
131 572
488 1114
93 1047
1492 1544
410 1513
1516 1542
1329 512
1 771
533 1333
336 555
132 116
386 1297
1309 1558
1210 1120
1005 375
107 1023
1318 348
235 1351
965 1623
935 1592
782 757
919 132
536 1594
330 1075
1262 152
1426 1059
795 746
181 1453
1384 108
525 84
1042 1409
423 1408
7 1302
153 898
1013 979
934 1618
1292 880
774 201
924 1138
427 733
657 712
325 268
903 558
1194 274
171 712
128 1228
317 764
432 1474
1154 381
1396 829
219 773
570 409
1543 24
685 1430
779 419
247 232
656 1076
1494 1497
1099 591
1490 1301
16 567
975 1010
523 1047
1521 733
665 198
560 755
1385 794
942 420
921 212
511 298
690 1308
221 826
1185 101
456 98
1085 331
504 739
175 242
1193 769
1340 258
1516 752
652 702
1108 624
1412 1000
555 310
490 811
8 1578
629 84
230 1077
1418 1219
567 864
8 551
202 655
1304 821
673 977
935 98
133 71
1367 1040
42 1420
507 354
215 288
1110 751
420 1551
726 811
1575 1371
24 82
115 833
578 1413
1037 1496
1144 325
555 231
451 818
1489 190
654 1502
684 139
522 340
1008 303
473 1441
227 305
1199 881
1085 1376
99 1214
230 1267
613 1347
935 349
400 1199
1034 1583
576 470
1532 821
1380 857
823 1421
996 1244
1134 81
1596 1374
1423 701
463 997
1363 826
1363 524
194 474
1244 373
25 805
655 1421
1299 1334
1433 1350
1092 584
1253 875
867 345
20 1603
1259 654
1144 1124
1100 363
1527 1301
1067 1108
137 547
1281 15
1306 640
832 1570
43 1492
1566 1014
710 869
429 966
575 472
17 862
540 898
737 318
544 1018
107 1247
1001 1445
1172 342
1367 1554
277 1518
1144 1361
425 1014
168 1469
1406 1033
1428 355
74 109
1160 1478
523 1345
1218 1058
338 554
1209 437
177 1008
1484 877
1264 1482
574 987
1178 1500
987 944
257 516
152 1236
87 1156
1554 1060
508 821
1010 1093
761 1595
1094 246
352 29
501 248
1430 1163
1344 946
1402 34
233 826
680 320
1242 1026
1298 888
153 1494
148 1019
1021 1382
583 67
154 626
1184 991
380 1388
677 1409
1271 840
526 603
672 379
987 144
299 1009
1547 1382
1107 1055
1488 1192
1278 860
1142 708
387 209
65 1556
508 875
176 157
1399 309
497 138
1505 253
319 680
1517 1062
1011 575
319 1007
582 1530
1333 861
594 876
1304 836
1403 1533
669 1035
104 138
1300 1061
878 938
1020 21
695 692
102 1323
772 783
1455 77
856 109
262 1078
1047 311
200 1534
395 491
348 632
290 150
787 1497
395 1091
1041 824
790 476
959 50
519 825
789 1560
532 1539
627 596
771 1238
1320 185
189 475
650 1473
194 301
598 109
221 1024
869 1493
1436 1025
503 549
1361 267
601 561
1456 887
57 1434
488 1348
172 830
737 1481
1320 1381
72 1295
251 1552
1069 1523
546 154
268 305
936 408
1251 383
306 334
1010 908
13 1324
1091 988
985 1156
603 396
383 1245
978 1033
145 830
1619 803
1147 225
345 1449
647 1626
944 286
530 1319
442 50
1088 172
1417 241
1330 1319
657 721
1354 671
44 771
211 822
705 244
903 1030
410 824
329 1620
150 1328
1265 777
1405 698
711 1416
646 729
768 1475
1551 356
1587 1620
191 101
1578 777
465 1491
665 1169
1471 1341
1522 1089
1145 735
923 1440
656 713
1450 646
1530 260
441 241
1092 922
533 918
744 1039
732 864
470 781
282 1094
474 1600
620 1071
494 734
118 1147
706 845
553 590
132 560
89 1552
107 1156
1129 929
1110 449
1582 229
708 1463
138 81
314 1223
212 722
1195 258
290 1546
1269 1148
1414 811
111 43
1192 1411
569 1619
1524 967
954 1080
980 86
315 1532
65 437
452 409
415 848
29 833
1168 708
1315 861
881 738
998 1141
686 662
321 642
175 1121
209 53
588 1072
345 640
830 278
1369 376
433 1328
85 173
663 904
681 342
493 172
1232 357
76 730
1199 1155
843 751
386 760
1386 734
1163 1057
586 457
744 1624
1551 40
1402 1373
983 1480
390 628
999 81
131 208
367 866
270 185
1392 201
508 753
1022 1282
884 1237
1438 1174
182 1488
699 10
1329 764
1566 392
703 223
56 826
1122 1308
348 1334
596 931
1428 699
1072 960
323 1009
1473 811
68 463
642 81
395 586
615 881
1563 330
285 1615
1077 447
534 469
956 497
1373 1277
1398 1116
1246 978
1337 1493
133 1365
1146 52
1577 1333
1476 1581
1014 232
1326 1540
1216 223
901 86
851 1238
1006 195
992 386
1124 1625
896 1065
676 1162
150 824
1107 995
260 551
859 1462
969 1300
1405 119
455 803
1013 257
1605 698
1293 906
1415 1401
1157 160
1499 1564
1031 1581
1622 1081
926 369
844 633
943 524
417 1500
941 880
1387 312
162 1570
794 475
1298 1222
1515 408
756 361
815 1525
678 755
293 1496
802 1413
788 1619
1451 333
195 1537
1479 160
1005 317
648 47
538 1626
1249 422
209 1159
627 368
313 1394
631 1518
644 997
649 1291
459 551
279 1303
423 1520
25 972
412 107
1586 962
937 914
1114 730
621 485
1298 96
1466 363
153 781
707 1200
1271 966
1087 924
1518 239
922 551
860 1321
210 373
859 536
1039 209
1189 1502
208 406
237 1037
1506 216
167 404
946 1600
75 525
1442 303
437 229
507 509
1230 974
693 1497
1293 830
90 805
492 877
312 166
309 10
394 1157
731 1396
1293
939
955
265
906
460
685
1153
1543
31
682
338
137
319
1529
134
775
14
1390
1590
1069
806
1495
954
526
652
450
992
451
1424
128
883
620
658
1071
676
207
975
224
1329
62
1010
452
1178
807
1017
724
961
816
1314
1137
1231
592
1066
440
1109
1292
418
482
322
80
45
644
1139
206
196
574
987
859
1189
930
1084
1150
1377
402
133
772
783
629
503
706
845
1278
1252
1360
346
1452
942
414
1166
1135
998
1143
741
1438
1568
661
710
778
1602
1042
336
445
1304
836
1476
16
68
787
969
1443
1050
1367
323
384
1118
407
541
113
488
1348
1202
714
179
621
913
1470
366
1240
568
1096
948
1541
1211
664
403
949
539
1011
1366
1262
1046
1562
141
915
1398
1387
1298
1116
144
882
758
249
1
1161
1280
1596
1585
484
696
1264
577
843
74
1073
1253
762
1499
111
1251
1005
1576
1031
1257
1433
498
282
818
982
463
1218
317
1567
314
1223
193
1087
26
1117
623
1186
1430
1112
1519
986
90
434
670
1274
804
400
694
302
1316
221
465
649
1491
186
1514
1049
1266
1028
936
1591
126
424
496
1418
1045
959
421
1144
1361
388
325
916
58
267
989
756
361
1281
85
520
595
1270
173
935
377
296
1001
1172
1133
252
1614
1185
1217
796
683
191
1483
101
1233
148
1154
1458
1127
844
828
279
663
1054
2
423
1408
395
809
847
57
399
1446
630
1380
464
660
1451
1588
333
44
435
436
1362
12
1260
205
950
184
417
535
1119
1285
970
1168
1182
1222
980
385
559
95
910
194
301
60
608
1203
656
176
579
547
1140
103
1164
220
481
1582
627
273
1617
368
689
631
39
1573
802
764
1205
181
957
648
47
1141
19
1586
1607
102
544
352
29
1365
1587
294
283
782
1194
1187
937
1098
459
255
1163
1569
1465
919
187
462
1403
1320
1208
533
1609
1503
1303
415
945
37
88
1132
832
888
956
351
1312
1453
814
799
611
165
633
315
1064
1241
780
680
532
1415
926
17
1404
473
798
188
1160
1478
588
1210
1120
669
677
1409
517
1557
164
892
5
308
1378
1538
943
1547
1563
530
1522
594
795
746
1207
1598
1471
744
240
763
1020
21
25
972
1412
182
1379
805
613
367
284
1461
1102
441
1515
326
243
1435
1090
1490
860
1616
771
1555
665
1219
569
213
237
515
262
42
1545
285
174
1216
493
69
1402
952
1459
1381
1078
531
1136
571
1372
1505
1611
852
1271
100
602
458
175
583
813
443
688
614
1488
570
537
24
1085
331
1575
1184
779
641
545
419
973
1344
332
1370
837
1610
420
914
1392
1039
46
1082
791
270
118
156
1352
610
810
720
554
22
920
645
1436
1025
439
672
1107
386
760
1527
562
1052
43
504
167
35
739
372
404
1016
203
508
1232
1327
709
1405
1444
119
1287
197
1336
871
1383
976
1551
715
40
995
1224
151
1027
456
4
601
159
1326
1540
379
990
55
912
643
1235
226
306
479
997
1106
370
356
18
901
1349
501
1058
748
248
1215
1173
1088
277
770
1322
968
1429
1518
430
1259
287
737
318
297
622
123
1520
1511
878
905
387
70
896
480
1065
732
1024
740
938
790
49
1353
1300
958
872
903
1407
411
983
502
690
1272
567
951
1191
616
754
200
717
446
1534
580
555
1204
130
923
550
1341
1032
412
1311
256
341
889
1006
180
1450
1040
1121
261
215
1526
7
659
444
359
1431
30
1142
853
549
300
1584
1539
288
353
106
506
1554
1060
1072
93
911
183
687
507
382
195
145
251
478
214
230
1267
245
299
599
75
838
1021
1371
1399
309
1374
1147
259
934
1129
1516
1115
1542
383
222
1330
1288
647
20
494
900
1294
292
557
817
908
63
565
609
1500
218
752
1114
485
899
819
1437
1128
693
933
1309
97
525
1221
84
1225
993
474
107
1247
1036
1023
1428
355
453
835
140
1382
73
639
1354
1419
1581
1507
28
82
115
833
1364
1067
162
1134
842
891
523
850
605
597
797
172
731
34
1396
1097
985
522
1183
598
337
1101
1501
61
1456
887
1254
1498
1331
1196
841
971
1289
9
1092
965
365
96
540
1571
1275
538
1626
405
1579
71
856
492
1603
1397
960
1181
638
917
708
499
1523
1509
1299
1091
357
51
834
684
1070
32
1460
612
1063
274
378
178
155
1339
1105
431
707
381
89
1552
233
716
768
1389
1492
489
1123
812
922
593
79
1051
1193
885
1013
979
390
628
711
1475
576
1621
1307
1268
1416
769
1472
1347
433
700
1227
831
1410
354
1076
36
725
1310
1489
448
158
1041
157
1099
131
572
1229
425
41
1180
869
514
1622
1081
1198
316
152
168
728
471
225
266
1512
1305
497
719
941
438
328
519
963
1103
1248
686
1111
247
625
713
239
280
389
391
675
587
991
1197
615
785
343
1463
546
1012
1484
1536
767
442
1000
718
1056
578
1376
394
1559
927
925
940
753
1284
1355
1283
147
124
33
657
946
1192
561
1627
1373
358
784
510
1350
543
765
1363
524
902
1170
1242
1130
330
671
1345
1108
879
668
1291
890
1317
1323
290
1479
150
269
865
327
1258
884
86
143
1454
1030
1445
582
1530
1482
962
757
699
10
1152
947
928
1422
723
132
1007
560
792
929
505
1448
375
521
512
815
192
257
409
1434
563
1044
304
1083
584
369
470
742
1524
967
904
8
801
272
691
634
1261
1441
855
932
217
1624
589
702
65
761
260
310
235
1595
624
371
72
121
1393
426
202
177
721
495
1213
1604
263
1608
1243
1249
1026
1265
637
600
364
776
293
1457
944
1301
487
1510
1176
114
66
1220
476
703
50
552
1165
1439
1263
1618
1533
1302
1357
413
1386
109
1613
428
618
666
840
586
408
1517
895
1079
607
312
166
219
603
396
231
410
1466
360
1004
824
401
209
53
1561
1159
91
996
1375
1384
875
320
94
276
619
78
329
1620
1236
870
867
1043
250
1423
1038
1338
83
591
1230
393
1593
509
653
534
1606
142
734
87
829
1564
635
1250
1578
1174
556
1537
581
536
1594
988
374
984
427
646
1074
1075
823
1521
268
204
854
1053
136
135
1623
398
558
1234
1413
1080
6
606
1535
1337
1100
1125
1093
500
747
1095
1558
1206
125
655
868
146
59
1351
651
1546
1421
876
1325
163
1504
1493
185
953
1126
1572
874
827
1601
1556
750
1432
1597
1167
1548
759
1034
1124
1369
1346
1589
340
596
1615
774
56
826
67
516
1600
1485
511
281
298
1035
1553
681
199
1406
1427
1319
324
1447
153
1494
781
1368
1276
461
161
1566
1469
777
201
392
1425
866
529
1605
849
704
1019
1506
227
64
334
457
848
1055
1612
573
617
830
1599
1513
278
1157
455
1212
23
749
1190
1188
154
1508
305
335
483
862
873
1269
981
636
743
295
673
977
1151
1244
1550
1286
705
38
1290
921
789
1008
907
1057
1277
1528
1340
1179
864
1146
112
1149
1560
208
1486
825
345
469
1565
1113
429
966
149
1426
1468
1306
1062
650
1467
745
1156
321
924
432
347
527
1245
1059
1420
1574
1061
406
139
15
1077
447
786
1175
313
1531
518
238
1089
1122
1455
1391
160
604
893
362
994
104
788
339
654
198
1440
679
1022
640
1177
189
857
1048
253
566
234
1003
678
736
254
1171
1255
27
1359
376
897
1002
1580
289
1464
212
722
1394
1532
1592
76
730
1148
1583
528
766
291
1158
773
1068
1014
1226
13
105
1324
642
1279
242
1237
98
1549
1477
363
1209
1487
1094
246
1328
1110
449
1282
54
236
477
416
886
491
918
437
228
1029
1047
1169
1256
800
1246
726
1358
1342
48
271
808
117
344
307
695
821
692
1273
244
1335
1009
454
1411
564
1308
729
1497
793
350
122
77
190
129
216
1480
467
232
553
120
590
1343
223
964
397
548
1200
116
1385
877
1442
92
1577
52
1502
1315
11
755
978
229
1033
1201
1295
575
1332
1395
1104
210
486
286
894
1356
662
1473
169
1145
858
1015
931
1162
1414
1138
1037
311
3
1417
99
863
349
1086
264
127
1333
1462
466
275
727
974
1318
1400
542
138
861
551
1570
342
820
1401
909
373
698
171
712
585
472
1297
794
303
1625
839
1199
1155
1214
1321
475
999
422
1228
110
1313
751
1449
1239
513
674
348
241
735
1334
1195
258
851
108
490
1018
733
626
81
1238
170
881
738
380
1296
1388
1474
468
1131
697
1544
846
1496
811
1481
211
822
1619
898
701
803
880
632
667
1525
