200 20 10
29 319 52 67 414 203 232 268 193 96 392 138 374 199 42 144 329 315 177 267
17 309 63 87 396 216 222 285 203 108 376 101 366 162 32 143 349 316 145 270
18 306 72 96 388 228 233 298 185 98 396 119 359 175 44 151 329 322 165 279
24 305 64 63 410 203 255 297 180 116 392 121 347 169 50 134 341 329 179 241
34 296 74 64 411 209 258 282 207 99 384 133 343 194 49 157 324 325 167 261
13 298 57 84 380 225 244 267 203 109 385 138 359 187 49 152 335 308 152 251
27 283 61 81 393 230 248 286 181 111 385 111 349 199 57 133 352 322 148 251
9 296 46 68 409 232 220 289 180 80 382 127 377 178 46 158 336 330 147 263
25 305 41 96 381 206 227 265 200 99 371 114 378 163 30 156 355 327 146 262
7 284 40 86 416 228 231 284 205 112 397 131 355 194 27 130 335 335 175 263
15 286 60 80 384 201 229 282 190 112 396 107 346 192 51 155 356 312 178 248
4 304 63 99 412 232 242 271 189 99 397 113 370 178 45 137 358 307 148 257
29 291 70 64 383 216 226 279 206 80 373 124 354 176 31 123 359 305 167 274
1 281 42 88 417 218 224 278 180 88 361 110 365 176 43 138 352 333 165 254
26 298 77 82 381 215 256 290 188 94 378 103 361 186 41 151 343 320 158 242
22 280 51 89 405 203 240 295 199 111 365 139 363 184 54 132 347 330 178 277
9 304 63 78 395 201 230 271 204 98 375 120 376 172 27 125 346 332 174 245
22 316 45 71 418 220 220 276 202 91 390 128 375 165 25 131 325 327 154 276
29 289 62 90 418 223 247 276 196 90 378 127 371 199 57 149 338 327 158 277
7 290 54 66 384 202 230 263 205 83 387 137 342 181 57 148 328 338 142 255
22 303 59 61 380 201 253 279 212 105 382 116 359 182 41 144 336 303 148 244
17 301 71 71 406 202 226 276 218 116 360 117 356 177 20 123 359 300 162 263
35 282 62 79 400 235 240 290 207 116 371 112 363 174 58 122 337 328 146 263
28 309 57 68 391 221 256 290 203 88 383 129 364 186 51 131 344 313 173 275
15 288 49 90 413 201 230 266 216 103 384 114 354 182 30 120 331 323 176 252
35 284 72 94 414 213 248 273 214 114 367 120 351 197 24 142 338 302 173 274
31 303 58 60 404 226 234 299 207 115 380 119 357 184 58 122 342 339 150 252
29 315 58 73 397 213 254 269 218 102 383 126 361 167 34 145 350 338 150 255
0 309 79 66 384 232 240 277 180 115 366 128 371 182 58 137 357 330 169 241
24 305 78 64 407 229 229 281 216 93 376 120 377 169 31 145 352 333 162 242
35 303 50 93 399 214 220 281 192 82 393 104 346 189 32 130 332 311 171 248
38 284 78 63 387 227 230 292 197 103 360 118 375 181 38 135 356 332 143 277
18 295 68 64 415 225 240 276 201 95 364 114 349 189 52 128 337 315 149 279
26 293 63 64 401 234 248 263 196 119 388 120 366 175 20 143 347 306 158 244
33 283 75 96 387 223 220 275 212 105 371 127 365 183 58 141 357 327 150 256
10 311 53 75 412 223 254 268 214 82 363 132 377 188 21 157 333 303 168 275
39 300 62 66 413 202 221 293 194 82 385 117 362 197 40 122 329 335 162 275
20 296 66 60 400 230 246 288 219 80 391 117 343 165 24 142 358 333 177 252
36 284 45 96 419 205 225 260 181 87 360 121 361 189 55 122 355 329 158 279
10 295 45 97 411 209 246 282 192 104 364 125 361 189 30 156 331 301 166 270
19 286 43 76 389 228 254 275 209 85 388 126 356 190 47 146 336 326 160 266
39 284 53 88 406 225 255 266 201 95 377 123 352 166 49 122 356 334 152 246
7 306 70 91 419 232 224 289 206 85 382 130 343 176 37 139 321 311 169 276
17 283 45 77 403 202 252 274 206 82 388 101 369 160 30 123 337 318 176 241
0 294 43 91 416 225 234 260 202 97 388 136 351 168 46 126 337 313 156 264
31 296 78 65 390 218 241 279 208 111 392 128 346 161 20 143 358 326 170 256
20 318 44 68 403 218 257 286 217 109 371 104 347 193 27 134 338 338 150 258
18 316 58 99 389 226 221 288 201 112 360 122 340 173 52 142 329 322 149 274
8 308 59 98 418 208 254 267 198 94 375 136 341 180 36 137 349 337 174 265
14 286 45 83 418 219 250 285 209 119 370 134 369 175 49 155 352 310 159 277
22 312 46 73 415 219 250 280 217 102 398 102 351 192 55 151 336 329 156 278
7 314 60 90 389 202 241 297 182 98 390 103 365 198 32 121 342 338 170 277
22 296 67 95 389 203 249 261 209 93 395 107 343 186 40 121 351 301 155 242
30 301 64 91 412 229 249 289 216 104 374 131 359 177 55 137 332 302 155 242
23 312 74 61 385 235 233 260 184 104 382 121 357 189 48 146 358 309 176 267
11 317 73 68 396 211 231 282 181 89 390 106 374 162 39 129 322 318 168 254
36 307 48 62 387 217 258 295 204 110 367 125 362 170 32 153 323 327 178 240
10 309 61 92 407 207 236 278 200 114 379 124 366 174 27 149 325 310 143 244
1 312 56 94 388 227 238 277 185 118 378 109 352 170 44 149 358 303 146 272
16 304 64 70 406 205 236 295 209 118 389 126 378 179 48 154 327 335 163 258
21 310 49 75 384 235 240 277 218 82 377 107 342 199 42 143 321 303 178 278
21 281 43 84 398 210 226 297 194 94 383 117 369 168 44 150 332 336 159 279
7 287 68 71 395 227 230 280 215 94 375 128 379 166 42 124 354 311 160 240
17 280 55 69 405 224 231 260 182 81 387 136 354 176 57 145 329 301 162 245
35 304 61 76 396 225 256 267 197 104 384 137 344 174 37 135 342 334 153 242
8 311 72 96 395 231 242 271 193 100 384 114 378 166 25 150 325 307 140 272
36 295 79 86 391 220 256 267 203 97 380 125 352 178 32 146 349 325 168 279
0 313 76 94 387 213 222 270 212 107 390 125 363 178 25 122 353 313 157 276
33 307 66 92 404 212 233 287 217 115 378 124 360 163 48 125 347 323 158 256
23 297 50 91 401 214 233 277 208 117 398 135 340 186 40 123 346 328 178 274
10 295 46 94 387 206 250 265 217 81 367 113 353 166 53 149 338 331 177 275
15 289 78 68 403 236 233 266 192 83 380 129 349 170 30 121 339 323 161 252
10 311 46 95 417 206 234 260 199 97 375 120 370 188 57 142 346 311 167 269
20 311 73 66 401 224 223 278 194 97 390 122 353 188 55 152 357 335 154 268
28 312 72 61 393 234 251 270 210 85 360 136 377 188 39 145 331 337 145 271
2 289 75 69 407 230 230 283 204 115 387 120 356 192 31 124 328 332 149 264
15 292 65 68 406 237 242 271 218 93 372 114 377 170 22 143 327 308 154 252
33 306 51 89 383 205 226 287 208 113 390 127 356 173 22 147 353 306 176 256
35 291 75 70 389 232 258 264 210 109 396 136 346 195 29 147 347 318 159 241
35 306 51 68 402 236 234 271 217 91 387 120 354 165 27 151 332 308 168 254
27 283 56 77 406 218 230 285 205 93 383 126 342 190 22 147 348 329 159 267
18 290 78 86 382 213 248 285 181 109 391 115 367 188 50 153 345 312 173 276
19 296 46 94 401 201 245 267 211 116 363 139 375 196 45 127 339 325 162 276
35 308 67 87 398 237 246 298 210 92 370 108 361 193 40 150 352 316 152 249
34 284 75 64 394 239 221 274 210 99 376 121 372 168 40 120 339 319 163 246
39 311 65 84 407 210 248 268 180 95 365 121 366 163 42 124 326 338 157 276
7 312 71 90 415 206 259 292 214 88 394 136 371 184 46 121 351 300 159 262
31 312 42 82 414 235 230 289 219 86 373 121 349 172 52 125 336 309 171 263
5 281 55 80 382 227 254 267 204 119 365 127 358 193 50 153 335 310 157 274
5 298 42 73 388 220 232 273 207 93 360 134 353 194 22 139 348 305 161 245
8 291 78 63 385 230 257 294 216 106 392 115 368 182 23 127 338 309 166 258
7 311 79 65 404 230 250 287 197 113 373 100 367 160 29 154 325 310 160 252
30 280 51 92 396 215 240 284 212 106 364 100 342 194 50 148 322 319 172 250
29 284 72 88 402 210 224 296 216 89 390 136 365 185 34 145 349 301 157 243
32 290 56 64 395 234 247 270 186 92 364 119 344 161 53 140 356 313 141 270
0 296 55 81 404 223 240 282 211 110 391 113 370 181 28 128 338 328 166 260
1 308 78 62 414 212 224 265 190 92 365 110 375 162 48 140 359 323 158 268
2 300 41 94 417 238 220 270 219 100 373 113 370 169 46 131 339 310 178 242
28 309 75 90 407 235 259 265 215 93 380 138 342 167 23 133 346 335 170 245
18 300 50 71 414 237 247 294 208 102 361 133 361 186 45 125 330 324 146 260
8 316 54 91 400 202 221 287 197 94 388 129 355 162 40 135 320 313 178 244
31 301 52 71 382 225 221 279 194 85 373 136 373 162 40 157 330 309 156 256
4 316 55 82 398 218 228 268 185 117 399 119 341 170 20 143 334 312 172 261
33 285 70 62 398 218 253 272 197 97 363 139 358 178 47 125 351 323 157 248
37 289 42 65 410 233 223 283 209 80 386 137 349 196 43 153 329 339 166 262
29 317 47 89 393 202 240 288 215 109 379 136 367 197 54 133 323 323 156 240
29 305 74 93 405 230 231 282 219 110 379 125 343 186 50 126 329 333 153 265
24 281 74 99 415 237 232 291 214 103 379 130 347 187 33 131 356 300 155 269
34 292 47 83 417 202 234 297 207 99 371 131 343 166 31 159 338 305 152 271
24 310 72 80 406 226 236 285 204 110 382 118 354 187 48 126 328 336 174 255
31 315 66 94 412 225 220 289 216 89 366 126 342 167 32 135 335 302 168 262
24 306 44 84 387 232 248 269 205 106 383 108 364 191 42 134 340 321 148 240
28 284 78 94 406 230 230 286 185 110 392 130 372 195 25 124 335 331 152 252
10 304 56 71 382 218 247 291 189 86 372 134 346 180 35 133 325 324 147 274
13 292 71 66 415 202 242 277 201 116 392 111 341 186 37 157 354 331 176 273
4 289 50 68 387 211 250 298 212 81 397 135 370 166 48 128 327 305 149 260
35 299 67 95 396 205 250 270 208 100 374 117 358 177 57 133 323 322 147 273
5 291 58 84 398 226 224 294 211 104 381 117 345 184 39 150 325 337 143 253
3 315 45 94 401 211 245 290 193 114 366 118 358 188 30 150 341 334 151 255
7 293 75 95 396 238 254 262 190 117 373 119 352 161 25 120 322 310 175 263
10 313 71 65 405 232 251 293 200 107 396 103 375 187 37 159 359 303 153 242
37 313 63 68 406 235 221 275 218 98 365 127 369 176 41 151 320 310 179 269
11 289 52 94 395 235 222 277 195 89 399 118 356 173 58 135 338 335 170 275
19 280 78 67 399 235 225 286 198 94 365 121 345 184 36 144 359 335 174 276
4 302 70 98 413 230 225 273 219 94 360 132 355 175 59 143 335 329 159 276
18 281 69 73 386 212 254 270 211 103 381 121 349 164 48 147 339 332 172 253
30 319 43 71 416 236 234 282 202 92 386 116 362 182 32 123 355 317 170 266
35 290 56 84 383 216 242 295 205 94 395 104 366 172 23 127 336 334 146 265
11 283 64 94 413 217 249 269 180 83 378 122 371 160 50 128 325 330 140 276
25 284 42 74 380 216 223 299 202 110 371 104 343 173 43 127 335 323 176 260
16 286 64 85 403 230 224 262 215 106 373 133 346 182 46 143 348 315 148 257
33 306 73 78 414 216 240 261 191 108 366 107 348 189 33 135 352 307 152 250
3 304 43 66 384 234 258 270 197 108 398 125 379 189 49 152 347 306 159 246
19 282 53 83 415 206 249 280 184 103 388 127 362 188 24 151 350 301 159 260
11 300 57 61 399 200 254 278 214 116 391 132 342 168 51 152 358 335 151 261
16 307 48 86 391 234 233 276 206 113 371 124 379 172 41 150 352 301 145 259
36 303 46 73 416 215 236 297 216 81 389 120 356 190 38 123 355 329 142 254
19 293 44 95 397 238 249 281 216 116 392 100 361 169 54 136 341 321 166 275
34 284 45 75 381 213 252 285 209 91 398 119 369 178 22 145 348 331 146 265
2 316 73 80 412 231 228 297 205 118 379 105 351 193 52 137 325 311 177 265
3 310 54 89 416 235 243 282 193 107 396 106 346 189 32 149 329 336 151 257
28 308 46 69 400 202 222 266 205 93 373 106 349 196 58 143 356 320 141 253
7 286 50 84 392 220 255 265 194 102 385 138 374 182 28 145 337 335 170 250
10 318 53 82 384 239 254 297 213 90 363 119 370 180 34 155 344 312 176 272
32 304 76 78 411 229 255 269 184 90 386 117 358 186 20 155 327 320 162 267
23 305 57 95 404 209 238 288 193 98 386 119 362 190 45 128 359 331 161 263
36 282 56 60 418 214 246 277 195 87 365 114 374 179 28 138 350 308 143 261
17 280 49 62 397 211 232 280 202 112 378 120 343 199 48 122 339 305 140 245
16 292 52 84 394 206 239 280 219 119 381 120 363 197 50 137 344 321 156 258
0 290 60 67 409 204 224 294 207 99 364 103 369 175 51 159 351 322 162 252
4 296 67 64 391 235 232 263 200 118 395 122 357 196 37 154 352 331 166 254
4 285 60 67 414 228 230 290 190 86 398 139 352 193 22 137 321 306 163 261
36 315 55 73 401 207 224 278 185 106 396 101 373 175 48 132 341 306 141 265
9 290 69 61 381 220 227 299 186 90 363 102 342 192 37 137 328 333 142 243
34 306 60 92 409 227 242 283 211 107 399 128 365 199 54 141 343 306 143 250
4 316 53 91 390 209 232 260 211 118 389 116 359 171 26 133 358 315 140 275
30 293 65 79 418 232 242 284 207 107 365 123 372 160 20 152 321 310 170 261
4 288 75 74 415 201 244 274 186 87 389 137 354 178 39 147 357 310 178 270
8 311 56 76 402 232 253 285 190 111 377 128 376 182 52 152 335 316 152 245
19 302 50 61 390 236 253 291 196 104 391 134 359 182 43 131 346 303 142 277
34 284 50 77 416 201 250 263 214 92 399 116 348 176 46 139 335 300 170 274
36 310 45 77 380 212 235 279 212 98 369 101 377 196 33 153 326 323 167 259
1 297 77 78 405 226 237 298 196 107 383 118 362 193 22 127 354 337 176 268
37 307 49 60 410 229 225 266 187 116 370 136 363 187 46 120 353 307 143 270
34 319 56 79 404 220 232 267 201 92 393 111 359 194 35 127 330 326 156 262
4 307 71 61 397 237 229 288 210 84 397 117 365 177 25 143 343 335 178 246
31 295 59 86 403 217 225 294 216 94 392 136 363 160 43 127 330 305 140 252
11 308 73 69 411 212 237 287 188 83 364 108 373 168 35 159 342 331 141 276
32 294 58 72 410 216 249 285 187 101 369 134 344 187 58 155 323 338 166 252
13 312 59 68 397 237 234 288 182 101 375 134 367 198 22 122 323 338 153 260
12 298 48 80 409 222 257 262 203 106 370 121 360 189 34 123 355 324 171 263
25 313 41 60 381 235 239 278 200 110 372 104 352 169 47 157 346 316 176 267
7 283 62 86 380 230 245 265 182 118 397 127 345 199 33 129 333 307 150 273
4 285 77 88 383 220 232 261 219 110 366 126 340 175 21 151 324 339 156 257
19 307 75 89 415 209 242 278 200 86 388 133 354 175 48 121 326 332 141 252
32 291 79 86 418 216 245 268 202 117 360 112 365 195 58 159 336 338 149 279
34 310 66 68 380 222 225 299 181 89 387 103 365 172 55 152 324 311 164 257
25 292 44 85 381 234 238 275 203 111 368 120 365 178 55 153 340 308 153 249
31 306 73 69 386 219 251 268 202 93 363 115 364 199 28 126 343 336 158 279
11 282 73 95 396 222 229 276 204 97 383 112 353 185 26 145 323 315 146 269
10 288 62 64 405 226 229 296 185 117 364 121 350 171 43 155 353 313 150 258
31 316 63 64 410 233 233 285 184 89 381 128 373 193 33 134 343 318 149 250
18 304 58 72 418 221 235 290 212 93 392 101 353 173 29 148 342 329 167 252
13 319 62 77 405 228 239 276 202 106 367 110 348 163 53 120 349 336 176 249
10 312 71 63 386 233 254 285 191 115 364 131 342 181 27 143 334 312 145 270
17 318 52 61 399 208 248 274 190 117 362 116 351 171 41 146 325 311 177 263
14 309 51 64 412 214 256 279 191 95 375 105 378 163 42 146 320 328 157 248
17 291 61 90 410 210 240 296 212 80 382 101 346 176 50 153 337 306 171 257
5 288 45 91 404 220 244 287 207 84 378 136 369 162 54 120 351 334 173 244
18 299 50 96 400 201 243 276 214 98 382 104 340 186 38 154 339 322 170 253
15 314 52 81 416 231 248 262 207 85 384 106 355 160 24 140 351 326 151 271
32 293 60 93 410 219 247 261 191 100 380 139 357 187 39 159 329 329 147 255
22 287 45 99 383 204 252 288 213 80 398 109 369 195 49 139 326 329 153 255
20 306 55 71 408 235 223 282 204 113 360 128 359 174 39 129 322 302 158 257
38 295 67 94 418 233 258 292 182 109 369 127 350 181 30 142 340 330 163 270
13 302 41 73 387 229 227 278 204 95 375 107 375 194 27 127 352 327 142 257
14 295 54 90 381 201 238 263 211 119 372 135 376 169 44 133 349 300 169 253
33 318 58 61 416 223 242 294 201 115 381 113 347 168 26 157 349 332 149 247
30 308 62 70 405 229 237 269 206 82 385 122 365 163 28 124 356 309 144 265
3 287 52 66 389 217 243 281 206 112 389 138 364 160 45 158 328 338 162 276
