137 20 6
380 235 75 158 712 722 630 283 426 728 875 585 541 638 964 902 382 479 186 642
444 673 121 173 212 773 336 759 173 151 578 151 110 640 925 103 956 279 633 387
405 727 583 499 249 293 644 526 240 766 844 779 338 385 374 715 342 430 565 630
952 970 681 578 313 640 620 703 370 21 629 3 237 474 112 288 65 270 326 258
179 182 153 150 557 617 976 623 6 389 914 523 548 973 973 657 627 718 614 790
548 300 54 472 64 793 407 137 874 535 714 354 712 676 595 206 364 911 480 822
939 121 511 387 355 627 255 302 285 485 521 833 241 803 395 145 305 609 324 995
733 918 811 929 30 776 719 981 69 769 831 635 353 488 630 215 13 763 505 156
482 947 919 713 45 198 325 913 259 617 217 80 95 627 660 428 873 165 350 828
789 158 828 472 669 805 254 381 345 404 834 382 698 829 34 178 819 167 423 867
333 706 9 494 578 357 97 871 731 544 16 847 736 355 146 694 978 225 220 95
788 915 486 392 483 623 722 650 606 961 911 892 16 743 692 119 459 918 694 687
667 35 409 17 296 892 347 0 151 979 228 725 773 71 230 854 814 601 625 403
461 564 999 660 267 264 137 812 345 737 852 841 91 889 439 503 725 519 962 614
981 99 509 632 137 64 860 693 980 465 181 397 450 304 942 771 546 682 50 839
19 887 171 100 4 582 722 136 72 223 597 509 213 491 432 325 390 840 534 684
211 909 580 876 959 764 608 671 888 238 309 371 178 693 986 908 33 600 434 265
909 636 559 775 911 447 617 206 35 27 192 879 602 497 555 674 717 684 159 956
643 21 972 981 321 156 145 147 242 619 427 350 322 477 649 923 943 128 380 718
30 144 846 710 289 602 442 852 632 239 7 145 129 968 749 979 382 581 905 690
738 425 731 620 980 101 875 96 343 917 819 382 864 481 489 243 507 132 1000 342
307 143 885 610 847 972 549 803 448 861 594 355 596 181 295 65 283 80 551 480
790 367 321 710 985 538 375 87 944 634 398 755 506 216 642 359 352 862 698 829
126 435 550 575 657 111 988 898 57 37 867 117 653 912 114 760 464 467 953 540
822 839 313 986 750 165 875 276 924 13 533 361 397 280 749 792 466 772 662 804
732 506 597 566 542 397 503 817 26 462 807 772 915 478 699 194 179 900 559 145
285 35 934 645 500 426 323 555 125 578 480 277 566 834 838 653 200 818 105 783
831 750 97 806 110 134 434 448 23 746 68 980 323 979 895 18 589 510 235 970
865 838 788 514 696 11 946 667 887 202 1000 66 323 840 3 807 935 116 438 30
468 442 436 286 600 667 874 912 376 830 448 987 81 978 209 996 840 483 269 430
956 761 98 363 618 231 284 268 670 715 414 645 898 23 595 623 817 402 908 55
926 321 181 976 105 103 258 431 503 422 808 812 776 45 822 136 545 765 600 581
535 445 443 614 639 946 575 653 320 412 10 785 475 549 432 445 112 542 826 502
542 274 615 115 761 60 133 539 851 257 675 494 458 539 449 943 906 958 130 318
724 824 112 544 687 533 890 287 696 792 119 921 402 31 770 680 983 843 210 212
458 565 716 964 40 418 967 241 926 277 780 368 476 225 234 175 289 163 725 769
805 348 574 972 742 434 423 34 800 910 319 250 491 325 928 965 302 868 629 506
527 591 678 313 402 754 311 420 678 722 789 129 427 904 876 356 701 536 208 436
856 428 213 764 731 257 227 472 674 604 38 78 511 527 809 27 192 616 667 572
846 390 503 698 335 319 59 159 239 966 835 350 473 767 703 915 234 927 542 313
847 196 809 144 322 711 625 102 625 984 445 828 804 882 576 995 794 972 786 638
162 467 593 445 102 8 506 5 611 218 500 427 178 180 700 935 744 364 174 544
355 629 521 448 101 338 552 831 38 664 526 375 800 686 557 395 253 90 238 664
80 960 233 62 53 449 520 809 265 654 587 506 989 84 226 342 913 222 939 293
931 566 950 774 813 291 777 882 8 416 891 829 105 420 878 103 535 190 434 103
968 345 441 454 237 705 396 763 690 913 968 654 389 516 367 331 182 911 960 169
721 893 94 319 884 483 118 383 997 372 135 218 34 977 164 694 299 20 313 780
602 919 375 341 640 895 822 625 737 914 362 668 62 648 440 347 734 628 332 661
117 597 319 359 965 107 30 148 5 365 435 138 326 906 127 349 495 906 99 745
677 790 378 657 717 793 638 922 632 51 419 688 375 579 719 342 953 863 251 354
664 657 780 719 837 817 621 94 32 770 765 18 280 461 138 549 336 269 982 502
417 726 900 685 561 238 610 126 561 71 131 860 268 914 13 761 786 703 921 426
302 697 729 245 279 697 574 793 694 174 964 858 72 169 871 541 677 786 183 416
357 340 471 249 648 528 70 699 359 101 930 364 21 297 861 202 281 184 81 430
642 185 15 246 600 212 456 872 627 663 980 841 597 938 422 913 593 353 362 922
460 12 113 924 93 258 255 371 385 473 742 555 171 160 653 795 51 397 28 643
701 8 292 585 250 378 423 230 686 333 697 593 702 397 492 459 562 518 407 941
835 317 541 192 755 54 354 753 906 221 92 818 674 759 705 128 316 535 991 377
276 239 168 238 181 547 262 508 929 943 49 176 741 215 125 149 242 474 155 400
153 870 386 423 638 340 902 832 104 340 731 878 684 99 202 720 442 210 347 423
995 798 337 673 821 276 635 663 970 805 196 441 658 939 813 308 129 217 373 780
939 338 283 647 474 57 669 809 696 222 846 658 746 980 182 291 53 823 628 572
109 942 455 437 816 101 284 485 64 608 950 705 522 994 201 189 510 138 608 917
132 639 475 590 64 629 695 217 896 991 903 591 926 66 678 966 834 474 59 338
214 780 223 699 130 680 871 633 290 2 474 582 116 1000 196 852 121 966 979 920
719 236 517 950 509 584 466 263 267 900 184 143 479 687 327 474 131 43 574 860
301 127 81 192 945 32 488 663 31 4 1 80 649 939 918 983 939 769 727 154
666 660 258 100 778 985 3 723 428 352 552 631 204 741 671 527 699 922 1 214
674 59 955 51 649 9 877 86 402 900 72 525 790 228 901 374 284 552 861 628
300 613 221 261 871 913 773 403 903 720 804 430 987 540 582 179 968 949 410 15
743 250 695 82 132 535 189 233 112 291 855 108 550 595 32 219 936 656 640 133
588 110 692 547 284 384 355 311 779 292 779 367 173 719 219 670 125 130 933 681
271 194 644 571 665 999 358 185 307 676 166 300 227 519 14 305 742 77 290 826
965 701 110 677 212 321 577 166 95 613 612 725 937 510 935 431 977 609 357 667
712 980 309 829 772 273 341 205 966 856 969 702 54 101 27 981 854 169 353 252
209 824 158 434 891 595 172 964 761 378 731 604 641 574 688 51 411 134 694 580
294 34 160 290 114 126 258 448 335 764 662 840 871 203 630 174 131 143 914 994
794 14 191 292 675 433 367 707 201 232 973 590 310 431 408 538 538 776 731 740
932 239 638 979 99 84 872 106 660 270 146 261 703 886 529 703 116 141 518 821
175 301 368 115 568 84 979 806 413 380 359 789 86 626 903 428 598 455 321 920
808 520 994 805 363 207 477 404 921 58 118 553 37 344 300 491 130 992 698 106
791 158 505 865 896 509 648 713 255 805 87 77 753 88 446 525 47 1 851 348
9 80 50 760 625 409 865 446 719 45 541 735 975 14 549 48 244 945 484 906
962 289 335 597 881 677 240 286 149 659 423 273 437 919 477 896 953 429 120 110
442 538 648 445 205 447 964 552 578 82 430 444 238 368 726 569 634 879 232 732
173 398 598 727 614 125 237 119 52 255 54 623 652 102 241 725 728 795 430 340
424 811 349 63 717 523 368 902 987 25 525 646 710 432 454 702 925 942 283 324
54 962 660 257 647 297 968 84 474 360 77 843 309 337 632 825 523 912 73 57
255 566 554 879 366 416 336 512 417 994 512 398 935 678 733 159 553 457 307 655
855 480 659 755 355 563 918 808 256 955 979 66 598 76 251 736 444 567 906 909
717 777 975 6 796 293 361 211 592 520 173 674 529 386 815 278 32 7 989 599
48 848 748 680 319 557 366 72 192 583 422 497 97 161 291 914 897 917 71 654
318 406 787 398 887 343 628 935 522 765 702 266 287 99 390 149 16 815 590 34
806 885 886 710 306 3 536 233 146 75 834 3 288 921 628 330 156 410 663 746
925 848 886 230 109 668 447 483 849 238 50 790 451 37 9 151 555 902 810 803
169 330 863 343 104 833 15 845 436 173 519 821 145 173 319 74 250 975 990 362
96 789 911 209 756 224 821 37 35 550 703 950 872 730 729 196 511 378 387 660
650 952 105 538 732 185 384 938 205 692 5 747 530 71 828 494 918 413 954 96
131 210 402 196 161 984 747 872 530 507 750 895 63 266 522 839 736 873 570 399
834 371 897 757 322 186 171 326 272 261 397 480 616 275 524 217 795 239 914 315
289 608 218 254 408 114 926 730 552 427 30 469 326 642 914 872 59 863 820 294
517 652 734 894 788 766 729 538 0 897 470 483 661 287 720 571 864 650 44 965
545 225 539 543 864 246 543 81 688 775 28 629 813 657 715 819 589 464 21 35
531 84 808 790 729 332 612 633 740 427 285 9 871 144 636 918 333 167 361 371
398 531 919 864 635 433 514 290 799 698 422 376 567 341 476 920 230 332 131 535
861 917 316 590 652 263 657 891 350 386 239 766 73 127 235 533 507 484 313 109
691 184 154 130 359 424 647 156 282 718 641 828 480 954 875 358 398 907 477 417
95 407 462 851 279 91 385 245 416 133 771 854 152 557 92 515 337 693 944 934
324 149 472 436 914 158 972 287 566 624 125 45 843 954 525 100 129 791 603 866
9 701 547 504 399 774 700 937 731 786 564 913 104 394 53 615 470 595 315 270
505 116 226 29 22 213 829 221 615 569 330 857 89 722 403 63 15 76 984 587
808 260 459 342 350 959 311 197 560 91 363 836 784 92 205 857 632 2 121 830
193 357 312 702 228 798 12 351 209 588 205 981 917 423 416 261 163 808 54 114
254 733 983 900 139 848 7 673 734 875 719 144 774 280 938 522 41 637 379 787
604 221 347 744 491 847 587 216 427 210 14 517 241 457 667 351 853 699 625 788
88 624 207 488 405 641 885 526 953 193 212 487 32 329 122 789 744 375 158 664
70 706 239 558 721 382 499 954 941 531 163 168 300 944 929 329 604 762 178 252
886 768 625 150 942 487 803 686 261 110 154 498 124 100 562 386 293 302 981 250
606 411 506 785 813 474 975 67 772 124 177 219 805 272 833 5 243 646 671 829
840 670 522 812 719 887 390 496 711 915 398 167 789 404 844 935 277 110 238 656
477 278 946 576 413 244 101 930 192 485 314 962 812 734 902 863 464 696 803 360
859 841 651 926 240 78 615 420 886 533 223 661 53 524 815 927 715 313 41 634
610 302 275 91 11 393 850 406 575 352 464 962 53 438 845 40 216 818 867 642
341 435 527 173 844 359 925 14 336 813 876 572 438 631 330 701 771 869 161 258
811 153 801 304 816 346 285 307 702 971 963 607 246 89 840 209 755 392 888 956
338 68 125 592 503 243 438 264 402 572 925 209 863 457 98 514 21 437 999 986
489 750 530 615 26 744 237 449 371 932 813 263 701 924 881 295 684 652 151 451
776 456 878 707 30 139 627 54 604 713 26 314 686 801 74 965 784 660 232 988
781 910 993 876 687 843 258 952 668 992 93 322 92 328 351 56 626 841 60 944
969 471 728 12 727 129 309 471 797 854 713 347 412 778 30 589 410 497 824 785
101 808 125 138 665 523 675 66 151 444 790 466 384 956 619 191 794 568 742 694
114 129 966 512 890 569 82 498 73 848 913 506 584 101 565 619 657 847 841 988
130 936 355 785 565 117 363 480 588 879 453 604 110 226 505 215 599 350 244 772
930 171 967 66 810 479 343 979 83 654 728 516 373 867 254 535 396 546 77 949
446 41 900 333 205 889 281 558 266 194 352 507 598 508 165 742 92 549 833 939
750 202 124 863 162 534 769 238 516 131 562 6 781 463 523 912 24 171 252 270
167 783 87 669 205 361 397 980 650 167 55 364 531 200 983 327 712 818 339 842
