192 12 16
207 111 82 167 29 93 135 71 18 213 230 178
185 138 114 143 30 65 147 55 28 203 242 166
201 113 114 151 36 82 136 45 7 217 248 189
216 110 87 175 49 60 129 41 8 232 248 172
202 101 92 175 49 68 147 77 6 216 253 195
193 139 96 155 42 68 149 40 4 216 231 163
184 131 89 164 53 66 148 78 17 223 235 171
193 105 94 159 26 61 155 76 34 230 243 181
217 109 90 157 24 93 158 76 5 207 258 176
215 134 100 144 34 86 127 42 23 238 247 172
180 120 91 142 30 73 129 50 24 235 226 196
189 115 109 157 39 63 130 48 35 201 245 196
181 130 112 146 43 67 150 58 10 214 233 168
198 109 114 174 56 91 158 53 30 207 233 174
206 100 99 158 48 99 142 49 22 200 235 177
207 104 98 175 35 86 157 67 29 230 226 169
215 135 100 155 36 66 159 55 30 224 256 179
191 132 89 164 37 79 135 63 28 216 240 193
207 121 96 155 52 75 152 75 3 202 258 191
207 106 114 164 23 70 145 70 27 207 248 187
201 111 100 169 52 93 144 74 19 202 237 183
203 102 109 177 26 93 135 73 18 204 236 166
209 131 111 156 36 70 132 64 16 237 238 175
183 101 114 149 37 89 132 64 13 234 253 186
189 111 100 148 53 72 127 75 33 230 229 173
188 104 117 141 49 73 150 41 24 230 242 162
198 127 118 178 58 94 127 69 33 213 236 161
209 110 81 169 53 76 147 56 5 224 246 164
204 114 115 154 40 70 127 49 10 207 254 164
195 100 117 168 52 94 151 71 26 226 230 167
198 103 98 154 31 63 128 76 38 236 257 179
215 134 106 175 41 74 140 47 20 206 257 194
208 130 93 171 23 91 136 53 8 202 220 163
211 134 115 169 53 87 120 43 24 219 255 171
219 127 88 158 36 61 140 76 16 206 227 173
193 115 93 151 35 86 140 59 12 239 251 172
202 124 89 167 27 67 158 76 37 234 247 178
180 113 110 160 51 89 144 69 3 212 234 173
200 130 87 173 59 91 144 51 33 231 239 167
185 111 94 160 29 84 120 59 23 230 258 192
211 116 108 150 54 88 151 56 9 235 234 161
191 138 105 172 34 86 122 51 21 218 253 166
212 124 99 157 22 76 146 59 27 201 251 192
201 109 108 170 47 64 126 41 37 208 244 174
189 124 115 142 24 70 121 79 14 231 221 183
184 139 92 164 42 99 126 69 24 216 244 181
211 121 107 151 29 93 159 49 6 218 221 177
218 114 106 157 36 68 124 58 18 231 253 181
210 120 92 159 53 73 136 40 31 219 235 179
190 104 106 177 38 74 120 59 14 225 230 161
204 124 91 153 27 64 124 46 6 228 249 175
214 112 112 143 44 85 144 70 37 207 251 174
203 115 100 145 44 61 123 60 20 218 235 173
212 125 83 145 22 79 150 76 31 201 248 171
203 112 89 148 41 73 128 57 34 226 238 187
190 132 83 153 42 78 158 54 0 236 252 184
186 138 82 147 57 92 120 74 30 215 258 189
194 101 106 172 20 78 141 64 5 228 224 176
192 120 107 176 32 67 120 73 37 233 233 188
211 129 119 178 31 98 156 72 22 200 229 177
215 120 89 165 27 83 130 49 16 214 254 186
211 131 111 146 33 91 147 62 2 236 250 185
212 114 118 162 50 75 137 71 9 227 223 162
208 138 107 177 36 69 151 60 6 201 252 186
213 120 97 174 30 76 121 57 35 226 228 195
208 108 109 178 56 96 150 62 39 229 253 174
202 103 103 164 57 83 145 73 29 213 246 188
198 107 92 141 27 91 134 66 20 232 247 170
182 109 110 150 33 60 145 42 16 223 225 184
187 122 84 172 33 81 138 72 38 227 246 198
203 116 85 172 46 87 157 72 5 209 259 178
213 127 87 151 37 86 142 73 9 234 234 169
185 132 118 141 47 85 128 66 25 217 220 177
204 113 88 150 31 81 126 49 32 233 243 183
208 107 92 178 58 75 130 58 33 203 229 187
185 137 90 150 28 67 123 40 21 210 259 190
194 111 110 152 26 92 124 50 15 227 225 196
190 124 94 153 34 93 151 60 7 204 248 163
195 105 83 166 39 73 128 71 36 207 247 183
218 127 115 146 57 69 148 79 10 235 256 160
202 123 108 169 50 68 138 64 12 208 254 162
218 128 85 157 35 64 122 53 20 205 220 184
214 121 94 150 46 62 153 70 6 224 233 165
217 105 111 161 30 87 135 61 11 217 247 192
201 114 102 167 41 87 143 61 9 212 226 186
209 111 113 152 46 76 141 70 33 201 252 198
201 126 99 163 50 94 125 40 1 202 223 165
216 102 91 164 36 85 152 43 8 232 252 188
202 120 88 145 33 67 137 79 25 226 256 196
198 101 113 162 51 71 141 78 38 228 222 172
190 116 88 156 42 99 153 60 14 224 246 174
202 127 86 169 37 98 149 47 3 211 221 164
198 129 105 167 51 82 142 63 27 238 246 182
208 134 97 162 51 74 136 52 39 224 238 195
215 127 114 145 26 64 130 72 8 221 222 184
206 112 100 177 35 75 131 73 14 230 224 192
199 128 109 168 41 80 139 76 2 212 243 185
195 100 96 145 40 66 148 56 28 234 227 176
182 130 119 168 42 83 126 61 39 222 250 170
207 125 99 154 22 82 137 48 9 227 243 199
214 137 91 164 20 96 133 78 24 223 220 188
191 109 82 173 36 91 149 41 6 220 234 172
203 120 99 170 29 85 146 50 22 205 248 179
207 137 112 165 25 74 148 68 31 215 258 169
204 135 112 146 22 85 138 51 13 202 230 190
198 114 86 143 40 71 122 71 32 235 225 175
209 132 110 166 34 67 124 79 29 207 238 172
214 120 82 177 20 81 128 69 25 238 243 180
196 134 89 178 24 76 120 59 36 225 246 184
185 120 113 165 21 90 120 73 18 201 229 168
184 124 99 171 53 96 137 67 14 230 250 188
182 110 116 165 34 72 141 58 16 233 228 194
206 129 117 162 35 64 156 70 38 207 258 168
203 138 103 151 30 96 148 46 23 227 259 181
187 113 81 145 22 96 127 54 2 206 249 170
185 125 118 161 52 75 134 51 38 222 243 168
212 123 119 140 42 92 131 52 36 232 241 165
219 131 104 141 35 76 124 79 7 220 241 168
211 111 86 144 31 93 155 78 20 228 256 174
216 121 101 141 59 62 154 54 37 223 244 191
183 137 103 150 53 84 155 75 31 224 238 177
181 112 96 158 30 73 133 51 28 215 245 183
201 107 102 151 49 60 139 76 4 209 229 190
197 135 117 151 40 85 142 76 5 201 253 166
186 109 88 160 39 91 138 44 2 234 224 177
209 123 116 177 57 92 158 57 16 223 243 186
183 111 103 165 31 73 132 64 4 210 245 180
185 112 117 167 55 83 120 43 17 237 245 189
197 115 82 152 25 77 141 46 14 233 220 182
218 136 83 167 36 64 122 56 5 225 226 161
190 103 94 147 40 93 124 56 14 226 222 174
197 106 114 174 30 67 157 77 10 201 223 179
187 111 81 176 59 70 137 64 36 209 231 190
191 106 98 142 59 79 145 41 27 232 239 178
184 102 106 142 56 78 128 52 3 220 245 163
204 134 90 161 42 65 138 79 1 232 234 199
188 117 115 142 24 64 156 42 22 213 256 195
212 134 101 150 45 87 159 42 36 215 224 189
190 104 88 176 31 78 134 67 28 229 249 164
199 130 97 178 26 89 126 58 33 220 236 161
218 111 102 177 34 87 148 51 38 225 251 186
201 102 100 167 53 81 138 60 18 218 242 195
202 105 84 159 23 74 147 46 20 208 254 176
183 119 110 175 32 77 149 60 26 234 257 161
214 137 86 162 57 63 134 51 4 225 247 163
208 126 107 152 44 66 127 46 22 236 258 177
198 115 86 163 26 84 157 51 27 223 225 189
189 131 86 176 22 74 126 62 21 237 223 199
211 126 81 143 23 84 151 42 2 224 240 191
194 138 103 152 28 62 132 54 34 217 230 161
186 115 97 140 57 95 121 75 3 200 241 181
180 104 119 148 38 83 125 79 13 201 229 168
217 123 86 153 23 80 126 62 34 209 220 180
185 133 87 152 30 63 150 62 14 236 220 177
184 132 116 153 45 65 125 44 30 228 227 181
212 121 109 179 32 99 152 55 28 209 246 182
186 123 89 142 40 72 135 55 38 216 233 162
215 106 112 174 51 97 156 43 6 233 256 176
187 129 100 145 31 67 142 54 13 217 252 175
200 123 119 164 31 62 141 69 9 232 249 176
216 105 96 143 21 78 151 62 38 216 244 161
189 101 111 163 21 96 145 79 2 235 234 192
202 102 103 172 59 98 138 57 25 200 243 176
184 105 90 168 27 79 137 72 32 218 252 172
188 104 96 178 31 62 142 57 29 221 235 167
196 106 97 141 22 79 149 47 4 206 237 173
193 119 114 145 32 73 158 59 13 206 251 194
190 102 100 140 47 75 138 64 33 219 227 180
215 133 111 176 56 93 151 79 36 227 235 189
182 100 101 148 55 97 132 53 28 237 232 162
192 118 98 161 49 60 144 78 1 214 236 170
196 126 81 154 52 83 148 76 38 221 245 165
180 138 90 143 57 85 129 66 36 204 257 162
181 134 104 143 42 83 140 70 38 212 231 172
216 120 94 162 31 78 141 55 15 212 233 194
212 116 96 159 43 61 143 61 8 214 230 168
187 131 111 152 52 97 129 46 14 221 244 174
193 101 102 151 48 64 130 60 25 207 258 195
204 120 82 140 43 74 147 40 32 227 226 199
182 108 118 149 29 99 134 65 33 207 229 180
190 116 116 177 49 78 156 54 37 209 232 199
197 107 119 170 42 66 132 44 33 208 252 168
197 121 117 166 55 84 159 46 39 231 251 186
204 105 81 146 29 65 120 56 27 237 238 192
183 129 94 147 44 70 145 63 2 236 243 166
218 132 95 145 42 94 120 47 37 235 235 185
212 135 115 161 28 88 127 74 5 211 234 171
184 119 86 150 36 99 147 65 31 211 239 165
199 132 106 148 21 70 156 57 22 216 227 162
193 116 108 170 26 88 138 61 16 205 222 181
219 134 82 154 29 97 145 51 34 210 221 160
219 129 90 144 59 99 130 44 6 236 239 185
