200 40 5
84 448 358 214 261 560 726 75 493 696 810 777 715 635 194 608 356 168 652 536 253 162 269 554 31 108 300 421 475 562 380 769 37 640 694 417 418 159 94 308
61 457 352 212 271 576 744 46 497 713 815 773 731 620 197 617 364 181 655 528 249 145 275 553 20 113 308 457 497 549 392 783 52 645 667 419 434 143 117 332
67 440 341 200 261 576 745 45 494 685 800 769 739 624 186 614 369 188 634 508 227 175 279 557 22 107 281 424 485 574 384 797 48 643 662 384 435 142 89 305
65 462 320 233 264 577 755 56 496 696 795 759 703 602 204 608 347 172 629 529 224 155 270 553 6 105 294 431 470 549 396 761 37 651 697 384 438 133 92 339
69 478 344 234 298 584 735 66 487 703 808 770 730 616 207 596 355 163 658 514 254 179 248 533 22 125 318 429 485 557 382 763 32 665 683 412 419 146 88 309
63 460 324 212 295 586 739 71 509 704 817 752 730 611 187 593 341 171 659 529 246 163 260 545 13 113 287 429 499 560 398 767 49 656 675 383 401 153 98 300
71 473 359 231 263 568 734 54 492 694 809 760 720 636 200 592 349 199 640 511 258 150 254 551 18 122 297 459 461 565 363 769 48 657 684 400 412 131 104 318
72 453 347 209 296 588 752 55 490 714 815 772 727 631 200 618 363 195 632 527 230 146 251 549 38 136 317 450 466 556 371 799 26 676 681 413 414 146 101 300
81 459 327 221 294 585 756 54 494 690 810 752 737 620 202 596 352 191 637 502 224 144 241 536 4 124 295 452 473 560 383 794 26 677 680 393 424 123 82 329
88 440 354 213 293 566 728 78 514 701 788 744 727 601 211 581 375 196 626 501 249 169 265 530 18 104 318 449 469 548 369 781 34 647 672 383 400 154 100 312
63 467 327 224 266 588 745 71 504 685 785 749 720 608 189 598 343 173 630 533 236 153 246 548 30 138 289 422 482 566 367 764 25 668 661 389 426 144 98 320
65 462 345 236 295 571 745 64 494 707 783 769 734 623 217 585 374 182 656 537 220 144 245 548 27 104 298 431 463 575 392 798 28 675 688 401 408 136 110 339
68 459 325 228 270 560 722 60 508 686 789 757 733 634 182 595 349 176 642 520 240 172 253 551 11 101 316 429 475 576 387 762 23 672 673 398 420 149 113 322
70 479 341 202 282 585 722 57 483 707 790 762 709 602 218 585 368 171 656 512 247 151 254 528 29 122 286 449 482 550 389 797 58 671 671 392 427 149 104 314
73 474 353 213 275 567 742 67 510 702 805 765 709 610 181 614 364 178 648 507 222 151 259 543 14 101 303 430 495 542 377 794 39 640 675 411 402 153 99 306
88 453 341 229 288 579 729 53 498 687 815 760 728 628 187 619 377 170 649 500 246 160 249 546 17 117 313 442 473 553 367 760 56 660 666 383 425 122 106 338
65 466 320 210 277 585 732 48 494 693 814 760 713 631 184 612 375 186 630 538 232 172 255 527 1 108 312 445 472 561 367 767 27 646 674 407 428 125 96 301
83 447 337 216 284 591 741 66 517 703 786 769 712 620 187 609 378 188 633 524 259 179 278 534 10 107 297 423 486 562 389 779 55 675 674 389 430 152 81 303
71 474 353 229 285 566 746 64 489 701 791 747 733 635 205 602 368 170 634 508 250 154 240 523 14 129 293 422 480 577 389 799 29 641 692 414 414 130 110 311
97 478 333 200 272 591 733 43 480 714 812 752 737 611 193 602 343 170 623 508 249 176 242 554 12 116 294 438 476 575 373 778 26 643 691 396 436 125 94 318
93 452 323 227 263 567 735 55 504 717 799 747 722 639 203 589 354 194 643 507 230 155 252 530 16 125 310 430 474 543 375 797 49 643 687 391 403 159 100 333
76 450 321 202 294 563 758 78 508 683 795 777 709 609 195 609 370 187 657 528 242 167 269 546 23 136 309 433 485 579 366 779 35 670 678 402 430 140 101 307
94 448 355 226 268 564 745 65 510 694 812 771 707 634 184 616 351 186 640 500 246 151 265 558 25 137 305 426 465 570 365 775 33 644 698 419 420 134 119 308
63 477 356 226 282 564 720 55 517 713 784 754 702 615 199 595 342 161 646 516 240 153 269 554 23 127 301 455 493 549 381 784 29 653 664 395 438 149 109 307
84 446 353 212 264 599 759 67 518 705 805 754 707 613 212 592 369 162 638 524 254 174 279 540 20 116 308 423 487 557 390 768 38 676 668 410 421 142 88 304
77 478 323 236 293 578 721 57 508 685 807 743 735 637 197 597 348 189 620 525 239 152 272 526 6 131 316 443 468 558 387 784 51 646 671 380 422 144 93 338
90 446 331 224 261 599 734 57 497 693 817 746 707 625 187 618 348 180 653 512 230 162 244 530 28 121 317 431 463 550 368 797 45 659 667 406 407 129 99 302
72 463 326 206 274 590 751 67 484 694 784 740 722 605 210 594 344 189 642 528 232 146 246 548 7 100 298 458 471 550 372 766 39 652 683 400 401 133 116 325
98 442 352 217 277 596 743 41 515 693 805 769 720 606 214 586 378 192 652 523 242 177 277 539 19 126 300 441 467 560 377 796 30 651 661 412 438 151 113 321
74 454 322 227 283 592 729 63 512 703 785 774 722 614 206 600 348 188 646 537 230 145 243 520 36 138 300 456 462 559 369 760 59 662 689 398 410 134 87 320
79 450 342 227 299 560 750 45 510 711 800 771 738 621 194 581 357 198 639 507 229 174 250 548 27 133 319 425 485 577 376 767 54 652 690 402 404 145 118 303
94 478 343 224 276 584 726 44 507 719 800 746 730 633 182 603 362 162 647 517 227 149 255 550 16 110 281 450 486 543 382 784 26 670 681 384 411 130 118 311
91 446 339 212 273 563 723 44 509 701 793 773 709 606 198 583 351 191 639 532 256 176 274 546 7 102 308 434 480 579 395 780 53 662 678 410 419 142 82 332
70 463 330 234 286 568 723 60 486 695 805 763 731 614 193 616 374 190 643 527 243 175 241 530 37 120 303 420 472 561 379 781 54 643 665 388 407 155 111 312
72 479 358 232 266 574 732 42 489 703 783 763 707 626 184 581 364 171 641 514 255 151 265 529 34 121 290 427 487 558 377 775 47 666 674 403 438 152 99 316
93 440 338 237 269 583 720 53 492 711 805 751 704 622 206 618 344 178 641 510 231 175 263 538 14 113 318 451 462 540 382 778 27 678 671 398 424 128 104 335
98 453 350 227 264 560 744 66 486 717 799 778 703 609 215 611 341 179 637 505 251 142 272 549 13 112 295 430 460 555 369 774 39 672 684 408 439 135 88 332
70 451 335 214 273 591 746 44 504 696 799 761 700 618 203 591 373 166 655 524 250 166 247 537 5 113 315 444 492 577 390 796 58 671 681 411 408 138 104 328
91 449 336 211 286 571 733 66 485 697 784 765 706 611 210 582 373 191 623 528 232 155 245 547 4 114 290 441 474 578 385 763 30 649 665 414 425 155 111 313
67 464 341 225 287 583 753 68 500 706 817 751 730 625 206 619 342 194 628 535 223 156 248 557 37 113 285 442 492 544 376 760 30 640 671 383 434 146 101 328
92 467 332 210 295 599 737 46 499 714 785 778 728 602 182 602 368 184 648 513 223 160 278 543 9 136 305 432 490 540 398 772 55 645 697 409 414 149 86 327
86 479 341 210 289 585 723 51 507 710 819 757 715 621 215 586 374 176 631 523 240 145 240 529 39 137 306 451 464 578 373 769 57 656 662 390 409 120 87 314
90 468 353 214 292 564 756 58 480 689 809 774 708 629 203 596 342 174 653 529 220 148 265 527 15 130 298 423 481 545 361 765 53 645 682 398 417 133 109 314
98 466 331 206 281 588 734 68 519 693 818 767 723 606 212 586 367 183 621 501 256 175 262 523 0 122 282 459 467 576 394 798 22 640 686 414 415 125 106 325
77 452 323 204 281 595 724 67 487 694 805 755 711 621 190 616 363 178 654 533 233 177 262 542 39 114 317 428 487 546 391 771 42 642 690 417 413 148 89 303
74 472 328 210 289 593 745 60 498 694 797 762 700 612 218 606 365 192 629 537 248 149 265 542 9 132 298 430 495 562 397 785 56 664 661 410 431 121 111 316
82 452 331 232 287 565 758 46 484 691 780 776 715 627 191 595 369 172 631 530 256 151 242 528 29 103 280 442 480 574 383 778 49 675 688 415 411 139 98 322
71 474 336 203 260 577 755 49 496 690 794 762 712 624 201 602 369 164 622 531 245 165 254 544 12 136 313 448 471 544 389 799 32 666 673 399 426 125 115 339
81 477 342 213 274 585 738 55 519 703 798 753 717 600 212 585 363 182 657 539 236 166 276 556 18 106 297 431 470 568 360 783 36 673 691 389 430 122 93 321
69 441 332 235 285 588 721 69 499 698 809 748 729 602 200 605 341 187 622 529 231 142 269 556 29 127 294 456 470 571 385 798 42 669 680 402 428 153 85 320
78 470 355 234 275 577 734 58 517 699 783 770 702 603 212 583 372 174 642 502 239 167 251 540 34 108 319 430 499 558 383 790 22 677 665 398 410 129 97 303
94 477 328 201 286 562 731 70 516 702 807 756 707 628 211 609 342 165 636 502 258 161 244 536 13 120 294 440 469 547 367 793 56 642 698 407 407 141 115 335
99 448 337 202 278 580 721 68 496 680 783 759 736 605 204 593 364 174 655 535 228 155 254 558 32 101 296 444 475 555 388 772 48 672 665 400 423 145 109 329
77 462 333 201 281 589 758 56 488 680 795 768 720 605 188 612 340 163 630 503 240 167 241 527 31 109 298 445 479 561 382 764 29 658 669 387 406 131 92 315
75 445 334 210 277 589 721 74 513 718 797 765 710 606 195 619 345 199 648 514 230 145 249 534 4 125 291 454 471 557 396 797 39 665 696 382 418 154 95 300
99 469 359 206 298 597 730 64 488 710 795 762 715 606 214 610 346 174 659 521 259 176 251 535 23 133 286 436 480 550 364 790 26 653 671 410 435 122 86 307
73 467 320 230 298 586 725 79 484 717 782 777 707 624 201 587 354 176 651 500 222 163 269 552 35 101 286 432 482 550 367 774 36 650 670 406 436 126 109 307
92 467 343 238 266 593 725 43 518 707 783 753 709 615 186 591 372 198 625 528 246 157 240 555 37 105 281 458 496 545 368 777 59 675 686 416 433 139 89 322
62 468 326 211 288 572 755 57 498 711 793 768 712 603 187 589 340 171 622 529 239 161 240 546 13 134 304 438 487 550 371 763 57 674 697 388 431 123 119 332
90 472 354 206 292 564 750 76 517 717 804 752 729 617 181 608 363 171 639 521 245 142 256 520 29 131 299 426 484 564 399 795 58 678 690 394 425 151 113 316
69 457 359 238 265 572 737 52 503 691 798 764 706 639 199 581 361 175 632 518 245 163 279 550 31 136 295 445 496 574 366 769 42 642 671 388 407 140 82 323
63 477 334 200 291 588 754 72 513 702 817 763 738 620 183 594 378 191 620 519 248 156 247 540 9 121 313 458 461 551 394 760 41 645 697 413 439 143 95 327
65 465 329 234 272 595 727 69 517 690 809 764 729 604 197 607 355 165 640 511 224 147 251 555 27 139 314 459 463 550 399 780 24 644 664 419 422 152 86 317
62 441 331 219 297 587 752 60 482 703 812 768 722 602 213 608 379 193 645 505 234 150 254 553 20 118 314 445 493 563 381 772 51 649 681 381 437 122 88 326
84 462 346 229 263 585 754 48 511 716 818 755 737 612 195 593 356 175 636 513 229 151 272 524 2 113 319 434 487 575 364 761 23 679 665 381 430 120 80 317
89 454 342 219 264 586 744 60 492 688 781 779 725 610 183 600 362 178 633 513 247 143 242 533 9 136 285 457 488 567 376 797 27 650 696 415 430 129 107 319
72 464 353 227 265 566 721 73 486 715 784 751 725 606 184 607 352 180 650 537 228 146 278 558 0 113 309 456 484 553 365 788 32 643 681 416 434 156 103 313
76 444 327 236 283 568 727 45 482 688 785 744 739 604 202 614 359 186 655 501 249 150 241 541 32 122 312 426 464 556 369 765 35 674 678 415 436 157 94 333
65 462 357 215 281 587 723 61 494 710 792 771 717 611 209 588 369 188 634 515 258 163 275 542 14 132 290 433 494 540 367 794 55 666 686 382 437 150 98 333
96 476 347 202 293 590 731 75 485 714 815 772 705 635 205 599 343 195 645 529 257 147 260 556 14 115 281 428 495 572 375 779 29 656 689 409 425 125 96 317
81 451 356 200 288 560 734 56 497 718 810 748 710 620 198 583 352 161 633 538 248 178 262 544 8 107 309 425 480 546 360 775 21 651 664 389 432 140 95 317
72 445 322 218 265 565 724 43 504 685 806 756 735 605 198 599 347 164 635 538 251 175 271 527 13 107 303 452 496 574 384 794 28 661 671 403 425 132 104 333
66 470 340 201 297 599 753 55 497 707 803 751 729 602 196 587 361 171 653 533 225 170 269 544 16 125 308 422 478 570 368 799 37 640 660 402 438 153 109 326
94 457 353 233 271 573 736 57 486 681 819 763 722 611 205 618 358 166 653 516 233 179 241 523 23 108 313 455 469 555 395 792 42 666 686 416 429 153 91 319
78 463 348 215 280 583 722 71 497 695 794 744 722 611 203 596 375 177 623 519 239 177 262 555 1 125 318 459 497 558 381 768 58 673 689 401 418 124 114 309
61 449 320 203 284 598 726 74 497 696 798 743 731 615 192 589 355 178 651 515 222 160 257 524 39 118 292 432 465 555 381 783 58 679 686 397 400 156 113 329
97 464 331 214 286 560 743 68 508 713 815 763 738 634 193 616 379 182 643 509 237 152 257 526 20 113 313 437 485 541 389 774 39 678 661 406 415 126 108 334
96 467 341 229 289 594 723 50 484 682 805 747 733 623 213 596 355 168 635 516 236 173 246 559 15 113 312 445 479 559 375 774 47 660 677 415 412 135 96 304
76 457 351 228 285 596 720 51 515 699 798 742 724 623 188 618 369 169 657 515 229 145 243 548 13 131 308 433 499 552 399 797 21 648 688 413 422 127 107 333
97 458 357 235 282 577 758 78 513 703 815 749 738 606 186 580 378 168 636 508 245 179 254 553 33 125 284 449 488 560 389 760 27 666 681 394 437 153 102 311
91 458 334 211 281 595 746 63 507 715 816 764 706 634 187 600 370 163 647 518 226 179 260 539 30 122 309 443 462 552 362 761 23 655 687 397 427 136 108 312
74 453 321 209 264 586 751 66 490 712 802 761 700 635 214 618 346 195 637 528 236 163 279 541 25 108 300 434 463 574 376 770 48 642 697 386 420 147 90 331
79 460 336 233 284 574 740 78 515 708 817 755 704 636 196 589 345 172 651 523 238 166 273 559 33 129 307 448 480 550 387 768 40 651 697 384 439 130 86 321
78 454 334 220 286 568 755 51 515 693 780 771 704 639 208 602 366 186 627 506 244 140 248 536 8 134 313 435 496 544 380 777 49 660 667 413 413 127 98 322
83 455 353 235 296 572 757 60 497 694 801 774 719 628 191 591 353 197 637 533 236 165 273 541 1 126 284 428 485 560 394 798 42 662 676 411 422 141 104 327
79 468 338 201 270 569 737 77 502 694 796 744 702 619 190 609 343 197 653 513 239 177 263 543 26 107 304 442 467 545 369 760 57 664 693 382 408 123 93 302
91 468 330 221 295 583 747 53 517 696 807 762 739 613 192 609 340 174 626 505 239 158 275 536 9 131 295 443 470 577 397 766 39 640 672 395 434 137 80 317
73 440 349 205 292 583 751 76 501 694 785 748 713 606 183 586 345 180 658 505 256 177 267 550 16 100 281 435 493 545 365 790 25 656 679 410 426 145 106 309
87 451 329 227 270 598 741 54 483 708 816 755 701 613 192 584 365 192 641 525 232 154 245 526 3 120 314 434 471 545 378 767 51 673 690 413 405 159 109 336
61 474 349 218 297 571 756 78 490 698 800 772 724 634 209 595 349 169 641 501 240 148 274 554 6 121 304 442 462 575 390 789 21 675 663 382 429 153 94 331
83 445 323 201 269 580 753 52 501 706 780 743 728 630 212 586 366 171 624 508 235 163 246 523 33 134 300 454 472 560 392 795 48 658 681 396 402 127 109 325
93 476 335 239 272 580 734 55 481 694 785 749 737 639 187 592 375 195 631 508 220 156 268 535 21 115 318 428 499 564 388 794 55 674 667 414 411 156 89 309
81 474 328 229 287 591 726 50 501 707 816 769 726 617 187 609 346 160 655 530 257 144 267 539 22 108 299 420 470 550 365 761 32 660 683 406 419 122 118 327
78 477 340 216 268 587 732 67 483 688 795 778 700 629 210 581 361 187 643 512 236 168 246 530 0 131 304 446 493 562 381 771 25 653 690 415 438 145 105 304
60 459 358 203 295 560 721 63 502 694 804 743 723 613 219 595 347 199 651 509 230 145 261 540 36 124 318 430 467 565 360 764 21 654 672 382 403 137 104 308
80 478 329 232 263 592 741 46 508 681 818 753 725 629 215 599 374 178 621 511 228 154 270 535 34 104 310 451 495 568 382 778 55 654 666 388 425 131 100 319
70 472 347 224 279 576 731 61 507 685 813 756 736 635 203 589 356 193 651 513 243 145 248 545 23 110 291 443 481 572 392 768 51 641 661 386 428 148 80 321
71 479 340 237 260 565 735 62 517 714 799 773 713 623 182 611 375 167 641 509 254 145 244 522 22 107 300 449 491 575 383 798 42 660 674 396 439 137 89 311
98 450 350 207 275 584 752 57 509 704 795 765 736 628 193 586 351 175 629 523 244 174 277 542 31 131 305 439 474 573 386 779 43 654 673 382 425 131 117 320
92 474 349 212 292 594 728 79 489 707 783 740 704 605 199 581 360 172 639 534 236 142 278 529 5 101 315 435 476 575 367 779 52 672 664 401 434 139 118 317
74 458 326 205 267 592 720 49 488 704 795 743 726 632 213 583 366 160 649 502 243 177 256 522 1 115 286 421 497 551 398 760 41 653 683 390 412 142 94 328
75 446 330 232 267 583 726 53 508 686 785 746 703 606 201 585 347 162 646 536 250 178 242 552 18 103 305 423 460 561 387 788 49 643 682 409 412 155 115 333
73 447 345 232 275 568 753 64 486 709 813 765 724 608 212 618 349 181 620 511 234 164 273 559 30 134 289 443 497 555 386 780 46 664 696 415 416 144 98 339
86 477 337 237 260 572 746 68 518 697 812 755 735 618 217 580 347 167 635 502 249 173 240 531 24 104 307 448 462 542 370 767 51 653 681 400 417 136 108 332
89 474 358 202 286 561 746 59 498 687 798 758 700 611 204 581 365 167 653 531 236 166 254 547 10 125 281 446 484 578 396 765 22 669 681 382 424 135 109 336
64 477 320 234 279 563 728 58 507 702 790 748 707 611 182 595 353 198 653 518 236 144 244 527 9 113 313 420 460 573 387 776 21 654 680 419 434 155 114 334
60 453 346 210 294 579 753 79 501 703 806 764 706 612 213 590 370 199 626 519 227 151 245 546 13 105 307 456 460 556 379 773 34 646 666 414 429 125 96 331
74 465 343 234 297 595 735 66 493 718 781 769 717 601 190 601 360 182 635 523 246 147 279 520 0 108 289 447 481 552 395 771 24 663 696 398 410 141 82 312
86 470 325 227 260 599 749 71 507 718 794 758 719 610 189 617 341 164 627 502 234 154 254 536 4 138 310 448 469 570 373 762 37 668 682 404 427 153 113 303
80 465 332 201 284 598 726 42 503 688 784 743 735 613 217 612 372 161 620 514 241 158 261 530 31 103 297 429 488 567 379 790 24 673 671 381 404 159 91 334
97 447 357 226 261 590 755 73 509 700 786 766 734 637 202 611 370 160 621 526 259 157 271 546 16 112 297 426 464 564 369 777 59 670 665 382 403 141 86 314
60 468 325 212 265 587 724 61 515 710 798 771 726 606 212 600 342 190 653 519 247 171 279 539 24 100 280 452 474 554 392 795 47 676 691 406 410 159 115 333
62 473 344 203 298 576 748 73 488 706 811 778 730 623 212 584 362 162 639 515 242 161 253 549 36 133 290 450 496 571 374 789 52 654 668 407 425 153 85 336
72 476 320 232 292 563 759 65 516 703 781 744 729 638 183 586 377 166 622 520 220 177 250 535 15 116 317 422 467 546 384 785 32 657 683 388 422 120 89 313
98 451 358 211 262 573 748 44 484 719 813 774 733 615 215 597 353 164 623 513 231 160 257 524 26 128 296 436 480 551 378 772 28 643 674 387 431 133 85 309
87 457 333 217 271 591 725 49 484 717 811 748 726 637 199 582 368 169 652 505 233 146 261 522 6 135 286 441 476 560 378 795 28 679 677 388 404 146 107 310
69 455 332 238 283 574 747 53 500 685 782 774 737 614 204 583 376 181 629 517 222 144 271 525 21 106 282 453 497 576 370 777 45 679 690 392 407 123 117 327
68 467 338 228 285 575 741 43 502 703 807 770 701 611 203 608 364 161 630 533 233 141 279 536 38 108 289 450 473 579 373 790 47 664 688 395 429 125 97 314
84 461 321 233 292 587 752 58 516 684 795 744 738 637 191 585 362 167 622 507 226 148 279 548 16 107 317 450 472 552 375 769 26 673 698 402 420 153 116 336
88 444 349 221 264 564 725 66 516 695 800 768 705 625 194 596 345 173 636 522 230 172 253 527 36 110 294 428 492 565 399 791 58 644 666 381 404 138 111 337
71 452 323 217 275 581 751 79 493 693 789 775 705 604 185 608 378 185 657 528 228 171 263 526 37 125 304 447 493 542 374 769 29 643 688 413 424 138 102 311
79 451 324 216 298 566 748 76 480 684 804 746 726 615 202 617 353 174 634 500 252 174 262 530 9 124 298 421 495 566 367 770 25 644 674 390 411 152 110 311
74 471 330 225 299 589 753 64 482 703 785 776 705 612 207 617 346 165 637 529 248 158 254 534 30 135 282 457 492 540 366 789 41 645 667 414 406 157 108 303
99 449 351 211 279 589 721 60 502 704 817 764 700 631 210 593 342 189 640 536 252 172 258 559 39 118 315 425 468 566 395 787 30 671 662 404 406 154 83 321
64 445 355 215 287 571 724 42 485 716 797 744 700 605 216 608 349 163 647 537 248 150 250 539 38 138 305 452 463 561 398 795 48 671 674 393 400 139 92 326
95 447 332 217 280 595 745 64 495 715 806 747 712 631 216 610 379 169 637 506 234 143 278 553 25 134 314 428 495 567 386 767 20 672 685 394 431 150 85 323
82 454 357 206 272 591 726 58 513 701 801 755 718 608 210 594 341 171 623 510 246 154 257 559 24 119 308 436 465 542 387 781 36 641 698 412 409 148 84 302
76 469 329 239 272 560 748 43 495 709 786 771 722 618 186 584 363 196 622 503 239 143 241 526 27 116 283 459 466 567 377 795 36 661 669 413 423 142 106 305
99 460 350 212 281 594 725 68 505 704 818 742 720 629 189 595 357 197 659 523 252 164 275 551 5 118 290 439 484 572 373 793 41 653 676 409 419 137 98 302
86 475 357 234 265 595 759 42 480 687 819 769 735 639 200 608 367 183 659 506 254 165 241 554 13 104 318 442 471 561 385 770 58 656 693 386 418 147 97 321
78 455 326 213 270 596 729 60 495 680 816 741 734 612 205 583 351 195 650 510 246 164 277 520 1 127 304 440 474 571 394 763 41 667 692 383 409 147 102 305
95 450 357 214 263 574 747 74 507 681 799 754 720 623 199 581 347 169 641 530 242 176 277 528 3 122 289 438 497 555 382 778 40 640 667 397 434 132 89 311
69 447 322 229 271 582 751 71 517 709 784 772 729 639 219 596 342 165 642 539 230 170 262 535 22 115 285 452 486 556 383 760 37 643 673 416 414 137 85 316
81 475 354 239 291 578 731 40 508 683 814 753 719 611 207 605 345 170 640 513 252 171 259 535 15 132 306 459 467 576 384 775 32 672 662 395 402 146 119 302
83 461 345 225 273 593 726 50 494 686 810 761 732 613 180 582 364 195 625 526 230 151 278 544 30 139 288 448 491 567 389 796 58 670 683 411 411 157 102 332
71 478 353 219 297 574 729 55 486 695 788 764 736 634 181 611 372 197 621 509 248 173 250 521 4 134 289 447 478 544 381 790 37 670 660 408 427 126 83 333
66 465 321 222 261 597 757 41 500 701 804 775 737 607 190 601 355 182 630 508 249 140 257 544 13 119 296 455 467 564 362 788 40 668 663 419 412 143 96 332
68 467 345 205 298 595 721 68 482 717 818 750 709 622 184 582 365 176 624 506 249 166 249 556 37 112 315 444 477 546 380 794 34 652 692 392 417 128 90 327
85 476 346 223 277 586 754 48 515 698 788 755 708 639 209 618 367 198 640 529 226 144 270 522 35 111 282 424 497 565 387 764 20 646 677 405 402 151 113 314
81 476 336 202 281 594 731 68 491 717 806 741 720 638 214 616 368 197 654 500 232 176 270 549 11 115 311 425 492 575 379 777 57 642 692 417 423 144 116 312
62 446 353 201 277 569 748 44 508 685 792 746 710 603 203 605 353 188 652 514 242 149 245 556 5 101 293 430 494 562 399 785 22 652 681 405 409 127 104 330
74 440 357 231 288 587 740 44 500 688 781 749 708 620 207 583 359 172 654 537 232 154 263 559 9 119 283 424 483 553 377 791 44 657 675 398 438 152 111 334
71 456 341 218 279 594 753 50 497 696 808 743 738 613 187 598 373 192 642 539 236 171 244 538 28 128 280 429 487 554 390 791 34 671 684 408 427 125 90 305
73 472 358 200 283 583 732 47 488 719 783 746 723 600 193 590 356 182 632 500 251 173 250 528 33 117 311 440 479 551 388 760 22 648 696 396 401 152 82 308
60 466 332 228 269 590 759 69 519 698 817 753 739 605 190 595 364 187 641 538 235 162 273 520 3 113 298 434 460 568 396 787 27 663 675 394 426 140 88 314
72 444 321 218 299 590 753 74 512 681 818 745 737 619 202 596 354 194 624 523 245 162 248 555 39 126 304 420 497 561 378 794 57 665 696 384 434 159 114 336
71 461 358 222 274 574 742 43 486 692 803 754 715 628 204 584 378 190 637 513 242 171 258 547 29 129 280 450 465 562 378 793 42 661 694 385 408 139 118 331
75 478 342 233 299 576 721 42 503 695 788 766 734 612 216 619 340 178 647 537 255 153 261 557 21 113 309 425 491 561 395 768 40 660 690 381 421 152 102 317
73 458 352 227 272 569 739 72 498 718 780 769 733 610 186 593 368 184 647 535 226 158 255 528 3 127 305 433 496 570 365 790 50 666 674 399 409 123 101 328
90 445 331 201 270 591 731 51 480 698 796 751 702 629 194 592 355 182 641 523 228 163 264 539 21 119 316 451 497 544 372 790 54 642 685 402 411 121 102 321
71 472 345 208 266 585 758 57 516 690 802 752 730 631 200 594 354 194 652 527 247 157 261 539 17 125 317 435 467 568 380 798 54 653 693 395 431 132 97 334
66 442 358 239 278 594 757 66 517 690 809 758 716 621 215 601 347 183 655 510 223 168 241 538 26 121 285 423 477 540 380 795 29 643 663 385 415 124 87 319
81 456 344 225 267 566 724 73 488 711 795 741 727 605 212 617 377 189 643 534 259 166 267 552 17 132 304 430 478 565 397 790 56 655 696 399 413 135 90 312
92 470 326 200 261 595 758 59 512 704 809 745 737 615 206 617 342 165 621 534 258 153 252 533 13 104 285 434 465 560 378 769 47 671 671 417 420 130 111 301
68 443 338 211 276 561 748 62 488 695 783 740 708 628 196 602 376 178 651 536 247 140 240 548 21 130 282 429 482 577 399 794 27 649 663 418 404 141 94 316
99 457 337 224 279 585 757 67 517 685 811 749 729 609 203 605 367 184 628 535 239 150 274 529 35 115 307 439 488 578 364 798 55 655 699 380 412 130 111 310
64 442 320 218 281 585 725 52 503 696 788 753 717 619 207 616 346 184 634 522 240 166 242 532 9 114 314 430 498 549 393 798 57 644 666 415 407 125 92 334
98 451 326 236 269 590 744 70 518 696 812 774 717 628 207 586 359 194 648 503 258 159 264 523 36 131 285 444 492 549 377 773 48 652 674 392 417 149 99 328
81 460 342 235 275 575 733 40 494 709 800 778 731 605 180 602 378 176 654 520 223 165 247 539 37 124 285 420 497 561 360 776 45 679 671 403 425 145 106 322
74 461 355 216 290 585 749 57 493 707 812 744 713 601 184 619 378 161 650 505 220 158 277 528 29 122 283 428 496 568 367 765 52 662 691 393 439 124 114 318
74 442 347 203 278 565 746 61 513 718 785 778 723 632 200 586 368 180 622 535 255 162 263 551 30 111 290 420 465 558 380 764 49 644 684 410 429 153 94 325
95 464 351 200 273 563 746 40 492 685 793 775 727 601 196 582 377 160 655 522 240 146 247 523 22 118 306 421 470 540 364 784 21 653 691 403 439 143 91 301
92 478 343 229 291 594 748 41 506 714 799 767 709 638 211 591 354 170 641 515 258 156 264 556 21 125 289 435 492 547 387 766 24 658 688 401 420 157 96 316
67 444 336 226 276 565 743 64 519 704 809 761 721 620 185 583 376 199 629 527 249 157 253 529 20 122 281 443 489 570 392 788 46 667 697 380 420 126 93 331
74 478 359 207 270 567 736 64 499 707 816 756 717 607 211 603 375 197 653 538 251 165 255 543 37 126 294 452 478 571 379 762 52 643 674 389 426 142 117 339
88 458 357 225 269 583 755 69 519 715 812 762 730 626 182 619 346 189 652 532 257 142 254 527 31 124 294 426 484 577 360 796 57 663 676 415 401 155 85 306
87 469 354 213 272 572 750 46 487 689 786 742 702 636 214 589 372 163 624 518 252 141 244 547 9 114 281 454 488 564 371 774 55 646 680 393 408 133 84 310
66 449 340 234 288 593 754 60 488 680 815 775 700 636 219 581 351 164 625 509 234 150 263 553 27 103 289 455 480 563 387 774 25 658 690 417 432 142 91 304
69 442 343 227 285 562 755 49 513 700 803 777 728 613 194 583 371 167 633 510 233 164 246 542 34 123 305 443 461 561 377 798 29 661 672 418 418 137 92 338
89 467 356 202 270 589 756 57 515 686 793 763 738 626 196 587 340 188 636 504 240 166 240 532 2 105 319 446 465 544 384 782 49 676 666 407 419 158 85 314
79 461 356 238 295 594 750 67 490 694 803 747 720 611 200 616 374 160 655 533 226 147 274 524 28 112 291 441 480 560 381 797 31 655 674 382 417 140 92 324
82 448 347 221 266 579 744 73 492 703 784 771 726 629 217 609 346 198 650 520 252 151 255 524 15 117 311 436 464 568 397 769 27 679 691 413 429 157 97 339
79 472 335 210 280 588 726 59 518 718 784 776 727 622 196 594 344 198 656 504 235 154 271 554 9 122 319 421 490 563 363 786 49 678 683 392 417 134 112 304
94 473 344 208 295 579 740 64 516 707 796 757 723 622 192 587 347 177 635 507 249 175 274 534 5 138 312 445 473 556 377 770 49 666 674 408 417 132 102 312
64 474 343 204 299 576 729 76 503 693 800 747 737 607 213 588 354 163 650 523 231 170 243 547 3 114 290 425 464 546 364 783 44 658 681 396 412 159 89 306
64 446 329 230 270 565 742 42 494 681 794 748 723 605 191 598 340 176 637 507 257 177 272 526 29 120 311 431 461 549 386 775 46 670 670 396 409 146 83 310
92 469 355 224 274 575 741 60 512 684 785 770 727 605 211 616 345 167 644 531 239 140 246 525 5 103 307 436 466 542 373 795 36 643 677 392 412 120 85 327
83 463 333 213 268 562 748 45 501 684 793 740 738 626 198 583 349 193 645 520 256 173 247 529 26 137 308 420 464 570 398 772 45 676 678 413 400 128 101 305
86 457 328 235 264 561 746 77 506 707 795 745 700 619 219 612 358 169 653 524 239 152 270 548 10 108 298 442 484 551 388 793 50 641 667 416 428 130 114 324
80 461 346 210 265 564 751 77 483 707 807 771 712 621 187 602 346 190 628 539 239 147 270 523 6 109 293 427 484 557 381 774 55 668 672 393 424 135 84 310
63 454 343 202 280 583 757 70 481 714 812 757 722 639 219 597 363 172 659 515 248 150 248 556 35 111 307 447 464 550 361 781 25 678 699 408 422 156 102 332
67 441 343 208 273 569 755 78 507 711 812 773 705 633 211 595 364 174 654 515 234 147 260 529 29 124 297 423 499 566 396 776 40 670 691 395 419 151 85 314
92 445 332 224 267 570 726 58 503 698 810 746 709 604 195 598 372 167 620 532 238 167 244 555 12 114 287 439 497 555 378 781 29 666 675 382 437 120 80 309
86 451 322 204 294 587 759 60 488 712 789 774 728 636 206 599 376 172 644 531 258 151 254 543 25 135 286 452 488 557 371 792 42 675 678 384 404 153 80 311
62 454 326 227 269 577 746 78 494 708 788 764 718 600 201 588 346 163 624 533 227 179 241 540 39 124 314 423 488 574 374 780 38 653 673 388 411 126 80 323
99 467 330 202 291 570 723 77 506 702 793 763 735 624 187 595 358 174 627 537 234 166 252 538 12 102 314 448 469 571 367 778 23 644 678 405 422 157 83 301
63 465 349 231 287 574 744 71 505 680 800 769 705 621 196 612 376 184 659 537 257 172 260 531 23 136 292 452 498 553 370 792 32 656 661 384 436 134 114 339
69 474 341 216 297 575 724 60 510 692 790 768 711 636 207 595 369 198 649 512 252 154 244 542 1 138 292 439 469 576 367 795 27 673 682 414 419 156 92 334
83 465 350 224 276 569 727 48 514 694 788 748 711 635 185 587 377 175 622 508 235 168 276 559 29 116 300 434 487 579 398 780 37 675 684 383 416 121 118 336
95 473 338 225 285 586 728 47 518 711 796 770 717 618 185 611 365 196 622 517 228 170 244 543 33 139 291 438 490 550 394 774 54 650 697 383 406 158 82 319
99 451 353 211 272 578 725 63 485 688 816 763 731 611 199 596 352 192 623 500 243 154 240 546 37 114 311 454 499 574 391 797 40 671 661 388 419 120 82 328
67 440 327 235 287 572 743 42 484 715 808 758 714 634 215 616 370 176 656 525 235 167 267 539 25 122 308 424 495 556 382 785 29 673 674 398 417 147 116 333
67 451 322 228 284 594 753 72 499 685 818 776 703 613 206 612 350 196 627 533 252 153 246 530 33 114 301 459 480 569 365 769 59 676 686 413 424 138 116 311
91 464 339 225 275 565 727 56 483 702 801 751 729 613 209 607 341 196 620 516 237 146 248 542 18 135 303 442 479 546 377 760 41 669 690 382 406 133 103 324
92 479 338 208 274 586 753 40 495 686 816 770 727 634 219 592 374 195 658 539 248 150 276 554 35 109 283 432 480 565 398 770 33 651 679 398 416 121 92 305
66 448 332 232 283 581 742 40 501 689 789 755 724 634 189 595 368 183 651 518 226 171 248 540 30 107 291 449 467 579 387 791 53 663 672 380 408 155 115 336
81 464 342 227 278 562 731 74 515 707 793 773 724 626 212 613 363 166 650 531 250 154 250 529 6 114 305 455 495 548 368 790 36 676 685 419 415 157 119 316
66 466 345 205 289 582 732 76 516 685 780 750 710 611 184 618 356 178 626 513 231 147 243 553 32 118 292 458 487 557 385 763 28 664 668 381 434 134 118 328
93 479 342 234 266 562 727 68 483 710 795 741 729 606 202 597 367 173 641 537 221 164 269 529 29 115 316 446 470 556 395 794 46 664 695 417 423 134 101 331
70 478 344 220 289 567 757 75 500 698 803 764 713 607 203 592 348 174 631 520 254 170 254 531 4 129 315 433 460 561 379 777 55 655 682 405 414 135 86 309
