200 10 8
41 895 68 843 847 578 801 553 438 61
676 638 672 701 661 438 735 862 210 194
483 462 776 0 387 25 506 507 849 380
479 311 355 566 934 872 499 758 824 918
638 677 26 776 950 597 692 455 4 840
732 942 1 51 462 272 736 410 413 413
13 475 362 911 304 890 164 631 4 914
611 463 745 647 916 22 255 231 592 24
706 72 31 563 597 822 514 521 732 435
369 410 783 956 683 420 662 330 819 836
253 964 178 935 201 741 741 785 127 26
142 389 94 864 136 609 593 133 630 548
584 361 209 747 471 5 625 558 59 820
552 730 146 926 282 923 491 480 388 62
113 717 457 204 217 616 441 61 742 519
782 152 893 37 642 492 679 187 143 481
223 858 264 24 387 290 928 464 363 124
277 481 345 913 570 414 349 803 24 217
711 569 598 521 921 87 384 844 845 942
657 502 679 404 440 25 209 582 8 814
121 422 587 169 168 960 375 541 251 268
973 523 855 204 634 519 104 499 83 845
8 584 425 214 149 37 126 934 535 702
997 177 822 164 71 287 209 741 642 732
930 416 176 908 777 246 303 274 148 438
65 174 86 878 610 525 351 849 9 98
317 313 909 894 0 185 667 683 333 943
708 106 351 752 242 763 388 738 696 450
129 39 34 653 184 52 540 552 705 683
587 171 613 159 624 836 444 353 458 531
969 400 18 757 838 669 253 867 473 19
855 395 317 253 580 440 764 694 686 424
362 924 809 480 744 348 484 862 656 133
55 4 487 536 792 474 98 66 164 123
645 415 514 925 793 811 31 952 59 394
213 499 322 517 372 867 222 184 322 181
303 530 563 861 858 559 696 116 82 902
771 464 371 981 408 518 242 962 271 159
34 965 545 169 695 365 862 42 588 185
621 156 946 146 411 604 666 618 109 913
957 90 133 726 765 76 868 976 922 615
204 606 973 545 588 299 49 413 613 797
323 676 408 940 153 624 172 162 880 623
4 274 725 928 962 317 821 786 535 439
273 277 656 564 247 625 895 40 536 959
976 31 131 770 889 630 670 272 80 542
507 561 111 326 528 895 630 689 282 550
514 163 555 678 47 772 784 226 641 828
710 664 290 641 626 244 282 866 721 71
546 827 549 342 941 823 960 673 590 519
327 774 487 32 803 502 698 554 998 393
603 175 576 167 177 611 360 116 322 191
611 810 828 399 291 119 228 46 71 814
803 780 655 754 347 83 973 523 420 554
523 793 119 913 580 387 180 573 960 645
801 832 87 264 65 197 826 536 864 816
6 424 732 234 384 346 101 207 568 444
815 125 260 355 438 381 508 132 625 818
305 267 323 877 56 360 901 951 529 213
539 691 463 842 438 165 210 773 986 553
365 896 407 547 821 512 37 122 330 947
141 361 656 568 863 95 522 331 265 923
152 547 130 903 273 767 364 464 453 653
220 213 390 713 622 273 678 534 795 772
28 10 957 253 893 898 837 710 904 203
535 866 239 596 319 39 250 545 7 980
663 488 777 580 781 488 90 725 711 711
220 141 917 748 981 182 316 463 852 930
95 219 328 631 788 502 564 888 784 537
677 656 957 886 442 453 180 576 156 473
702 945 442 115 249 191 221 53 817 907
479 3 49 124 105 686 926 94 171 740
764 690 651 398 384 337 230 529 570 157
632 753 288 835 500 887 301 581 131 121
962 397 699 657 202 779 440 433 375 232
859 710 187 982 823 212 338 257 693 696
38 481 778 360 870 80 238 238 549 792
450 258 613 631 866 929 102 636 613 914
458 509 39 650 713 377 517 809 522 196
107 875 793 590 281 339 664 192 492 411
504 400 53 518 550 508 165 821 342 300
34 69 122 381 972 392 344 181 620 811
114 934 825 971 897 830 548 601 26 669
964 223 375 795 742 628 692 657 900 103
690 885 301 456 139 939 566 141 68 374
599 808 193 434 767 447 347 441 911 779
779 410 13 943 922 228 832 379 618 391
509 305 4 65 233 320 455 852 369 635
170 48 667 921 497 996 33 325 850 651
909 875 453 455 806 421 632 239 752 27
873 434 251 559 560 867 849 321 499 898
954 151 882 24 841 1000 232 330 720 408
314 602 41 526 896 337 321 491 154 544
586 435 548 855 786 104 770 115 787 553
179 694 190 531 78 292 754 254 47 456
233 943 82 80 974 206 620 41 182 349
89 521 167 150 954 310 179 865 808 34
974 522 445 254 88 716 327 324 443 668
677 523 518 38 385 114 823 825 808 479
930 105 724 98 674 845 52 944 809 293
665 882 816 45 154 21 963 702 903 186
439 603 912 68 692 905 844 642 743 720
776 518 1 549 542 636 357 138 330 225
552 81 371 44 397 243 209 600 252 240
602 851 578 665 988 655 145 555 667 523
62 742 313 852 141 22 884 11 951 337
74 364 846 501 557 248 292 689 368 879
443 163 633 762 135 448 174 565 875 305
666 644 98 583 867 904 188 21 307 734
520 4 168 49 748 70 175 596 915 969
182 552 786 805 267 610 531 233 685 42
300 292 270 631 982 28 438 88 712 79
799 883 56 688 879 593 490 796 45 583
787 776 142 862 579 618 120 349 634 711
246 555 311 94 420 775 936 460 341 725
619 687 297 589 278 166 183 738 452 496
465 258 585 418 487 208 638 218 608 569
744 122 866 407 709 747 719 845 166 686
208 689 464 324 136 968 585 853 555 772
519 384 489 951 246 235 918 141 721 476
201 684 173 444 140 987 896 724 839 426
309 374 846 512 422 458 50 446 429 100
273 373 617 365 352 537 643 217 660 295
424 546 64 283 949 185 784 635 559 290
476 321 545 291 649 733 414 894 468 760
149 905 509 105 155 890 190 366 903 511
370 383 362 370 81 538 430 575 10 816
838 151 650 748 726 75 876 769 689 233
512 820 770 576 74 614 886 287 131 786
469 295 832 539 587 76 505 722 47 717
660 176 346 303 108 393 731 339 708 209
689 921 322 79 402 182 45 86 600 589
965 554 126 88 424 474 429 647 921 286
52 225 580 80 576 568 806 575 132 537
317 629 382 24 978 633 859 842 507 278
475 63 909 255 272 399 942 752 987 553
428 838 572 140 108 653 87 182 822 709
540 790 101 201 803 807 436 812 243 214
537 566 311 842 405 896 258 530 763 661
628 651 927 217 873 991 460 269 256 457
361 573 431 236 946 357 127 517 481 102
443 472 562 181 442 32 697 334 428 100
242 648 71 678 160 691 311 640 728 895
8 865 470 738 177 951 704 197 586 971
965 146 147 399 402 683 455 244 985 173
924 321 682 747 581 135 853 799 841 628
491 933 44 268 792 244 487 639 804 853
588 110 992 409 147 563 857 256 266 125
266 200 485 318 741 940 81 881 825 931
166 547 816 455 985 996 318 67 215 106
375 291 73 662 950 787 0 950 115 781
712 459 171 231 710 279 213 150 570 6
4 78 910 278 836 34 761 323 501 443
245 738 99 305 553 85 164 815 830 805
334 166 180 748 158 599 415 176 692 305
370 975 4 557 484 824 212 332 932 675
516 130 392 934 990 25 655 862 618 340
340 100 727 940 53 896 992 251 947 169
679 178 514 656 137 3 603 377 857 131
791 849 959 81 276 135 576 779 774 969
699 342 573 285 365 99 452 372 616 503
781 821 47 97 450 390 9 387 890 52
769 45 541 471 83 972 219 361 176 132
48 558 392 134 114 45 333 983 615 386
993 322 605 508 36 169 701 24 614 145
888 794 51 87 190 902 841 424 282 572
795 241 451 372 409 186 963 191 518 90
800 567 306 194 66 977 416 701 476 367
865 278 781 314 581 646 828 252 400 817
148 66 190 910 297 187 402 693 621 779
750 159 472 718 26 429 238 548 285 211
778 228 838 865 512 451 400 409 372 487
10 469 636 570 734 397 603 759 947 936
82 915 202 892 281 988 997 766 830 998
119 468 680 34 250 64 320 710 229 405
259 113 178 925 954 797 193 42 894 132
825 392 184 630 523 615 745 455 304 935
342 400 582 910 329 477 328 710 659 754
141 355 743 157 267 252 515 260 846 701
540 743 341 611 710 666 980 979 622 16
358 903 432 955 999 538 913 372 505 692
386 470 386 769 602 363 109 143 288 862
209 140 317 178 768 789 556 27 443 445
916 943 329 100 142 632 563 195 399 466
854 460 958 293 276 493 926 596 650 770
358 254 503 731 557 838 423 566 401 830
973 195 122 973 350 998 342 389 242 623
403 523 482 169 722 867 613 720 439 541
842 533 751 840 243 161 311 613 757 47
442 597 23 728 938 664 249 969 415 465
617 838 300 447 357 264 76 126 881 350
864 921 555 194 297 164 40 212 250 782
662 62 356 953 94 217 829 765 631 153
89 700 349 359 141 597 88 692 112 859
646 817 554 2 690 941 140 847 849 724
572 844 562 562 54 669 855 248 612 81
805 414 888 917 596 886 217 546 382 84
37 318 761 122 884 250 430 573 312 163
382 690 198 498 434 489 833 868 162 977
353 643 159 312 727 46 111 245 249 683
