200 40 4
240 391 799 739 12 628 679 198 789 399 286 365 125 687 514 49 301 126 472 681 222 600 165 519 536 96 451 567 761 328 424 157 59 220 273 581 96 443 575 724
279 374 782 738 28 638 650 200 776 385 319 366 118 661 482 77 306 156 461 680 245 627 161 506 552 86 474 562 769 334 401 159 47 231 279 613 81 450 552 708
242 366 780 728 22 638 641 210 793 391 303 344 133 664 509 63 337 132 468 690 228 631 171 515 541 62 453 573 761 329 436 167 39 239 263 595 105 436 571 703
244 382 795 740 9 643 666 181 763 387 298 361 129 691 494 72 309 146 481 712 223 600 198 539 536 69 461 570 740 351 432 162 54 200 275 587 95 451 574 722
246 390 800 742 7 654 669 199 795 391 294 371 132 683 517 66 303 138 469 694 226 611 191 513 529 98 450 575 760 337 434 151 55 206 287 589 106 456 570 726
263 394 792 757 8 630 647 203 769 385 315 346 116 676 497 66 320 123 465 689 251 602 165 513 556 70 466 580 767 353 427 175 22 210 280 604 118 448 546 711
247 399 780 735 9 646 643 215 798 383 307 348 133 696 513 71 338 134 481 705 242 629 185 517 534 60 473 561 770 339 430 172 59 203 270 617 102 441 554 735
277 363 812 753 1 624 640 209 774 387 296 368 122 672 500 40 300 151 467 695 257 634 189 504 558 73 463 596 758 349 401 163 56 238 284 596 112 426 547 719
246 392 796 731 15 638 663 201 789 407 306 360 139 664 509 65 317 138 495 687 238 637 191 517 559 77 479 593 769 358 402 161 23 222 268 603 118 422 556 718
271 385 803 733 39 626 668 209 762 385 305 351 117 663 499 62 326 135 486 695 238 632 188 500 522 88 452 583 779 346 417 153 47 204 277 617 98 449 544 727
279 387 808 739 4 629 642 183 784 392 284 346 103 668 482 46 329 142 477 709 249 612 199 524 550 61 452 569 751 323 433 147 38 223 263 584 87 448 556 727
279 389 790 740 37 637 665 209 762 405 314 346 121 673 517 49 302 139 465 693 242 605 161 506 529 74 471 562 776 345 408 166 54 229 267 591 83 445 550 700
252 376 807 742 10 645 657 215 788 394 303 360 133 675 518 50 339 155 466 704 254 602 175 504 525 69 447 575 759 330 412 151 42 224 284 604 89 432 577 703
273 391 786 747 37 633 645 181 767 398 299 359 135 688 514 61 336 156 466 702 226 634 170 502 558 88 478 569 777 354 406 143 47 233 282 602 97 439 550 706
271 376 782 735 4 647 643 190 787 390 312 366 110 679 503 66 339 120 484 701 231 615 168 509 536 69 476 568 755 325 425 161 45 224 284 596 88 454 578 729
262 392 806 743 19 630 656 185 788 413 306 355 106 691 510 71 327 122 479 686 239 622 173 534 523 90 464 569 743 335 425 160 29 234 275 607 108 447 557 717
251 386 781 740 11 650 670 183 767 381 319 376 110 688 499 57 300 135 498 686 222 605 198 510 537 78 452 584 758 330 413 149 27 224 284 619 86 459 558 716
266 369 809 725 39 645 663 210 788 395 303 369 133 683 482 75 308 142 487 682 244 603 194 525 547 82 467 573 766 352 439 150 43 214 292 602 87 423 577 714
243 376 793 720 3 655 657 184 787 398 314 379 110 662 498 45 305 128 498 714 231 627 169 522 553 64 444 563 778 348 408 176 20 200 298 615 117 431 554 707
254 377 785 721 14 639 658 197 792 383 294 350 138 666 515 46 338 153 481 703 259 609 182 520 545 79 446 580 742 332 439 149 33 223 266 616 94 437 561 702
256 370 802 744 7 655 642 196 761 410 304 347 122 674 505 42 317 140 499 709 259 619 182 531 533 85 475 574 754 354 425 174 53 218 278 597 97 427 550 738
270 369 780 751 24 635 662 206 772 419 319 350 108 694 504 60 300 154 467 712 247 600 160 539 535 82 463 592 756 358 431 170 28 221 277 590 113 420 556 708
278 377 805 728 39 634 649 208 771 402 294 341 116 661 495 52 314 123 492 682 237 604 165 528 541 75 471 589 760 325 405 141 23 221 278 615 115 455 560 711
243 378 817 755 18 651 674 209 762 400 281 343 108 665 495 50 308 154 475 715 226 609 175 515 527 60 453 567 746 332 422 162 46 217 291 591 116 459 553 714
255 381 802 758 8 648 658 217 781 391 308 365 134 686 483 56 330 157 490 703 248 607 164 507 542 68 440 597 775 325 427 144 21 203 296 580 94 443 550 718
272 381 815 723 21 623 669 203 788 388 297 340 134 691 495 52 309 130 489 716 223 629 169 533 540 61 478 565 769 329 435 175 57 204 282 617 90 427 540 700
245 366 814 758 28 651 662 180 761 392 280 353 131 695 491 75 304 131 476 705 222 605 185 522 528 65 467 562 770 339 418 172 42 218 282 584 93 441 551 722
248 377 819 739 20 647 653 193 773 402 318 347 124 693 503 62 305 147 473 711 256 612 173 533 545 85 456 583 765 347 420 145 56 213 274 583 109 436 542 727
268 381 785 747 4 635 674 188 768 406 313 371 125 688 510 49 335 134 489 706 234 638 171 514 527 97 463 561 746 352 432 173 39 229 284 583 106 424 562 706
261 391 798 727 1 628 673 214 760 409 304 359 105 694 508 70 323 124 460 705 256 613 177 535 527 77 459 593 769 324 415 169 36 238 272 591 86 424 541 702
268 371 801 747 28 647 669 198 767 419 284 354 127 665 498 54 328 158 487 705 237 611 176 534 534 69 475 575 763 356 411 176 40 212 292 613 95 449 572 729
250 369 812 757 30 630 646 193 767 403 315 341 119 673 510 64 317 159 495 694 250 627 187 529 546 94 445 583 749 332 426 159 34 230 299 581 98 437 551 719
274 376 795 755 31 650 677 215 774 381 313 345 115 675 485 47 335 155 493 698 259 628 167 508 534 79 469 575 750 327 403 146 55 222 280 607 80 430 573 715
273 397 789 743 16 639 669 196 772 407 295 345 121 661 491 64 338 131 474 707 255 614 195 525 548 72 468 599 750 340 406 172 43 215 289 581 98 446 562 726
271 397 808 758 13 658 665 211 785 383 302 364 133 694 519 73 326 135 481 689 238 610 167 535 522 93 459 591 751 329 405 175 38 229 294 602 118 437 579 734
269 390 798 747 6 645 642 196 778 390 291 345 128 698 497 58 331 146 498 684 227 637 198 514 543 68 471 572 774 324 439 175 33 216 289 588 81 426 566 736
246 377 796 752 35 650 648 199 763 383 282 369 117 692 493 79 336 153 466 706 233 637 181 500 541 82 460 571 776 349 401 164 24 225 278 610 108 448 564 709
256 362 816 726 30 659 653 215 787 416 300 353 128 666 495 76 325 123 486 703 223 617 188 515 535 97 452 571 742 325 404 148 48 203 282 614 81 458 544 728
274 366 800 744 27 632 647 183 765 384 283 340 119 676 502 71 326 130 495 714 246 621 169 528 545 85 454 575 747 337 420 148 56 218 294 604 93 447 551 726
261 396 783 756 16 624 645 192 787 407 313 356 139 668 507 50 337 136 460 694 231 620 178 534 524 97 458 593 778 327 412 159 57 231 266 609 93 430 551 700
252 396 808 729 22 654 670 208 762 408 287 354 118 670 505 62 332 146 485 694 223 628 161 528 529 70 441 567 771 327 413 173 31 202 284 580 82 427 562 716
270 394 795 721 15 637 679 204 787 410 306 344 100 665 485 79 337 152 483 696 229 621 175 525 523 92 479 586 772 354 422 157 39 206 272 607 95 432 562 720
248 364 781 743 16 644 675 190 789 418 293 342 107 669 508 54 308 155 499 690 248 609 187 503 543 71 458 593 762 342 411 162 33 216 294 598 88 420 548 725
245 391 809 721 39 643 658 207 789 394 299 353 125 690 481 42 329 141 490 703 243 612 170 519 549 99 442 562 775 320 424 170 38 208 289 607 90 454 559 720
248 381 780 759 11 627 644 206 776 381 291 357 114 679 494 70 328 124 480 707 226 613 182 522 526 87 465 561 763 328 404 146 24 205 276 584 95 434 555 708
278 394 810 722 8 633 644 191 782 408 293 348 136 696 512 62 338 135 495 682 243 620 184 511 525 86 465 575 773 336 416 178 38 220 293 595 81 443 540 730
255 386 819 750 18 651 656 212 798 417 305 372 109 677 485 49 331 158 491 717 224 634 169 526 552 72 474 580 768 325 438 167 47 210 276 589 99 431 543 710
267 387 794 744 22 649 661 190 790 411 292 341 104 674 519 71 320 126 488 700 225 619 194 522 533 69 451 572 776 332 405 179 51 205 282 610 101 430 577 712
246 393 794 752 7 620 661 189 785 384 300 376 118 681 495 52 311 146 473 692 244 606 161 503 535 66 454 581 740 333 409 142 47 215 268 618 94 450 549 713
269 372 801 728 4 634 667 187 769 413 296 369 112 697 484 59 308 122 461 690 247 626 189 509 537 97 462 590 755 331 437 169 23 226 263 599 89 432 548 721
265 371 814 754 36 656 674 213 764 386 283 365 111 673 508 75 304 152 489 701 234 627 166 522 559 61 442 562 777 345 418 141 36 204 283 580 107 429 579 727
265 389 805 733 28 622 651 186 776 407 296 371 138 677 488 69 321 149 483 712 255 603 175 515 554 83 473 562 769 342 423 144 29 236 289 615 97 457 554 704
249 386 799 744 12 623 670 217 793 415 301 350 108 672 513 52 319 128 490 702 235 617 197 524 522 66 453 582 746 330 433 143 23 218 271 615 116 431 553 702
279 374 796 756 24 645 670 206 783 392 281 361 137 696 487 51 338 159 473 691 244 613 176 522 547 75 474 564 740 326 401 172 39 227 288 598 93 443 579 723
274 382 803 750 10 624 671 181 763 408 311 354 111 685 518 66 311 147 490 705 243 625 198 536 522 81 446 591 778 328 427 153 37 202 294 599 107 458 565 731
276 384 789 739 10 624 648 197 768 400 283 344 103 690 496 48 314 120 493 712 249 609 181 534 542 73 456 569 759 332 411 171 56 223 266 609 114 444 574 732
254 398 799 737 32 622 642 206 780 397 289 348 138 697 512 57 330 146 465 716 251 635 175 531 537 90 475 584 746 331 431 152 46 220 272 618 107 437 566 737
248 395 815 748 14 646 649 219 798 386 315 355 126 682 514 74 314 129 463 690 223 615 181 524 550 62 441 589 764 342 418 161 34 211 270 588 105 447 568 706
272 388 780 759 1 631 648 208 790 391 306 369 104 693 502 40 315 157 499 682 246 639 190 514 555 71 466 599 774 355 428 160 29 200 275 619 103 441 577 701
279 376 792 750 6 641 655 196 794 380 289 359 105 691 484 76 317 154 475 711 257 616 175 503 558 99 444 564 757 344 428 169 48 220 281 596 92 427 560 712
265 376 791 730 6 637 654 216 797 414 310 357 132 680 487 73 317 124 480 698 246 607 171 521 529 64 458 592 743 355 416 141 38 216 293 583 97 423 573 732
276 383 790 748 12 649 657 189 792 408 298 344 131 683 484 44 310 148 466 714 259 604 161 509 527 96 440 572 757 327 417 162 52 238 275 590 119 449 573 707
245 362 806 727 28 641 659 209 795 411 318 373 119 676 497 50 330 153 462 710 223 618 162 517 534 70 466 567 769 337 434 140 50 227 293 611 92 431 562 706
248 361 817 738 3 622 677 211 793 406 318 356 102 677 495 61 327 143 466 689 229 629 161 538 557 86 457 560 743 358 423 159 49 222 275 589 84 425 556 728
254 372 793 740 35 642 662 186 769 414 319 366 132 673 514 47 308 131 485 685 234 634 195 522 534 80 440 569 742 359 408 161 44 234 265 595 113 450 541 732
262 366 797 759 37 633 673 218 778 399 290 366 101 687 486 60 331 156 496 712 236 618 199 539 538 60 441 573 749 341 437 156 40 200 285 599 109 428 558 715
278 389 782 749 31 657 668 182 772 392 296 363 102 671 506 68 326 131 481 713 258 630 197 525 529 63 442 587 752 324 400 178 30 229 287 612 116 448 548 711
241 391 795 732 13 650 661 182 787 402 318 340 137 667 511 47 332 147 468 715 257 628 168 507 537 60 460 599 746 355 432 143 54 202 290 599 117 459 543 720
265 398 818 741 10 639 645 186 780 385 312 370 136 679 494 54 331 122 482 688 250 608 198 506 531 84 455 560 745 346 426 146 35 238 271 593 104 425 552 710
267 396 817 729 22 634 678 212 775 409 295 377 127 665 519 56 324 141 460 686 222 611 188 528 547 94 449 564 751 355 431 163 20 237 263 619 118 422 560 724
247 392 814 754 6 652 654 217 790 386 293 374 123 690 502 50 332 135 487 710 236 615 188 534 534 87 462 590 749 337 419 166 22 212 287 601 94 447 565 734
263 374 812 720 1 634 652 209 770 397 293 378 119 682 485 77 335 131 471 680 231 608 160 534 556 83 471 560 760 339 418 150 36 226 275 599 91 429 557 739
245 362 791 729 7 648 663 194 778 404 293 349 139 687 487 44 333 124 461 687 227 612 190 525 541 73 453 560 766 353 418 154 41 200 285 582 104 425 546 724
263 374 804 742 10 642 668 208 781 380 309 364 109 678 496 67 327 132 482 707 222 611 171 537 558 75 468 590 752 341 422 163 42 234 276 599 111 425 542 715
276 382 819 725 6 645 646 192 772 390 287 363 130 664 512 64 312 154 467 705 232 600 170 523 523 99 450 580 759 355 406 171 54 227 288 582 83 425 566 732
246 363 799 737 18 626 653 215 771 401 295 371 122 694 519 61 310 153 485 716 253 630 180 502 531 62 471 588 751 329 409 176 47 204 298 608 99 442 561 711
255 381 794 731 38 626 649 199 790 393 290 364 105 676 488 51 319 127 496 703 231 619 183 526 552 84 477 590 745 352 429 142 32 237 286 581 119 430 552 715
253 382 811 740 13 659 670 210 790 387 312 371 139 674 488 56 326 131 486 696 239 616 177 514 558 61 470 591 762 336 427 160 46 233 298 591 83 449 573 708
264 397 794 759 2 633 679 213 780 390 299 373 117 670 509 66 333 134 475 687 243 638 188 514 546 69 458 578 751 335 414 143 58 206 270 608 113 441 565 717
249 377 808 747 36 637 653 206 786 388 304 345 120 682 481 65 315 147 484 700 230 626 169 513 522 65 464 562 779 347 434 176 43 218 299 583 96 439 560 726
251 393 785 759 28 657 655 189 790 414 315 378 135 684 494 56 301 143 473 692 220 609 190 523 552 64 458 588 740 346 431 170 29 215 278 587 89 451 541 711
275 378 787 740 27 625 640 198 775 402 292 363 126 672 481 60 334 136 476 692 237 612 178 511 544 82 468 594 747 336 405 158 46 200 268 589 86 459 576 730
249 385 781 750 6 628 646 181 776 400 286 360 138 663 481 43 321 137 498 699 255 620 173 501 559 67 450 563 763 321 415 149 21 225 269 610 91 429 574 701
245 388 795 747 28 648 671 192 778 400 292 355 133 699 494 46 339 140 486 699 238 615 178 513 532 96 479 571 766 338 433 148 35 226 275 591 118 455 557 725
276 396 798 746 36 633 660 185 788 414 300 364 120 696 516 72 339 126 491 681 222 617 167 526 521 89 450 569 773 348 435 178 44 204 273 611 80 446 542 700
275 373 814 732 33 634 663 216 780 398 309 375 112 677 487 60 331 158 472 680 244 619 193 500 528 93 456 571 766 353 406 176 20 210 294 616 116 459 556 723
265 372 794 757 7 625 654 212 765 407 306 361 124 672 486 57 302 134 483 713 234 639 194 538 520 64 463 587 750 325 435 152 20 209 281 585 93 439 548 704
254 368 795 732 13 623 656 195 760 411 287 363 115 693 515 57 337 120 497 718 234 618 172 515 551 72 470 597 774 341 409 143 36 207 268 604 97 456 549 728
248 369 807 743 26 637 660 213 797 405 305 349 120 663 495 61 316 145 489 714 231 624 165 509 558 67 456 574 759 338 438 178 48 231 299 601 98 456 575 734
242 379 793 751 18 656 647 204 777 417 287 363 128 692 503 58 336 129 463 714 257 619 187 508 554 66 447 566 744 350 402 148 46 219 292 601 105 445 573 714
252 388 787 721 16 621 676 182 790 391 285 347 120 677 499 47 337 137 476 718 255 635 182 539 559 88 467 567 764 342 433 166 59 200 294 608 99 443 572 706
272 393 790 738 35 645 651 201 760 392 309 349 112 675 515 60 339 147 472 688 229 614 178 508 557 67 474 595 758 326 439 148 50 222 299 611 94 451 555 732
249 364 790 746 27 642 661 205 788 407 286 353 132 683 482 76 326 157 481 683 245 618 180 514 557 82 471 593 766 343 403 142 31 236 288 602 106 440 547 704
260 361 785 730 34 624 659 190 777 409 294 348 111 682 493 51 315 126 499 709 255 613 195 525 546 85 454 568 764 324 422 140 29 207 297 606 82 444 558 706
264 379 798 733 5 628 644 207 769 397 305 355 128 697 498 48 333 134 488 694 235 604 190 517 553 80 451 594 769 352 403 161 22 204 272 595 82 454 578 710
247 387 815 730 10 623 669 199 790 419 290 365 119 674 483 44 307 121 486 710 227 609 177 534 555 87 472 594 755 338 438 161 49 225 261 583 104 455 572 715
244 393 809 752 1 651 640 183 767 384 319 365 111 689 490 73 331 125 470 681 251 626 177 522 551 82 453 574 767 329 431 170 59 224 284 585 117 456 558 704
244 385 784 744 5 637 640 210 769 385 295 365 123 691 516 43 318 159 497 718 258 608 181 538 539 98 455 581 742 351 406 150 48 203 283 587 82 429 548 737
279 383 798 742 26 657 673 187 768 419 316 372 130 666 504 49 304 121 491 683 249 637 181 517 530 82 451 593 754 321 405 142 32 224 267 583 85 436 544 738
246 387 818 728 23 657 642 209 766 401 298 344 101 686 486 61 302 159 473 683 256 620 173 534 540 63 474 581 752 324 419 176 21 229 284 605 83 430 547 705
269 373 794 748 26 654 675 182 784 381 280 372 133 676 482 63 319 125 484 696 246 621 192 537 531 80 445 560 741 329 413 162 25 221 283 619 118 428 542 720
272 384 780 749 0 652 641 195 773 389 284 347 111 699 512 54 310 146 469 688 231 606 174 526 546 78 479 576 770 322 421 172 58 201 285 602 110 427 570 721
255 379 798 727 4 633 679 213 768 415 289 370 121 665 480 47 324 127 472 707 237 627 168 525 558 76 472 591 746 355 404 161 47 216 283 592 113 449 573 704
243 371 819 750 4 654 661 187 795 412 298 378 124 690 489 67 328 136 460 715 225 630 169 536 534 79 454 593 777 337 417 174 49 231 261 616 116 429 541 716
247 394 815 723 2 653 674 214 772 417 309 355 106 697 503 76 328 153 487 691 224 607 164 515 548 71 467 579 772 350 410 177 21 217 273 619 81 426 548 734
274 387 791 742 14 640 651 215 777 385 282 361 119 685 486 40 302 129 467 704 257 636 194 526 531 75 459 573 773 346 439 171 30 207 267 586 80 459 548 727
265 395 812 740 14 624 667 203 797 419 299 354 130 661 518 52 334 146 477 706 227 609 195 530 552 81 460 568 773 330 428 174 21 232 276 584 88 456 555 702
264 377 814 738 32 627 674 209 770 410 316 374 122 699 503 57 332 143 490 699 249 601 169 519 531 99 446 593 746 341 421 143 34 226 269 604 86 439 566 703
264 366 803 728 19 644 672 202 774 415 298 341 115 676 492 43 304 149 491 702 231 619 186 508 533 82 443 564 769 354 425 173 50 238 282 613 98 452 542 732
279 397 783 751 3 655 641 184 769 385 285 340 120 694 498 52 332 130 464 713 220 614 172 519 529 71 445 561 746 355 409 167 49 216 289 588 94 441 544 720
244 363 818 722 36 625 649 199 771 413 312 367 128 696 495 77 330 152 461 715 247 636 185 512 525 92 452 569 752 340 408 177 55 228 282 597 112 438 574 726
273 360 799 752 28 636 646 183 767 390 309 352 139 669 517 77 304 146 465 694 228 626 186 513 544 88 440 561 775 355 402 143 52 218 262 590 109 450 545 710
242 380 809 751 35 640 666 184 796 413 315 366 107 696 510 47 333 141 483 702 246 614 165 520 531 79 440 574 766 329 439 168 45 210 282 614 117 423 544 719
242 386 814 738 28 643 656 195 768 409 306 367 133 665 487 48 314 136 486 687 220 639 185 507 530 61 467 591 749 328 423 140 47 232 275 590 116 457 543 718
251 384 790 756 27 657 660 215 789 408 291 350 103 663 503 54 339 124 468 698 246 616 174 530 521 76 469 566 758 323 421 142 48 209 289 595 116 422 571 733
244 372 787 731 30 636 669 217 790 412 290 340 113 699 494 74 334 124 468 681 247 637 160 537 529 96 478 590 741 344 413 178 35 235 294 585 93 455 546 716
266 376 783 757 29 637 660 194 776 415 292 379 102 667 488 46 337 158 493 694 226 603 162 507 522 74 472 573 769 321 431 151 42 208 277 601 111 438 541 707
265 398 818 750 4 640 675 180 763 382 283 374 130 683 498 70 325 151 482 711 230 636 164 535 520 81 479 563 755 334 436 166 35 203 261 588 100 430 560 702
273 372 819 759 30 636 640 181 768 393 303 362 107 693 497 75 335 154 462 684 243 624 183 502 552 98 449 585 779 323 406 161 30 209 261 605 81 438 574 719
243 377 780 727 33 648 674 195 778 408 301 352 114 674 503 59 323 122 487 695 221 637 174 514 522 65 462 587 759 320 418 156 35 201 295 594 91 437 542 735
259 366 816 742 30 646 664 197 799 407 298 343 105 686 511 66 304 146 484 690 238 632 172 528 550 61 454 598 774 332 406 151 37 204 279 611 107 422 570 724
254 366 814 740 7 659 679 200 766 419 317 342 139 680 518 68 305 148 473 692 245 624 162 511 520 87 455 586 742 328 437 161 51 238 299 592 84 453 556 739
267 365 805 734 1 653 666 206 776 394 306 352 129 687 498 55 336 143 487 700 243 625 160 519 526 75 470 568 748 338 415 166 59 218 298 591 98 423 562 712
259 380 799 737 25 635 657 192 793 406 283 365 121 694 484 77 306 150 470 708 250 623 168 506 526 62 442 573 762 350 419 145 47 233 295 580 82 430 545 729
267 386 784 724 1 649 653 197 789 402 287 359 102 696 503 72 328 135 460 695 222 630 184 509 522 93 446 564 767 358 424 170 26 211 269 599 102 458 562 702
270 396 789 754 25 656 655 193 789 412 293 362 101 699 512 44 330 129 493 715 253 633 191 519 558 92 454 583 772 339 421 161 57 227 289 617 119 457 570 715
269 366 816 725 24 649 678 214 761 409 319 355 116 681 517 40 315 133 483 711 257 639 164 512 534 76 454 599 779 346 422 176 44 223 261 598 107 440 555 732
264 367 792 756 11 643 664 198 797 387 305 377 114 674 512 77 305 142 485 717 226 622 179 507 554 99 472 567 769 359 423 149 20 237 297 611 86 447 574 727
244 393 819 742 34 639 661 190 774 413 280 350 139 675 507 60 339 152 473 712 254 620 186 524 547 63 476 596 770 325 408 157 36 231 281 609 106 440 570 701
245 374 805 747 15 643 648 196 779 413 293 350 107 665 507 59 339 148 499 695 259 616 165 539 549 82 447 575 769 339 401 177 50 224 275 584 82 439 547 737
242 363 783 753 24 652 663 210 782 384 314 351 120 670 519 49 323 130 494 704 249 605 184 519 533 63 479 585 774 335 428 141 37 228 264 613 80 459 542 703
262 360 811 733 10 642 640 191 787 409 289 351 122 675 519 69 338 140 496 685 242 631 187 538 546 92 467 597 752 343 416 179 38 211 264 596 84 427 569 701
259 366 813 725 29 631 660 196 789 403 290 353 124 691 488 58 310 121 488 690 259 604 165 507 557 86 468 585 770 347 426 156 48 230 264 582 109 434 558 717
278 399 817 748 12 631 646 212 766 402 291 367 121 694 484 62 321 152 464 700 226 612 195 526 523 87 440 597 775 324 428 175 26 232 286 595 95 451 550 721
256 376 800 749 4 625 642 195 765 413 287 352 113 675 507 53 302 128 484 715 223 600 167 502 527 90 459 586 745 343 424 151 25 221 272 616 93 437 575 708
257 370 789 735 10 636 679 200 790 398 281 340 124 692 495 74 306 158 499 705 229 638 171 508 538 85 454 588 763 353 426 161 40 230 266 594 95 447 551 719
276 364 809 743 15 635 671 195 767 384 303 347 123 670 497 46 309 135 475 712 224 603 181 500 532 78 474 568 756 340 403 179 58 203 278 593 107 436 568 706
279 379 805 736 36 649 652 191 768 415 313 353 100 661 502 63 328 121 486 687 238 623 163 510 530 62 444 574 748 337 403 157 28 223 260 598 92 432 541 710
257 394 798 726 0 637 674 208 784 403 297 372 108 668 510 42 310 141 481 701 239 636 165 530 536 96 448 575 750 332 403 147 30 223 289 588 103 457 569 705
252 393 808 742 15 622 665 197 788 397 307 379 124 674 513 72 333 127 498 708 239 639 176 539 541 98 447 575 750 322 427 169 24 210 274 602 107 431 548 713
250 385 813 735 10 656 674 215 784 392 308 368 118 662 506 52 316 124 479 686 225 637 183 516 524 91 443 596 779 357 423 165 30 202 272 599 110 428 567 719
266 382 789 732 36 629 662 208 789 393 317 374 103 684 518 59 308 139 483 691 235 606 185 510 527 99 454 580 763 327 433 169 53 225 282 612 84 435 556 734
242 379 813 743 16 635 660 204 780 382 294 348 124 660 483 50 304 132 497 689 230 637 192 535 547 70 441 571 763 338 428 157 54 236 264 605 90 428 561 705
260 385 817 759 6 628 657 210 783 410 317 352 111 697 483 59 311 132 489 698 245 621 165 500 552 96 465 595 758 334 404 176 32 227 275 599 92 446 555 727
251 376 812 746 37 657 656 196 796 391 294 365 128 695 488 48 302 150 496 705 250 621 182 527 552 97 457 593 771 322 425 152 47 223 272 587 116 444 557 714
252 372 804 739 7 646 649 186 763 418 313 373 118 676 495 53 328 146 497 701 230 636 162 529 557 74 444 598 761 321 403 149 34 202 292 593 84 440 576 715
255 369 785 749 1 657 643 195 780 403 305 366 102 672 519 42 336 138 481 684 247 622 177 529 549 62 441 594 763 342 413 178 54 226 287 597 80 434 546 719
269 399 797 741 10 642 652 211 780 385 281 376 135 685 513 71 323 135 476 696 257 637 167 538 559 90 440 595 742 336 435 155 37 238 291 590 111 425 577 733
257 382 802 731 9 627 669 205 783 410 287 341 126 695 487 70 304 152 466 717 256 607 175 521 533 69 465 564 776 359 405 159 27 214 284 617 112 448 566 725
249 361 808 745 17 625 657 219 788 392 291 343 125 660 486 43 305 147 494 696 258 606 170 532 538 63 441 598 761 348 404 150 28 223 294 610 111 427 565 730
267 399 814 730 38 649 660 192 798 388 294 349 116 684 486 46 330 129 467 713 223 635 191 508 522 61 470 593 763 356 434 156 25 204 284 586 95 438 569 736
266 373 814 748 7 659 678 204 799 415 293 366 122 689 518 71 334 158 479 681 257 634 161 507 542 60 455 571 779 357 404 148 43 237 269 609 119 420 577 711
241 365 803 727 4 642 678 184 788 411 309 364 131 688 514 65 318 134 481 692 246 633 166 518 559 97 471 576 759 343 425 173 36 228 286 614 118 445 543 709
252 394 788 747 22 625 649 213 797 414 310 362 105 686 511 64 324 136 485 704 251 608 180 532 528 63 457 560 759 348 433 160 58 210 293 594 89 439 566 727
276 361 808 757 28 623 642 209 772 391 281 342 108 675 499 50 321 142 468 684 224 617 180 500 542 72 467 564 774 320 416 175 53 222 265 592 106 430 561 721
273 361 793 745 34 652 658 201 763 414 284 359 108 690 495 73 324 139 470 682 241 601 168 538 537 74 468 592 743 321 434 168 21 206 261 599 104 442 560 736
278 371 811 753 17 633 663 199 768 400 314 375 115 686 486 47 308 140 474 700 232 621 174 522 546 99 447 569 778 351 438 151 47 219 291 597 115 439 548 727
242 362 788 732 11 643 662 181 770 384 309 354 133 670 485 79 330 127 465 682 246 606 164 523 532 69 440 560 767 332 430 167 38 209 267 597 102 440 543 702
252 395 787 751 13 632 642 200 771 407 294 356 137 666 498 66 306 142 464 682 240 612 196 533 557 66 459 598 776 357 434 169 44 204 260 586 109 443 559 732
252 390 811 752 21 648 668 206 774 396 289 342 111 691 487 48 329 132 485 686 252 638 183 515 547 88 474 581 744 335 410 171 48 220 271 593 110 424 577 718
270 394 806 741 4 653 675 184 775 412 292 361 106 679 518 58 318 126 463 713 227 624 196 537 553 94 446 596 752 355 427 162 47 209 288 595 114 426 544 733
247 397 788 753 3 635 667 207 775 418 318 361 133 682 500 78 306 139 488 681 253 619 160 502 522 92 474 571 750 330 413 143 54 207 261 600 83 436 549 731
272 377 811 751 39 648 656 194 791 416 289 372 128 693 488 66 305 148 460 718 243 616 164 538 530 87 444 563 765 336 405 141 59 235 279 588 101 420 566 710
272 368 806 732 7 644 673 199 794 412 298 344 113 689 499 71 304 148 464 681 221 604 171 529 554 74 477 567 745 332 431 161 57 219 262 581 110 434 545 723
267 376 785 728 26 658 679 189 765 411 293 343 109 668 487 47 303 120 493 710 258 637 163 502 553 78 478 589 762 334 409 144 50 217 279 619 103 457 552 732
247 375 808 749 26 645 645 192 760 393 316 358 134 676 497 71 318 136 477 706 222 627 177 529 525 82 467 588 758 327 429 148 28 208 272 582 107 453 540 738
275 360 781 726 13 635 679 187 779 390 287 345 139 679 489 70 314 132 490 693 243 624 183 513 522 91 465 599 769 349 429 151 46 213 272 587 116 451 571 731
256 371 792 745 33 628 676 183 772 386 290 376 126 680 494 59 319 135 475 712 243 624 192 529 559 77 449 577 775 332 438 165 57 207 288 583 83 427 540 732
250 392 814 733 37 643 678 195 765 417 315 348 127 692 508 66 324 143 473 703 249 633 160 519 527 87 468 599 750 341 407 142 50 207 262 609 111 425 575 736
246 396 812 748 21 636 679 186 760 384 298 354 139 672 488 48 316 138 499 696 253 612 197 512 523 98 447 592 742 354 432 169 52 216 270 596 98 423 543 711
275 378 803 738 20 628 675 184 765 389 290 359 136 677 496 58 304 154 487 706 222 617 178 524 537 90 454 599 745 351 437 154 32 216 281 610 97 452 569 719
242 379 803 732 25 620 666 212 783 418 301 362 136 676 485 65 336 138 483 710 247 638 169 520 553 76 458 583 749 330 418 141 47 228 280 618 97 432 565 702
255 399 802 729 27 645 653 198 788 418 297 373 124 681 514 64 329 142 461 681 229 616 182 526 540 77 453 582 775 331 438 176 36 239 296 618 84 429 561 700
263 360 812 755 31 644 646 193 772 410 294 355 120 699 484 51 310 126 480 703 244 616 168 510 534 81 474 586 775 333 403 172 52 220 261 597 92 440 563 701
250 373 810 758 15 632 657 219 775 401 319 371 131 690 506 57 305 130 464 705 231 615 161 513 523 65 471 591 744 323 434 140 55 239 296 598 85 421 549 733
264 364 805 752 34 623 663 192 785 400 294 347 109 688 516 67 320 151 482 680 255 601 186 528 539 98 452 598 767 347 432 147 30 231 274 586 117 429 568 723
270 383 801 751 16 644 679 194 782 387 290 357 112 672 517 67 306 153 486 703 248 630 186 513 527 61 451 574 769 333 421 146 44 230 280 618 109 435 548 726
247 384 796 741 4 643 661 211 792 413 315 373 105 697 482 61 336 126 471 716 257 635 165 521 555 73 464 567 759 348 417 168 22 214 263 590 94 426 571 714
261 396 806 727 34 650 653 192 798 391 298 376 134 692 482 57 327 121 487 695 250 621 191 530 547 98 472 561 763 356 407 159 37 222 271 618 86 456 555 707
279 395 793 729 32 626 662 216 772 409 307 366 112 673 501 62 322 156 477 689 254 606 160 518 528 77 475 569 753 354 427 173 57 203 282 604 106 453 562 704
242 389 783 731 7 651 641 219 799 414 300 360 104 677 504 79 330 124 481 710 232 622 191 514 522 66 459 564 752 327 422 176 37 222 276 611 107 445 577 713
242 399 784 735 32 635 657 219 775 396 285 378 107 694 493 66 320 136 476 707 256 611 169 524 541 96 445 594 777 341 430 152 47 228 290 601 91 425 564 721
240 395 803 752 17 655 650 205 781 410 303 346 103 692 492 60 303 137 474 711 228 608 168 516 527 75 445 596 772 327 400 144 55 209 276 586 87 433 542 716
259 395 794 748 23 648 668 216 765 392 287 375 133 674 487 78 324 131 481 709 256 633 167 518 557 97 451 573 768 324 424 157 53 235 292 619 84 421 550 705
264 374 809 722 36 631 654 196 787 385 314 363 119 691 503 74 302 139 464 681 257 612 162 526 530 71 442 588 761 325 405 149 36 229 287 595 116 455 559 728
260 384 789 748 24 641 653 197 783 395 296 345 105 693 498 70 320 143 491 686 243 634 184 514 554 72 477 591 777 322 400 145 51 217 272 605 87 426 561 717
254 391 814 758 33 627 677 197 786 406 291 342 121 697 502 79 308 120 475 686 232 628 161 539 529 95 442 569 745 320 434 155 57 228 298 603 108 430 570 739
256 384 782 740 20 638 676 188 784 392 286 347 121 664 516 55 328 146 464 681 250 622 170 508 550 80 456 573 759 325 435 145 46 229 268 611 104 425 561 706
260 365 793 743 3 652 659 219 765 415 288 361 113 663 503 55 338 146 473 684 221 614 190 513 547 98 466 569 759 330 415 167 54 238 260 614 114 446 559 721
273 393 813 752 31 648 646 204 794 399 280 347 127 675 500 69 301 127 495 691 256 637 188 505 548 87 452 579 756 351 432 176 54 217 271 604 103 433 543 731
244 362 817 755 13 658 673 212 783 399 296 360 113 685 497 70 324 137 464 695 242 636 166 515 533 74 467 582 766 338 433 173 46 227 284 616 105 441 548 718
273 366 800 758 10 656 642 184 776 391 316 342 135 671 504 68 307 156 487 689 231 632 197 532 551 95 462 582 778 329 431 163 47 204 279 617 104 428 559 702
258 390 788 727 16 621 644 211 786 412 282 343 131 692 500 50 338 134 462 684 250 630 176 535 537 94 473 583 775 323 431 169 20 229 281 615 92 438 560 734
268 390 813 720 1 629 671 213 765 418 313 358 114 668 488 42 323 156 478 702 242 615 172 523 552 72 446 561 748 338 428 175 51 208 282 602 86 442 553 703
279 362 801 726 17 647 650 213 777 393 315 370 113 693 508 69 313 128 491 710 247 621 170 512 529 96 452 575 741 331 432 152 51 219 288 590 83 430 576 703
267 369 803 725 38 657 652 192 787 408 285 354 139 698 512 59 329 150 475 719 259 603 182 538 555 99 473 586 741 323 424 176 21 205 271 585 98 443 555 731
269 365 783 749 8 639 652 207 798 389 307 344 136 688 489 46 338 121 493 684 227 625 179 524 520 96 473 578 755 355 410 174 21 206 281 610 99 426 556 732
266 385 785 736 3 636 669 213 780 410 295 358 132 675 505 75 302 130 483 714 245 621 178 517 538 72 463 590 768 325 408 163 32 203 284 595 96 432 556 702
248 369 811 720 33 646 662 214 796 392 313 379 119 693 497 72 336 137 498 680 234 618 162 502 559 70 465 566 748 324 428 160 44 223 281 616 109 435 545 731
258 397 789 741 10 646 667 200 771 400 285 357 121 686 480 47 333 138 494 697 227 620 182 513 559 71 470 584 749 320 411 172 21 218 281 581 98 434 546 700
