200 20 9
209 40 92 268 68 27 108 243 173 402 282 367 315 169 207 360 53 133 312 324
205 78 84 252 70 0 104 255 146 403 280 383 300 183 231 379 45 140 282 348
202 79 118 261 98 14 123 242 172 411 269 395 303 193 203 378 52 134 300 355
206 57 89 269 66 32 116 243 177 410 291 393 306 192 230 368 36 145 307 340
210 69 116 265 95 38 106 254 160 387 280 383 313 162 212 340 31 136 308 336
197 77 106 256 74 36 116 221 152 395 290 386 336 187 218 366 56 139 290 322
206 68 106 250 62 0 125 258 159 406 274 373 324 196 208 354 47 136 315 352
216 74 102 260 99 14 133 253 159 415 279 388 314 163 210 349 34 158 308 322
206 74 114 251 99 25 113 220 171 411 268 380 336 167 229 347 47 153 299 346
207 65 117 242 96 15 106 235 168 403 269 360 336 181 237 369 30 143 309 353
204 70 109 258 69 9 124 250 176 412 267 387 325 195 212 358 20 125 284 329
205 48 99 261 66 14 110 237 144 381 279 373 332 192 229 361 35 126 315 348
186 64 110 254 68 35 127 227 154 396 291 363 332 166 223 367 38 130 301 329
198 52 92 240 81 33 128 230 165 381 277 383 329 197 230 364 41 151 303 349
190 45 84 249 90 27 133 228 169 416 278 385 323 189 220 370 22 150 311 333
216 61 95 251 73 17 102 224 167 389 296 361 324 167 230 354 58 148 317 343
207 48 86 278 91 6 115 224 166 390 277 386 303 192 218 358 31 147 318 351
211 46 102 253 80 10 117 259 169 401 298 395 325 171 228 352 28 140 296 348
207 50 86 244 63 20 119 253 165 392 275 365 305 194 224 363 46 155 305 327
203 58 113 243 85 24 100 243 175 399 297 372 332 161 226 372 35 151 305 325
200 58 80 241 60 1 131 246 163 417 287 379 315 198 235 356 20 124 311 354
203 47 104 271 72 11 126 237 160 391 290 393 317 176 237 348 32 151 287 338
217 53 97 263 77 15 113 243 167 398 296 378 321 171 238 373 33 125 305 356
193 69 96 241 78 19 103 242 170 411 264 371 325 198 218 363 30 128 286 349
208 62 115 266 88 37 110 250 154 414 295 365 323 177 217 373 33 134 292 342
214 55 106 241 76 28 139 226 154 408 292 372 332 189 208 371 34 152 306 323
191 54 101 271 73 27 121 241 168 394 298 381 335 186 212 357 24 148 286 328
188 56 112 250 96 3 132 225 179 419 268 386 324 167 218 355 56 159 282 330
200 78 109 270 66 11 123 257 142 413 294 387 305 177 210 350 22 130 286 327
200 64 81 249 92 22 114 221 155 397 270 362 302 170 227 355 26 143 287 347
187 64 95 241 76 17 134 252 148 404 266 395 300 181 217 343 53 121 309 321
191 76 106 243 85 15 114 246 156 391 276 366 321 164 234 363 34 141 292 353
212 49 100 274 76 3 136 224 162 407 288 378 304 198 214 364 40 120 281 323
187 41 93 274 62 9 105 244 166 397 295 391 324 168 229 359 44 142 293 352
199 65 110 264 89 9 134 225 173 406 293 375 332 190 235 375 28 132 303 321
181 57 108 272 63 25 136 252 143 414 293 379 320 166 239 373 54 147 313 350
206 48 112 250 90 14 114 250 153 380 285 366 306 185 235 371 56 129 294 333
217 43 100 273 73 6 120 251 172 402 285 360 321 182 236 364 34 149 314 325
199 74 89 274 66 5 127 220 141 399 281 392 303 173 226 355 30 126 312 342
191 63 92 269 97 9 125 248 151 402 271 390 324 173 226 358 40 152 314 327
193 51 95 251 93 20 130 244 171 413 283 364 330 162 223 367 25 148 305 355
190 47 84 252 66 21 116 222 161 404 262 384 319 190 223 359 30 139 301 320
181 44 85 267 98 3 113 241 151 408 270 392 306 195 210 367 23 127 319 333
217 63 88 271 69 0 118 223 159 412 279 363 318 162 239 371 58 150 283 359
214 52 103 273 64 13 101 243 174 395 296 392 339 163 216 349 38 140 299 344
211 61 108 253 75 31 132 226 143 403 266 397 338 169 229 371 52 131 317 324
186 79 114 271 99 6 129 221 166 410 290 390 319 184 212 351 48 152 292 329
180 50 80 267 95 21 106 229 153 395 269 399 329 173 222 377 46 133 301 323
193 66 103 256 94 11 138 259 145 413 268 367 302 186 229 370 57 127 312 353
211 54 99 274 94 37 102 259 168 400 270 387 323 189 210 359 29 147 295 343
187 60 102 242 88 13 119 228 172 396 274 372 335 172 229 359 53 154 300 328
212 79 105 269 80 3 128 255 143 416 263 398 304 183 205 363 55 157 292 359
211 70 93 245 89 21 104 257 161 388 260 374 334 170 213 353 28 126 305 323
185 50 118 240 69 30 114 230 166 412 289 374 316 181 208 373 28 141 315 348
184 44 88 250 83 17 104 244 155 393 279 392 311 177 212 349 47 124 319 358
202 72 82 249 82 16 135 256 157 388 292 364 301 185 210 367 31 135 304 344
185 57 80 269 84 5 132 241 168 417 262 384 311 186 238 352 25 139 314 338
215 50 101 242 92 35 125 255 165 398 298 363 314 184 211 356 20 122 303 321
214 62 102 251 72 34 123 256 174 399 270 398 311 167 207 356 49 159 281 327
186 77 106 268 66 22 100 247 148 415 273 375 307 170 204 345 33 132 311 347
203 67 118 244 88 2 126 232 176 389 291 395 329 163 207 379 45 133 284 346
200 46 93 253 85 22 134 244 167 416 279 383 325 167 210 374 23 137 281 321
189 43 94 250 71 25 119 221 175 392 285 394 331 197 237 378 54 132 299 344
214 78 111 251 72 4 126 238 175 418 277 387 332 187 226 341 56 123 312 324
188 44 118 255 97 6 131 242 140 383 271 378 313 189 222 367 24 150 299 353
213 70 94 270 89 13 139 255 166 418 263 366 320 171 228 377 55 147 312 329
201 77 103 258 85 15 130 239 145 411 268 386 324 181 204 363 56 132 314 341
184 68 103 242 72 37 101 235 161 397 264 380 315 166 226 344 45 134 281 359
216 62 118 266 73 0 107 228 142 392 282 363 312 186 210 367 54 149 288 322
194 44 94 257 77 18 124 255 157 404 280 388 327 172 223 369 24 121 314 351
205 66 80 241 98 19 130 252 175 411 265 369 311 192 220 370 58 158 293 323
187 71 114 269 67 39 101 250 164 400 271 375 306 177 218 374 43 133 280 330
184 63 108 265 75 33 124 250 160 394 274 362 312 168 217 369 49 130 303 346
217 79 108 243 97 22 118 238 167 399 280 398 307 187 234 346 43 123 287 349
202 60 86 250 91 7 103 230 163 390 298 389 300 165 217 366 46 140 315 359
201 40 86 273 85 20 118 240 178 405 264 383 324 175 217 364 53 136 309 328
206 50 97 266 89 26 132 257 142 387 286 363 333 170 217 345 35 136 313 334
205 57 93 257 81 0 104 251 173 395 295 377 319 183 236 354 35 137 307 345
211 44 113 251 88 11 102 228 167 414 269 377 319 165 236 353 47 141 314 324
205 40 88 274 80 4 111 249 175 404 275 395 330 166 230 366 46 145 301 349
183 79 96 272 61 35 114 229 161 390 291 363 321 199 209 364 55 141 314 330
184 57 88 254 64 26 113 225 146 386 290 392 301 178 210 348 51 133 311 344
219 42 111 271 70 8 119 258 142 411 266 386 323 161 202 370 31 139 288 344
193 47 96 270 95 7 117 257 156 412 278 366 329 177 239 369 56 150 319 335
211 69 82 248 91 20 116 227 165 409 273 374 302 160 233 341 31 147 283 346
196 56 101 279 63 35 126 237 154 395 296 394 321 196 235 342 53 150 312 357
212 61 119 276 86 21 127 251 179 398 295 380 328 185 226 379 25 157 316 334
216 45 93 272 91 15 136 221 148 391 264 364 330 174 235 370 28 154 282 347
198 54 101 271 84 15 106 255 179 415 270 385 311 165 205 370 47 146 289 340
181 55 113 249 73 21 135 251 173 390 280 385 307 181 206 346 59 150 293 325
193 56 119 246 67 4 117 253 160 382 274 397 339 166 210 371 55 141 301 332
197 75 92 253 88 27 133 227 162 406 294 379 335 192 239 372 55 124 285 331
201 74 119 257 99 4 129 229 142 407 288 377 326 184 221 343 24 147 290 355
196 70 98 264 97 0 138 224 168 382 264 370 320 183 201 344 56 140 316 341
188 66 101 257 95 20 120 259 167 389 274 385 301 184 201 364 35 139 313 342
209 42 100 249 72 4 131 221 143 384 296 391 316 190 227 357 58 156 308 350
208 66 111 243 99 10 119 243 154 409 279 361 303 191 207 360 21 150 318 341
180 70 80 273 73 19 118 257 147 393 287 379 313 185 211 345 55 122 284 354
216 59 104 250 85 31 126 228 171 411 268 363 322 160 230 372 33 135 318 320
191 65 99 258 85 35 114 249 144 398 283 379 338 168 213 345 56 141 312 351
206 54 83 248 85 36 124 253 151 383 264 367 306 189 225 363 40 123 282 349
208 71 105 272 92 1 128 241 155 392 267 375 321 164 203 372 51 143 307 359
207 61 95 254 95 5 133 250 142 417 265 385 339 197 222 368 35 153 292 351
219 66 81 267 90 7 134 258 157 385 263 374 325 168 227 364 27 157 303 355
203 46 98 254 86 32 110 239 153 385 298 367 323 185 235 346 44 155 286 344
217 50 84 274 69 33 105 238 177 381 290 371 331 193 214 340 44 132 304 321
219 72 104 256 64 22 117 235 179 391 270 391 339 162 201 363 50 155 303 327
205 44 108 248 90 35 127 255 162 393 274 362 326 190 212 371 54 141 295 343
195 51 90 250 78 9 123 229 162 383 291 389 309 196 227 348 20 151 287 338
188 63 118 275 76 12 109 251 151 398 276 379 321 168 235 375 39 138 306 349
200 68 97 261 82 27 115 250 141 405 290 386 333 189 229 347 35 133 296 326
202 57 97 240 87 13 100 235 169 391 290 390 320 162 215 346 35 159 286 350
201 46 82 271 65 29 114 253 141 401 291 365 337 182 206 365 26 126 317 321
201 46 94 240 78 18 123 238 146 406 270 373 308 169 225 344 37 121 311 335
200 49 113 259 97 5 135 229 166 412 267 390 314 169 200 363 46 127 316 334
187 73 80 253 67 31 114 234 141 387 270 364 326 197 218 350 21 138 291 326
191 47 88 258 73 14 106 251 148 393 279 398 331 177 228 376 24 123 286 336
204 41 92 269 61 19 139 227 161 388 280 396 337 197 215 364 58 138 293 332
197 65 95 261 69 20 134 248 176 397 287 384 327 172 233 352 32 130 291 349
187 45 88 261 65 25 105 241 151 413 276 387 315 191 204 379 38 159 318 347
199 62 99 271 73 36 120 243 178 391 286 386 316 195 228 346 57 148 295 349
215 47 93 270 83 25 130 246 154 385 271 388 314 165 234 344 46 133 283 320
201 76 96 247 74 24 127 248 166 416 278 379 300 168 238 367 41 150 290 352
212 60 118 276 75 27 134 229 156 399 292 365 320 168 234 359 25 150 307 354
205 76 98 244 82 24 124 225 153 411 279 382 328 191 219 369 23 131 281 331
213 42 104 265 90 20 127 220 140 382 282 388 336 193 209 376 38 123 295 320
208 42 109 247 99 1 129 233 155 406 262 373 309 181 206 357 29 139 303 355
208 64 105 278 92 22 113 250 156 416 290 361 304 195 212 348 49 120 290 342
201 50 106 252 65 26 116 243 156 390 287 391 313 180 232 344 22 152 305 327
207 49 91 258 70 12 121 249 149 418 288 382 311 186 203 352 44 155 288 320
195 60 106 257 74 18 114 255 144 414 269 363 308 164 224 373 39 156 291 346
219 41 104 240 63 19 119 229 163 386 271 361 334 190 216 377 47 157 305 349
200 40 90 269 70 27 134 252 149 384 262 370 313 187 225 348 23 155 301 358
209 53 109 261 65 10 133 242 173 415 263 376 336 191 223 374 34 120 308 349
189 74 87 241 72 9 137 231 161 418 274 392 331 165 217 372 32 143 282 337
215 79 97 255 70 10 120 241 179 380 296 371 324 170 229 377 47 151 302 331
219 55 105 266 93 34 113 250 143 410 274 394 338 188 230 362 37 134 301 340
190 63 84 279 60 15 100 236 159 381 285 390 304 178 226 373 26 136 283 355
194 53 105 268 90 39 108 229 168 394 283 361 326 161 233 375 43 141 300 334
215 51 106 247 83 12 137 253 150 399 284 372 333 160 200 352 42 133 313 349
197 54 117 256 64 2 139 257 147 396 282 365 337 160 221 358 42 120 319 357
215 79 95 268 60 34 106 250 175 380 266 388 319 195 235 362 47 158 314 343
218 61 89 279 73 14 121 239 160 383 287 370 334 192 238 378 59 135 311 333
212 61 83 276 97 0 138 251 168 396 265 383 331 184 233 364 36 152 319 350
216 63 101 276 81 10 139 228 166 383 291 374 317 184 219 340 33 122 297 327
207 70 109 248 65 12 126 250 173 405 283 399 304 171 233 370 52 152 303 357
185 44 83 253 72 5 128 248 154 400 268 361 302 187 206 346 58 149 305 323
201 62 105 259 91 25 128 241 146 388 286 370 336 195 238 345 38 136 312 332
208 75 103 274 60 2 120 250 161 404 293 363 324 164 209 369 53 125 297 333
200 44 116 257 96 38 136 223 174 408 272 396 303 161 211 353 51 152 314 338
201 72 95 244 73 5 102 229 146 391 296 393 305 177 232 364 43 144 306 323
217 63 116 257 90 21 115 243 152 390 273 392 304 177 237 371 52 142 297 323
206 56 90 270 98 11 119 253 166 402 294 384 310 188 219 353 39 128 295 340
198 74 82 275 73 32 133 231 154 383 286 375 316 160 238 356 30 151 305 330
189 59 115 263 71 30 138 250 153 380 299 384 313 165 226 362 32 121 303 330
207 56 89 273 74 13 128 238 170 395 274 398 325 163 214 376 24 130 289 335
212 49 116 254 62 31 136 252 145 402 285 377 310 177 225 378 43 134 312 321
202 63 109 265 72 19 133 246 158 393 284 380 308 198 225 350 25 139 314 354
216 69 109 252 68 1 123 220 147 384 275 361 337 181 220 340 20 143 294 326
188 57 119 257 93 35 103 254 157 411 262 393 321 194 222 378 20 158 303 325
183 69 84 245 91 20 129 241 155 397 272 371 303 163 201 359 59 141 316 344
191 78 118 242 63 32 124 256 147 382 265 368 313 165 228 350 21 152 301 350
186 40 84 246 83 23 119 224 147 403 278 385 338 187 226 340 24 123 288 321
188 75 117 261 94 38 101 255 163 408 299 366 334 189 212 359 27 129 305 330
215 62 80 272 75 28 112 258 168 396 277 379 300 163 234 341 58 159 313 358
216 77 81 265 90 38 115 258 179 416 267 368 308 180 211 366 29 155 310 346
185 50 103 251 70 31 125 226 153 397 299 372 304 192 237 375 41 158 313 330
209 46 89 258 86 8 130 247 141 386 281 360 312 190 238 356 47 139 294 322
183 74 119 260 88 23 116 220 153 414 299 380 326 170 218 368 33 131 293 358
183 47 117 250 73 7 103 224 146 408 265 375 337 190 222 340 52 159 318 348
188 77 100 271 64 3 115 222 162 416 280 392 334 171 218 377 56 137 281 348
204 43 113 251 97 24 131 241 159 408 286 396 328 180 236 364 51 135 284 345
219 68 104 277 62 30 131 250 169 389 281 379 337 175 215 349 52 140 318 350
190 58 97 275 96 18 127 255 178 388 296 372 313 169 204 364 52 124 305 352
192 58 97 270 68 35 135 242 143 411 284 377 308 189 200 377 47 131 286 356
186 43 109 254 97 6 128 226 164 397 272 367 314 160 235 357 33 139 281 332
196 76 104 247 86 33 108 242 171 392 260 366 334 172 225 377 21 136 316 339
185 72 108 263 89 32 130 236 165 398 273 361 304 183 202 355 55 122 280 346
215 56 109 245 91 39 121 248 154 382 261 394 303 167 213 352 50 158 303 334
188 70 114 255 80 37 118 239 172 383 279 373 319 196 226 371 44 144 309 336
213 65 118 264 83 1 134 223 177 417 276 399 329 161 237 344 30 153 285 336
209 74 92 260 71 11 110 234 166 399 296 395 336 176 239 373 25 137 304 326
219 41 95 273 73 32 110 255 168 396 274 361 321 161 232 373 50 121 305 351
189 52 104 251 73 19 125 236 156 384 295 395 330 183 200 370 23 144 285 352
184 45 113 259 88 5 103 246 142 383 295 381 308 182 227 359 58 143 311 330
193 55 95 253 92 18 121 239 176 391 270 376 324 164 203 358 51 139 312 338
190 44 109 245 95 7 134 258 169 403 289 362 331 196 207 364 27 142 292 347
191 54 100 261 70 34 130 246 141 393 273 365 310 193 202 359 35 122 304 338
201 72 103 278 63 16 124 236 165 412 260 371 329 189 200 361 44 147 304 334
203 48 116 272 66 37 130 238 164 398 287 363 309 197 202 364 40 127 287 338
188 59 86 263 65 36 126 223 169 389 289 386 305 176 218 353 30 124 310 351
189 60 109 251 75 26 125 256 155 417 297 360 302 188 232 358 36 150 293 331
192 43 103 244 82 32 102 246 158 407 273 382 338 196 203 340 54 124 312 351
195 53 97 272 85 38 128 221 157 381 283 377 327 178 228 362 35 158 306 338
183 78 119 258 65 38 101 240 161 395 296 373 333 165 237 345 23 133 309 352
201 79 114 241 81 12 132 248 143 385 280 368 315 167 200 340 27 150 314 325
218 77 80 258 61 0 122 255 158 394 276 370 332 182 227 379 42 148 293 340
195 48 93 267 95 36 129 232 150 388 280 374 316 180 208 357 30 129 296 326
216 68 96 252 72 32 106 252 149 395 285 360 322 165 217 344 23 153 281 321
190 48 81 251 91 24 132 251 140 410 299 370 328 180 233 358 52 139 302 351
