192 12 16
827 544 659 943 304 984 835 400 704 613 862 787
752 3 514 157 537 910 627 462 443 189 459 663
745 807 190 365 464 19 745 559 201 212 619 453
303 661 545 891 598 328 92 813 260 273 99 502
734 593 644 741 754 740 139 778 650 40 123 918
457 12 943 587 374 165 798 74 275 933 68 137
358 679 273 436 239 909 515 834 271 12 693 3
675 964 555 201 502 357 143 220 338 194 723 797
755 807 882 147 764 88 4 616 472 353 732 27
517 887 232 707 665 875 372 424 717 802 642 134
772 331 288 934 318 762 835 507 437 230 926 54
930 224 504 657 482 986 166 295 709 174 479 851
48 862 564 217 58 758 279 644 21 384 433 536
401 825 413 23 207 595 667 339 212 357 279 489
190 579 363 898 834 869 174 981 392 852 439 476
240 340 920 528 883 843 417 196 358 230 212 342
543 121 271 791 50 389 996 0 240 798 386 730
831 951 799 674 962 670 778 145 371 781 123 400
651 336 317 785 249 121 539 576 981 325 770 457
718 702 526 814 639 446 304 707 384 609 390 171
262 707 257 390 639 527 823 812 289 135 807 451
760 42 458 950 696 796 543 75 71 32 366 291
45 577 463 354 910 807 156 482 638 541 502 525
767 590 179 377 571 450 422 953 656 532 556 987
713 535 399 608 284 827 230 425 306 579 214 921
671 489 390 241 184 880 951 812 22 727 415 988
10 841 706 620 329 639 910 884 56 519 801 326
143 828 329 783 990 407 269 42 456 329 141 187
247 890 113 682 868 153 928 738 412 863 400 392
337 102 136 680 396 966 305 317 59 172 135 114
694 964 651 877 544 374 498 178 855 243 312 871
911 829 750 780 658 764 126 404 398 832 427 700
735 480 119 771 780 846 998 186 839 844 460 68
52 670 553 797 565 370 446 933 988 385 233 817
353 54 891 871 149 261 578 249 457 314 903 530
350 307 317 14 600 5 117 436 906 782 125 737
419 542 628 180 750 255 455 383 919 389 924 848
766 728 849 199 861 233 445 273 12 84 957 349
235 572 210 267 479 232 717 186 64 518 136 19
623 602 153 801 270 280 723 960 315 784 378 375
949 495 36 649 748 351 270 632 62 865 604 835
102 524 527 341 921 338 555 631 826 526 458 198
760 42 209 791 452 994 399 193 227 403 892 121
578 336 855 193 929 26 122 22 325 761 776 782
583 835 626 425 274 143 774 416 164 864 475 619
848 352 103 115 721 552 708 0 533 762 682 317
281 354 502 7 161 484 780 283 884 753 880 159
861 178 936 660 586 959 761 275 411 522 377 670
274 862 829 633 600 863 327 927 123 586 636 198
209 173 20 178 885 204 759 893 784 812 244 903
984 850 307 47 480 361 500 431 2 376 306 24
724 676 892 525 854 436 905 764 507 272 760 782
533 183 766 155 86 345 809 30 76 45 108 79
507 641 406 329 577 76 325 856 481 46 260 61
172 729 955 48 400 808 473 119 478 511 2 653
555 511 767 649 897 526 136 662 697 90 280 318
179 470 247 520 560 228 747 360 614 892 973 267
871 605 973 650 768 816 287 311 445 593 713 482
717 636 335 116 459 768 583 522 223 820 845 184
574 288 969 553 470 308 917 610 86 791 379 365
260 593 348 725 184 981 410 840 749 470 1 935
505 829 242 424 912 892 295 127 88 217 142 998
883 800 873 575 407 121 611 502 758 955 142 565
362 960 236 802 712 739 635 48 827 698 199 778
149 739 778 983 467 119 371 198 917 249 600 763
473 60 797 801 17 325 164 913 381 896 701 247
8 221 5 911 865 965 49 87 612 785 662 660
870 862 108 602 528 612 278 375 827 534 679 33
612 996 724 101 870 715 595 156 912 846 785 771
252 39 112 132 809 155 218 802 503 641 162 387
720 976 897 170 59 578 772 944 459 349 772 404
521 691 833 273 765 560 225 604 754 332 49 44
485 174 623 50 343 480 953 367 757 701 312 820
664 978 759 312 131 531 288 75 840 169 26 666
98 414 27 13 221 557 622 123 598 238 170 17
43 406 616 661 23 400 960 790 29 266 702 579
803 67 692 853 98 573 103 652 993 712 495 334
990 702 590 457 538 724 16 596 686 948 361 912
947 504 133 485 809 701 738 586 85 859 262 287
954 206 687 155 298 302 80 526 456 855 306 29
607 579 343 895 864 778 673 539 99 990 9 668
381 688 659 875 176 290 66 817 980 571 36 653
849 708 707 828 144 658 445 934 81 540 81 374
18 129 78 991 589 10 557 223 449 567 660 354
669 309 492 225 472 12 444 336 538 860 549 286
288 22 812 97 648 134 270 445 861 891 211 925
650 982 787 293 15 683 914 655 908 864 443 384
161 873 289 317 708 440 206 563 660 311 831 98
520 919 731 640 810 418 229 663 114 198 40 35
377 520 988 402 76 845 462 283 594 762 68 115
694 208 787 465 372 781 398 720 857 34 331 34
835 240 666 542 709 47 112 544 164 39 795 875
77 854 345 759 100 167 851 360 690 243 625 697
778 653 683 220 695 305 235 84 539 248 88 93
464 372 761 149 326 622 681 334 656 228 396 715
219 188 798 841 466 484 842 473 351 281 641 30
802 437 814 320 969 178 219 113 716 600 974 200
325 283 365 293 36 229 218 665 4 524 873 90
157 726 671 349 805 336 271 863 972 740 104 773
562 175 5 632 832 920 970 597 880 741 469 144
404 846 867 936 317 359 688 762 317 588 636 80
732 860 890 548 313 349 990 14 606 821 51 258
472 540 612 734 388 432 56 795 429 609 843 780
326 743 89 703 324 268 112 300 727 28 498 668
287 811 470 483 80 612 640 391 772 399 633 204
969 297 227 596 967 655 738 324 297 855 710 595
293 650 595 625 10 465 990 541 743 399 958 425
359 917 825 521 542 239 912 977 183 393 642 279
547 551 121 427 277 532 663 973 817 483 872 29
174 583 423 234 79 180 123 562 708 373 209 548
712 376 84 330 312 555 790 872 905 229 768 746
528 307 185 358 184 245 979 39 13 95 581 213
644 499 486 618 252 146 164 493 365 62 431 132
69 727 265 692 200 212 273 718 708 630 519 225
220 467 779 422 117 161 170 361 255 381 511 344
276 564 160 773 983 149 964 698 930 904 21 185
922 794 561 753 799 742 491 16 741 324 524 770
321 999 428 531 803 707 87 490 223 908 154 231
256 53 465 917 633 346 255 216 847 277 152 22
476 213 725 736 177 32 747 893 204 470 86 706
511 883 609 239 328 666 503 610 721 712 421 285
878 473 479 965 214 108 16 20 60 346 645 779
130 341 526 409 998 879 494 320 141 492 326 465
352 317 349 302 678 131 232 647 508 814 696 446
69 670 359 162 620 100 915 159 612 589 448 460
847 511 869 321 834 277 623 374 313 504 185 754
742 872 54 938 676 90 89 853 926 117 888 775
110 574 791 283 620 961 728 72 175 400 110 565
290 750 111 36 113 600 266 422 325 486 21 301
466 50 702 983 173 188 950 516 427 382 198 610
385 438 330 571 714 665 336 398 52 645 404 689
373 251 417 346 435 918 25 550 989 671 967 504
718 222 310 170 423 146 556 741 732 32 704 882
8 784 213 585 190 776 713 614 853 251 92 515
241 687 225 140 534 555 522 518 357 368 326 437
148 95 196 415 274 808 758 25 973 44 638 649
801 895 57 886 248 551 739 403 265 414 696 694
347 950 415 46 935 157 142 464 986 244 901 648
228 145 903 810 409 156 284 250 273 955 355 913
647 816 572 890 819 921 708 236 783 954 285 276
306 38 2 588 909 386 266 732 328 537 874 642
699 358 490 511 843 829 829 600 975 982 652 822
896 262 215 407 680 791 797 32 87 658 787 479
736 728 494 328 110 749 562 308 851 994 570 696
218 435 763 25 316 108 462 900 690 500 1000 556
58 756 635 947 206 576 433 62 576 28 389 900
308 270 206 720 888 724 296 449 572 477 864 887
947 411 458 410 672 412 761 352 179 66 313 367
169 628 682 482 722 865 715 187 63 556 151 78
805 381 733 616 288 49 764 517 679 246 436 901
570 13 126 951 231 990 322 514 346 134 80 699
209 982 760 455 727 750 444 785 645 140 165 624
631 552 180 618 4 233 351 808 694 699 276 315
998 435 200 171 302 971 143 326 904 949 325 538
236 827 509 159 603 477 912 139 238 144 1000 479
475 473 0 681 618 680 337 547 392 417 921 421
434 852 15 601 699 206 306 335 536 156 437 664
872 311 945 279 667 696 106 675 871 183 178 534
521 15 563 897 193 70 251 871 892 522 839 98
402 250 175 498 599 917 511 160 888 996 600 728
808 337 274 640 163 489 386 26 502 964 22 187
948 854 961 310 42 363 450 682 750 684 507 729
845 801 584 692 395 418 557 84 936 25 260 258
246 186 232 369 232 66 409 614 792 587 95 759
50 352 784 418 1 859 99 418 569 406 913 820
5 963 858 822 170 817 198 718 545 839 860 542
602 700 44 535 38 393 556 275 625 550 395 952
684 8 442 508 143 766 910 796 26 406 408 845
280 221 911 307 90 324 687 462 455 696 216 682
60 305 121 70 46 616 593 550 72 31 90 2
68 190 0 530 619 529 970 519 573 951 703 997
473 920 385 447 168 703 503 497 415 259 624 374
263 380 685 908 570 633 701 474 650 293 298 841
81 218 804 380 754 59 799 824 329 769 718 725
957 798 117 576 721 337 354 705 816 691 317 931
616 568 729 65 763 760 143 363 942 567 808 133
632 179 737 64 18 587 238 239 672 591 765 792
7 263 667 488 455 87 689 740 943 928 412 325
837 34 874 644 214 317 751 916 891 444 823 203
834 976 231 20 285 35 922 349 589 694 921 383
490 117 545 123 124 387 580 15 721 371 977 295
883 471 168 338 61 887 340 72 259 114 819 642
637 618 151 771 404 355 524 60 397 646 497 116
641 644 792 201 380 283 786 171 612 609 123 208
33 852 985 792 356 387 760 622 372 740 774 422
424 141 316 900 899 658 773 430 614 671 332 317
211 250 485 844 62 459 768 261 259 728 644 181
363 853 969 742 323 349 500 970 751 65 386 204
548 418 332 922 440 62 155 586 317 622 345 163
227 724 788 855 522 595 713 605 353 549 346 99
776 474 941 980 797 160 26 130 561 2 587 453
712 603 35 817 360 915 349 824 107 834 801 780
