60
28244 733
16521 5404
30904 749
44649 580
274655 266449
3638 905
158198 789
116184 160
96931 530
13778 364
21907 820
66501 568
3744 714
321802 336
26208 189
125500 649
30098 12755
42497 397
103333 922
35568 505
124411 7381
171586 795
139552 38857
47439 274
157937 216
49505 437
139882 991
52533 945
793 85
41223 386
67336 56570
11101 507
33598 582
12967 641
29094 135
13033 229
7830 266
46462 755
61182 304
182572 29
90755 153
21628 941
13261 256
45903 525
1 377
99643 893
103916 682
171854 429
47939 843
108666 44
2796 5
47192 2808
8835 985
8774 413
2398 660
14585 207
188493 79726
10975 211
19218 373
39438 206
