70
44007 905
42203 91
5043 94
2417 339
117 356
2843 607
3480 912
21841 74
2 356
31061 237
19076 935
1867 463
9454 3
537 218
12639 245
26181 6045
575 413
7629 82
2652 285
11823 538
5573 364
19407 920
29103 711
869 858
30798 594
7567 581
4404 784
19340 956
1978 380
7352 359
2045 797
53076 196
10685 537
36191 236
37752 544
10692 575
73875 19658
2907 158
6339 806
2166 121
27068 983
487 952
620 970
1888 418
3080 619
1283 806
979 31
4838 874
7334 154
2198 484
12088 106
41983 329
7819 769
57226 14696
31211 763
225 238
6164 837
52 730
138 116
43606 634
7 313
3705 293
3338 971
1051 758
2065 714
1099 389
39426 295
3480 174
1724 434
25687 764
