85
18320 814
48302 891
127760 973
81188 326
16773 267
172400 483
17926 339
64235 429
13770 4560
426 297
137874 353
845 1000
17453 255
39323 8057
139342 591
47469 150
9671 1
20408 182
94501 1914
3684 778
47302 98
76851 853
25418 173
193395 68291
114807 422
47937 327
13623 933
11662 182
90387 440
226057 668
13090 851
19680 583
103470 70
31200 270
4753 298
1256 777
19141 182
28541 137
4623 87
79619 567
65142 507
108037 69513
171140 33
14495 845
51582 775
14207 484
18443 413
262480 876
72998 553
160 699
4749 825
59156 155
19452 68
3970 123
18840 788
61077 31024
21675 477
15473 854
246825 815
19264 991
15691 507
13940 642
15192 893
424 978
26049 644
234256 860
136686 309
93735 301
13235 721
47396 637
215028 84
109522 160
6116 225
1323 5
33471 816
162908 413
1989 58
11972 723
156007 355
115466 198
47371 784
11470 54
231640 281
28272 683
24449 956
