100
13222 90
1955 30
16172 973
14709 523
20003 926
19800 558
41667 496
12648 157
39494 684
260730 592
489 981
1897 432
52950 318
5908 422
19142 387
127837 571
2194 580
42903 874
106540 636
63925 1303
39304 821
26110 953
29730 5627
9366 87
174845 524
28768 826
147257 497
135671 120856
8215 949
541 916
14532 653
10379 743
40736 569
49910 746
8150 96
4683 939
6275 280
5398 803
3 497
6480 172
7360 434
71614 295
18832 900
1886 159
1491 903
49482 334
2143 161
1981 12
6567 392
3148 405
3915 906
4098 774
6289 89
46118 507
1545 720
372 154
51286 764
62239 884
131808 293
13814 64
1582 949
111463 280
16086 436
1970 727
4011 141
22189 632
25578 303
6419 711
9309 438
28007 340
15241 2680
7723 465
6111 670
40246 8852
2945 817
221216 705
4913 570
3859 672
6462 500
27095 940
16730 713
65374 108
105251 597
216994 752
121566 520
55826 560
123651 801
8715 961
76226 53287
22875 995
49053 18
11203 388
43979 500
1727 735
58875 264
36242 805
6905 92
21985 418
16144 567
19752 343
