1000
-475883277 442925916
-362859757 210148867
310735358 -358855951
-955364031 925057082
-478603201 410238559
433893553 -592524462
201705833 -332970558
332732532 -426285662
-652865459 486026053
971762260 -996860229
213469668 -333736653
739630680 -829668506
-6251292 -170362046
97184183 -260477416
705874383 -809116918
-630855138 290144094
141769474 -301228825
-342982037 190945929
-910558309 732028783
980330039 -986273303
736868867 -875000203
971762260 -973216785
-863331170 673552978
180318058 -329069494
-510246043 475597058
-815186621 586676639
-884427020 693189049
980330039 -970843199
-704218902 499190991
159969100 -301228825
-815186621 620166317
30027123 -185698728
-44762847 -150809242
-205735175 84923732
572449117 -674189107
-887646739 692033172
-337863182 155885717
-90684299 -95803703
-902455414 745220188
804250693 -949064845
-90912082 -91914326
951780175 -932217054
-165719420 -9235431
-508081846 466130685
986411204 -972127957
-789918252 585824095
497327874 -507464849
-575255523 426595655
-728173932 284937270
-904870518 813215750
705874383 -821274503
-924769918 798334503
692326053 -805613897
-298983435 36328154
-726687665 465646250
980330039 -980017106
901812480 -916275964
-922388686 765173672
90592145 -226989958
-211306991 112525193
-682440434 567598735
-44762847 -134114784
827150089 -932217054
-274271337 89115761
332732532 -362275666
954155678 -892104274
511361346 -612895290
-652937166 442925916
-825793652 628612566
-953969899 933351216
951780175 -906789874
-666393625 290764203
874922877 -884286868
511361346 -593448848
-942840308 836669929
509128870 -604420271
-699764738 284937270
-963650575 878983796
951780175 -943370724
-712512492 411684757
482274267 -580890134
-362859757 194469996
-278508923 37970482
-682440434 319963265
314978398 -362275666
696854074 -852066453
191746132 -355099674
-508081846 410238559
-44762847 -157475656
789511576 -950537790
-921563608 803788054
791395741 -884286868
-281170123 118799649
-157754547 -8608822
-740507882 517518231
-330330253 155885717
-387574613 224465978
705874383 -874072854
-975794518 894063158
156759214 -291623203
653231014 -770225626
-393960128 221256448
-897414715 771555959
705874383 -813970956
696854074 -846326617
-871148576 714920209
989854406 -996860229
792885456 -939859722
858266999 -932663667
616460434 -730983038
439105771 -580890134
-395541916 249717500
-59680986 -110039064
-510246043 348518278
969745119 -975835664
204483446 -325873534
-59680986 -128917063
-337309560 173956604
-764460058 575549322
-368567309 213607508
-387574613 220868090
488150226 -580890134
762777574 -858986909
-915174830 803788054
-893509624 682670202
-289803251 101773991
951780175 -905375149
-704218902 460203215
94566285 -273518121
-368567309 208908861
-942840308 833940232
603647753 -693039462
923044753 -892104274
896646424 -953465752
-473081914 269742087
410844134 -501816516
939978085 -927429892
-857604132 669576687
782525919 -943502868
-331740101 184537887
465956372 -604420271
-298983435 81017949
-959834444 872604050
290284713 -378526264
-726687665 429760189
67480295 -222000445
-960889275 875567763
50002906 -218294133
898333615 -962950045
-837252469 610874830
-90912082 -19728656
489896005 -505606863
-910558309 830187146
427828145 -580890134
640397642 -733201722
-955364031 876312587
126071710 -248453082
-874644339 691962485
-90684299 -110039064
859679377 -949064845
50002906 -195626775
-434067664 273020060
-837252469 620166317
-416242355 563736530
-49090236 -134114784
-90684299 -64312966
-519582038 309103716
-320143563 133897402
860425027 -970282256
-340334519 185950111
-389120938 235683015
-969133397 976292182
572449117 -693746200
-874363238 693189049
-194439977 7929003
-872829899 675135764
90592145 -226043640
-909800047 798334503
-90912082 -44516921
-792432052 610327027
750820212 -853418053
264693855 -420815583
-211726099 63153499
603647753 -708254556
-769528227 594134198
812263385 -894274211
-563871591 367299408
-819700020 624474510
-996008493 996206303
-416015643 411390756
-80390211 -95803703
71125060 -226989958
-704218902 383500405
-948001534 855531738
529633730 -573868437
42050287 -199740250
-602251109 455158072
564076863 -653279891
-346229124 193480953
330991673 -419771855
653231014 -783893979
-396820989 249717500
-989522648 994696909
-861501169 657741899
637012853 -741104671
-959834444 938024992
566953848 -703605911
355900919 -438548643
-355844346 215051444
-341897254 188079096
-660765670 569611137
-933439572 792782026
-44762847 -145712812
-287558673 129026426
-936208561 854136513
-360267898 191074074
-938464103 854136513
804250693 -943370724
971762260 -979457374
125648289 -230373646
-360267898 193480953
829834168 -970282256
529633730 -606673121
-337863182 187220478
520009980 -606673121
-16468489 -147897365
-211306991 118799649
-570222503 380366824
-964307824 976292182
-666393625 569611137
858266999 -934416348
-863331170 653594993
-946503585 862101570
-786639505 602141695
-949600233 905686548
-78074327 -20582191
50002906 -213660148
-819700020 602141695
889692036 -932217054
-847404692 656412173
-681531745 490954738
201705833 -327619420
-355614093 193480953
940901844 -966104299
564076863 -642295630
-90684299 -58956752
-727751612 370200362
740705061 -846326617
-603347686 370200362
433687920 -590312400
-853766798 657741899
640397642 -741104671
-475883277 547559251
804250693 -970843199
648583980 -769840917
-887646739 677142348
-67276544 -110039064
858266999 -920837924
983782027 -990723266
550336374 -642295630
-478603201 538680029
740705061 -871420537
97184183 -291623203
-337309560 152305465
-740507882 575549322
-327765156 185950111
-443504978 450510931
627807600 -693039462
-556460573 378950114
529633730 -553275227
-6251292 -157810575
-337863182 173956604
159564593 -232548346
-171847694 -9235431
339450913 -438548643
173283049 -301228825
954155678 -951973578
714966030 -872714258
-216939946 119657039
-855468196 669576687
-727751612 284937270
-368567309 190945929
812263385 -892104274
-904870518 771555959
-73650600 -19851755
858266999 -930432004
310735358 -362275666
-334403623 152305465
-942840308 846168184
559172376 -658549211
566953848 -674189107
858266999 -930655497
-58888845 -133671101
330991673 -391824265
-484914381 477993029
-952414959 872604050
-963650575 911935283
-958621432 900412745
-289803251 130061678
792037619 -965499877
-216939946 76667951
-475883277 317276509
-726687665 370200362
663742952 -773288307
529633730 -596998288
134287445 -261390040
675969305 -773288307
-886740409 697582615
-699677123 410238559
-915174830 826332788
-804347794 617764955
-823526986 601431320
-194439977 36328154
34407653 -195626775
801654005 -933209651
327601602 -405898175
714966030 -809116918
-15586204 -157475656
556080979 -653279891
-256299933 44378577
60292430 -214369042
-727751612 366694549
176545272 -333736653
2646597 -199740250
-922388686 792782026
-989522648 995160559
476714816 -642295630
957113660 -950537790
94566285 -227303438
180549530 -354858064
-468105744 567598735
-991599559 995160559
-340334519 187220478
-953969899 980117401
157655437 -262803299
-789918252 617764955
489896005 -580890134
-503275842 455158072
829834168 -949064845
896646424 -881577816
901812480 -892104274
-767131952 641634258
-922820935 777383514
-247311486 44378577
264693855 -417388801
-733927590 379469079
-362859757 215051444
-582651658 506649067
-85722239 -55146863
-764460058 581897162
858266999 -964813439
480861008 -544089671
869131936 -960639283
-877903094 673552978
-396820989 262162496
-492360101 522337113
-872745532 673552978
-767131952 586793422
801027654 -892104274
-148288401 -20582191
-443504978 410871676
-387574613 223737004
-555108825 290764203
-646813262 348518278
-172994617 -9235431
-997577807 997120164
643309095 -770225626
701062610 -853418053
327601602 -362275666
675969305 -770225626
612498888 -674189107
158020633 -260477416
447859573 -595497580
612498888 -693039462
843367208 -953465752
811866493 -945485296
38224479 -210453979
827150089 -970282256
300810970 -362275666
157655437 -232548346
381015159 -464557515
-194439977 13532003
-804347794 581897162
-104728190 -30851245
-59680986 -29126785
697717314 -860980213
-937282044 852350269
980330039 -978985470
755048538 -841001851
-479503403 517518231
310708242 -358855951
11416160 -199740250
-334403623 160527450
-105776320 -121002455
736403880 -829668506
-80390211 -109369114
-42494934 -157810575
-842661969 617150474
-729386889 348518278
-953969899 894063158
986411204 -975835664
-194439977 28982633
-211726099 37970482
-896524997 765173672
529633730 -517971522
-921563608 715594584
-393982712 223737004
-819700020 587392239
264693855 -362275666
295682850 -383945724
-190501848 18981191
705874383 -871420537
-20408155 -177572700
-278508923 83514806
-952414959 868119939
-909800047 791126204
675969305 -795768416
-350662026 215051444
566953848 -730983038
-478603201 522217934
-413930743 262162496
-919546176 830108644
640397642 -743719129
755048538 -871420537
-182190473 -9235431
-837252469 624029193
-923874789 747018957
-20408155 -145712812
627807600 -693746200
637012853 -724200106
217670365 -305194380
843367208 -956265087
201705833 -335480880
-875873592 707358323
755048538 -853418053
-431094890 442925916
-915174830 715973891
-899977674 778443099
419301920 -607122027
-942840308 844478167
436079532 -573868437
701062610 -824444100
-350662026 208908861
-988348074 911935283
-652865459 411684757
997674030 -973216785
528413654 -505606863
332732532 -369951004
95384248 -255116568
-395541916 245709544
980330039 -972127957
365057399 -451503338
-893509624 674984663
745855362 -846326617
30027123 -218294133
-150473564 -20582191
-519834128 262162496
-73650600 -64048538
-532145307 370200362
763206436 -841001851
274537660 -377933001
696711977 -795768416
-956103483 905686548
-78074327 -64312966
-182190473 7929003
-475883277 380366824
290284713 -420815583
-90912082 -87339351
264693855 -369951004
-300684104 106691696
191746132 -327123429
393485689 -474961511
-874644339 697150655
-847404692 649899256
-58888845 -128189045
749999458 -875000203
-876705765 673552978
-456226192 329676747
572278083 -708254556
128081792 -248453082
749999458 -858986909
210964707 -329317381
-942840308 849302713
-69625724 -42119368
-864562077 653594993
-923419004 813215750
-726687665 514213925
-952414959 891530007
-211306991 122001606
201705833 -327123429
-900223627 798334503
-326650570 171626358
901812480 -941062606
612498888 -718106352
-35704172 -157475656
-593501440 532125117
731043033 -874072854
330991673 -383945724
-767131952 585824095
159969100 -291623203
799585094 -957511737
957538108 -916275964
617478737 -708254556
-552400334 360497863
479601864 -553275227
660332281 -799953286
130823813 -230373646
643309095 -751932200
717792499 -821274503
-859928895 662680528
376351854 -464557515
-337863182 162805101
-903265556 826332788
-933907163 745220188
460727039 -573868437
550336374 -647295058
898333615 -956265087
-6251292 -158150134
-519582038 411390756
-647494934 533896732
858266999 -943502868
617563543 -708254556
-395541916 262162496
648583980 -751932200
-337309560 185950111
640397642 -741011276
-225358689 122478873
375807405 -473208813
550336374 -658549211
-274271337 129026426
-792432052 594134198
-379982225 235683015
347465789 -438548643
-73650600 -95803703
858266999 -970843199
951780175 -970282256
290284713 -384385517
-834590502 586676639
-160931230 -9235431
307477199 -369951004
125648289 -289915347
200496416 -314341888
206704512 -305194380
755524754 -812388230
460727039 -580890134
354354021 -438548643
345077549 -438548643
-819700020 610078269
11416160 -185698728
188736221 -358855951
740705061 -858986909
-44762847 -157810575
354354021 -463945131
29476848 -218294133
-277573428 84923732
776156596 -846326617
331164412 -388324577
-765729136 587392239
-298983435 106691696
42626126 -195626775
-903265556 729835789
-660765670 522217934
-793785423 602633415
736403880 -872714258
-781394697 589353230
957113660 -944953956
-876705765 675135764
299137999 -362275666
-740507882 290764203
603647753 -674189107
-652865459 569611137
-90684299 -121002455
-884811175 697582615
-479503403 465646250
365057399 -463487873
149910262 -248453082
365057399 -456750163
179088680 -334044969
-478603201 532125117
580824178 -693746200
172709094 -302554459
957113660 -934416348
360332200 -447155610
-478603201 514213925
859679377 -896149529
-351676216 215051444
874835705 -970843199
688126256 -799953286
957113660 -955556077
42626126 -214369042
-894239483 689507294
149910262 -255374753
-531712447 487181256
217670365 -336372504
-923419004 792356965
-305098514 122478873
564076863 -645371205
971762260 -970843199
247050340 -388324577
-362859757 213607508
746905020 -848082707
176545272 -305194380
173283049 -305194380
134287445 -259858812
550336374 -592524462
-67276544 -29126785
482749192 -517971522
-78074327 -64048538
-939211289 854466079
345077549 -442707400
439105771 -533261712
714966030 -821274503
736868867 -829668506
-726687665 490954738
-964307824 940423279
264693855 -377970702
-355614093 215051444
995469323 -970843199
515703357 -579757674
-910558309 826332788
384394433 -497098188
50002906 -194021564
29476848 -214369042
-56469593 -133671101
792037619 -956265087
-157754547 -9235431
-767566197 586793422
663742952 -770225626
-311960688 133897402
-194439977 34957230
643298657 -754311796
997674030 -975835664
-922388686 792356965
-939461545 854466079
-682440434 517518231
899676641 -932217054
439105771 -593448848
573866590 -678112571
128081792 -254113534
-97958304 -117385514
-897414715 748072938
410084569 -490077811
314978398 -360836335
-49090236 -137331422
550336374 -674189107
758011816 -809116918
858266999 -905454439
-871148576 689507294
986411204 -987154050
789511576 -964922222
566953848 -646657012
954155678 -970282256
-393982712 245709544
995469323 -994772885
627807600 -730983038
818856931 -965789543
643298657 -770225626
970600447 -987154050
-468105744 460203215
-948001534 867752769
159969100 -248453082
-952414959 875567763
957113660 -929524759
-991599559 996206303
33978620 -199740250
-927609597 771555959
384394433 -466745388
867258379 -913908057
-933439572 714920209
-97958304 -121002455
566953848 -733201722
-847404692 653594993
801654005 -970843199
29476848 -185577518
90592145 -227303438
827150089 -916275964
-726687665 567050968
-823526986 624474510
142259356 -248453082
659066591 -773288307
971762260 -972127957
447859573 -505606863
-816976307 624029193
736403880 -856984366
-20408155 -147897365
-937282044 830187146
-97958304 -110039064
564076863 -653576049
-3420275 -147897365
-277573428 36328154
979044303 -978985470
-416015643 538680029
873427981 -905454439
-269840836 40807968
-532145307 450510931
542721200 -533261712
-196740757 110044045
66256610 -199740250
60292430 -210453979
307477199 -377970702
-324195003 137376125
898333615 -933209651
-311960688 130061678
290284713 -362275666
-341897254 190945929
-216939946 107384051
90592145 -222000445
675969305 -783893979
640397642 -751932200
954155678 -932217054
-413930743 254694076
829834168 -957511737
497327874 -547957753
-362859757 190945929
516300545 -573868437
763206436 -846326617
-491692159 567598735
804250693 -902681237
-194439977 18981191
-388873518 221256448
438257981 -590312400
-364504636 191074074
-989522648 988349367
-764460058 576799257
125648289 -254113534
-492360101 455158072
399841915 -501631389
-949600233 891530007
130823813 -262803299
867258379 -910581831
-370931716 217630737
-959943761 867752769
-97958304 -91914326
-959834444 944448391
-577309655 348518278
66256610 -182023522
-205735175 118799649
705874383 -860980213
274537660 -374089400
-148135006 -19728656
-919640495 750077979
-57986038 -134114784
-958621432 980117401
264693855 -399575051
20400586 -210453979
-379778541 224465978
460727039 -615629980
829834168 -939859722
755048538 -858986909
-898633545 813215750
-337309560 156496240
-816976307 628612566
-823526986 610874830
44203622 -195626775
271774093 -382114783
310735358 -380776274
-320143563 137376125
874835705 -934416348
274537660 -380776274
433687920 -513940146
100027981 -227303438
-699677123 418553814
-884811175 673552978
415512969 -501631389
612498888 -706066267
-388873518 236574549
-196740757 76667951
615977807 -693039462
465956372 -580890134
874835705 -910581831
954155678 -957511737
201705833 -358855951
-728480203 422137577
663742952 -795768416
-701693515 515869296
-157754547 -22801429
-519834128 348089019
997674030 -990723266
550336374 -645371205
-759919536 580836946
-575255523 506649067
901812480 -970843199
-935215199 855531738
-903201913 715973891
180318058 -336372504
-311820434 122478873
550336374 -653576049
-291390555 83514806
-257123080 122001606
62028617 -210453979
-360267898 215051444
-727751612 380366824
-42494934 -147897365
-337863182 185950111
279889351 -405898175
509511166 -505606863
-863331170 656412173
-212266292 89115761
353034086 -438548643
-456226192 498774362
-919640495 769643309
310735358 -405898175
1026184 -177572700
-894239483 803788054
-726687665 410871676
465956372 -553868633
-20408155 -157475656
550336374 -647509088
792885456 -950537790
436079532 -524716356
-899553650 830108644
-726687665 292523824
44203622 -192301314
160816212 -302554459
660332281 -773288307
489896005 -533261712
-16468489 -156252890
-942840308 835614495
-20408155 -170362046
-660765670 298061832
650294932 -770225626
156759214 -255374753
201705833 -309674075
-847404692 646968111
-919640495 803788054
994963745 -990723266
-205735175 129026426
-97958304 -95803703
755048538 -857801581
942122667 -910581831
339450913 -434406189
-855468196 656412173
111206387 -262803299
134287445 -255374753
945291230 -920837924
-726687665 284937270
-58888845 -128917063
565029870 -647509088
11416160 -213611109
-946503585 852350269
-277573428 110044045
433687920 -580890134
-933907163 735975020
125648289 -232548346
994963745 -972127957
725670223 -829668506
898333615 -950537790
-396820989 237936975
125648289 -291623203
-918355233 813215750
5619755 -199740250
-646813262 396727729
-393982712 221256448
755524754 -829117832
-328232581 152305465
159969100 -227303438
829834168 -933209651
-904870518 830108644
-963650575 900412745
-247311486 36328154
-436941057 567242486
433893553 -513940146
-490250182 567050968
-682440434 411684757
-927609597 745220188
-556460573 329676747
-874644339 674984663
-857512340 652534956
957113660 -932663667
-953969899 976292182
869701014 -950537790
66256610 -220976396
393806693 -474346383
994963745 -997741171
-999355114 996206303
-875873592 677142348
898333615 -877792354
-904863323 748072938
640397642 -770225626
-73650600 -83301442
-334125607 162805101
204483446 -355099674
714966030 -874072854
479601864 -606673121
156759214 -230373646
351161958 -442707400
-277573428 44378577
-938464103 830187146
-726687665 333192092
10747464 -199740250
-652937166 502820971
-97958304 -21962628
899676641 -910581831
-355924199 215051444
814096471 -943502868
-818552703 640365553
-764460058 571621219
-972756364 875567763
-104728190 -58081865
-251835378 125132393
-393020684 236574549
994963745 -973216785
204483446 -322289235
-740507882 422137577
245325275 -384385517
354354021 -447155610
271774093 -362275666
994963745 -975835664
-728480203 309103716
-393982712 249717500
179088680 -322289235
-861501169 656412173
479601864 -580890134
-899977674 753639098
-942840308 830187146
719428586 -862147010
-431094890 563736530
-504243297 490954738
858266999 -886669142
-900206568 769643309
384394433 -502947818
812263385 -928787099
-989432003 995160559
-660765670 410871676
-16468489 -150437176
-948001534 876312587
-148288401 -78345799
-506794620 329676747
660332281 -781101924
29476848 -192301314
-871148576 697150655
574383487 -709506744
-819700020 610874830
604916780 -703605911
-92614513 -78345799
516300545 -583153687
-436941057 451647228
-789918252 586793422
-422164774 379469079
801654005 -950537790
332732532 -377970702
643309095 -762702786
-922820935 792782026
419876714 -580890134
-431094890 298061832
2646597 -179691256
-175124518 -1938202
314978398 -381208868
2646597 -195626775
860250642 -892104274
-949600233 878983796
-757400053 575549322
612498888 -724200106
1026184 -179691256
497327874 -523932200
-57986038 -133671101
-845130865 610078269
327601602 -420815583
-617812323 502820971
-196740757 85767069
-165719420 -8479552
481060573 -505606863
290284713 -377970702
785458216 -953465752
-171847694 -8608822
-90912082 -78345799
-988348074 875567763
94151380 -226989958
-581170323 292523824
-416015643 378950114
901812480 -894274211
-740507882 571621219
460243637 -580890134
-963650575 976292182
160816212 -301228825
-764460058 580836946
158020633 -249271811
-701693515 517518231
-695330654 309103716
822351485 -894219858
945441137 -910581831
-956103483 878983796
-182190473 13532003
-97958304 -58081865
573974218 -730983038
-334403623 185950111
-164304729 -9235431
889692036 -950537790
811866493 -930655497
980330039 -975835664
696854074 -857183384
-802051778 586676639
-175124518 -9235431
-728480203 366694549
-38323493 -154382074
652710921 -756154110
-809354960 586676639
971762260 -994772885
-160931230 -8608822
714966030 -835045010
