1000
-306534119 179338743
387085340 -493177167
-942004222 826936434
-887307180 697737114
133234404 -242114404
712774408 -853762136
-350870059 216097399
932535543 -962047107
-527941716 366302581
949882576 -997821403
441591427 -546328390
-326548704 184570535
400514238 -534760542
-410154231 269928200
190412633 -300170761
-100410631 28358056
673367948 -864360216
-458934808 353159357
205753385 -331418853
-649834349 546706709
-116567998 10028757
822387005 -895700528
857546480 -899460185
-531964562 367257213
-418045506 261829205
226880595 -338548276
146537555 -205368815
-904084999 807964277
4409591 -99561492
896929402 -962047107
612137863 -744327020
-76728229 -1280256
-421234777 275673597
-689660568 593577670
-861052187 712899907
13855460 -99561492
-876322685 737209425
142296811 -177010354
-39711826 -49209013
-789935525 513117540
-989977096 969309808
190412633 -253944430
-289282795 171410390
896929402 -948948873
930536368 -969623679
-385038739 240597622
506513303 -615604724
634045329 -824698078
205753385 -291400002
-738697546 557338210
-966081393 897139862
994255488 -990440640
880131381 -950571833
620856476 -746660365
-783705597 557338210
29130839 -116197908
847920034 -902099769
-574207121 430620387
-162391268 52204336
590964598 -709412273
764979550 -891366873
-887307180 740937740
-807435442 657351868
764979550 -890371739
787301894 -895700528
150708146 -177268044
281033664 -423872607
-418868555 271904534
-676295617 591904327
-68351265 -21059876
-844732728 660751948
550183413 -664171556
-553097415 393100615
-240065386 132116045
-844732728 686779132
-591731531 448963698
-990114143 991013201
-326548704 193343336
300596283 -403757218
-144776909 32331452
-723145062 593577670
-486689158 364431064
-902786959 852126475
842710028 -907756515
468016281 -564245512
498584735 -581365703
167638510 -251784155
777239395 -891028298
177260778 -259349171
164777237 -205368815
-66377245 -18697542
-252213249 127406130
487098256 -608834108
-172306737 74282969
-40689588 -47057186
-39711826 -42599455
-946252757 862714472
731656763 -878689019
989115605 -993620185
52994927 -120255868
-38303585 -49209013
116659914 -158001426
-889174426 781478825
-450913794 309669933
869915007 -927021359
-635363092 499260622
-966081393 928055680
930536368 -948948873
-522763981 367257213
-500692327 390414348
203737947 -338548276
845784405 -900547078
-152071571 52204336
968063691 -979314313
-487168322 365920328
167638510 -205368815
-517244451 367931281
167638510 -193197034
184786472 -236241710
-591731531 470003450
-699526384 528385184
-410831921 261829205
212664009 -298249642
-846044517 687104349
-789935525 629877241
-522763981 369728659
546883683 -669293906
-425792586 286949198
-646850219 513117540
901517417 -979314313
-54208039 -32462577
-902848413 895755942
712774408 -848095474
-500692327 381507483
571414350 -705172437
-762603181 557338210
864985724 -977551286
-747039521 561954668
597684958 -705172437
-902848413 792300080
634045329 -806356729
-302818447 184570535
-252213249 129142168
-542529986 401437835
331462108 -464251882
140663990 -193353742
341175965 -443145528
-418868555 275673597
-277238794 157668252
-889662682 726188268
-37264219 -49209013
378190095 -488896932
392111985 -501378548
36328346 -115576180
11615701 -89036953
-144680429 44600560
277226184 -443145528
-611365708 489202075
-934422396 795426816
392111985 -509532040
-732554324 552881219
-676295617 499260622
-996512366 997977300
249429183 -338548276
880131381 -952686549
-82013369 -126255
-55375051 -21059876
-960933919 954902269
-966081393 951241980
-950940689 945007165
569434820 -671260177
-19126147 -78119392
-747039521 630184030
-689568028 561282053
-580721855 417612463
494858342 -615604724
-32451314 -66098679
-770268951 569608688
-24846653 -71146389
-908396254 867772045
585416510 -705172437
-288427800 160958783
915440705 -948862899
357097879 -482065292
826639383 -895700528
-989977096 971482888
-863984660 696659215
590964598 -735727544
-844732728 687104349
-94059454 11692481
634045329 -819880740
-833297518 640869133
634045329 -797597422
558812848 -666652470
-607163871 470863348
13855460 -88884184
-110673070 11692481
-23390534 -66146819
126838971 -158001426
146537555 -251784155
699227102 -852847487
287666764 -392748425
-467861417 335173198
-468346873 331446598
-833297518 645969303
682488112 -862225338
-870833940 752933150
-807435442 635096309
-100410631 18870283
900197109 -953553851
218424933 -336803012
592788854 -706087229
-998957334 997977300
583510246 -702606107
894195962 -979314313
273642609 -425619304
521442551 -635121306
950343990 -990440640
287177735 -392748425
506513303 -619726112
-980147989 984736923
-255449120 143045927
-772884980 532685969
-860175047 740937740
-838008273 634270819
486913649 -624942984
305570949 -340576476
-583078389 461427592
-159755584 36172791
673367948 -872842599
900830103 -979314313
387085340 -506789731
84371607 -135826126
-350870059 227256460
-213294819 105267702
-889662682 749408364
686803147 -864360216
928065006 -970758261
153417147 -217950396
331462108 -481640975
-902848413 891052707
-527941716 369728659
-980147989 969039834
-880779947 726188268
4409591 -68690366
-213294819 76046547
950343990 -996520627
-213294819 75910987
-929694647 879413815
-569438964 406779249
218424933 -259349171
-844732728 684866463
218424933 -331418853
999181241 -997821403
-362689891 229171996
317415336 -438277352
949882576 -993620185
494858342 -619726112
286295565 -392748425
-531964562 388114906
757138105 -882319259
-677619019 503787528
935339298 -977551286
-665342924 567145451
-969275119 959265652
-817039384 655155172
-789935525 647509844
563111423 -697532070
-974810292 968741003
-134177550 10028757
451459745 -546328390
-201452095 76046547
-918134766 806006862
-254230622 142133236
-338591232 193999429
-163632474 52204336
-51627000 -39810601
-188431169 100338467
926809897 -969830170
796102364 -893183593
-717988955 497166277
-94789674 15579411
-19126147 -79085442
-700287134 558982901
562938441 -679553675
650093214 -845491923
392111985 -499907916
-198400678 84306372
-870833940 737785814
-601188854 489202075
-9381501 -70025761
-981072527 969309808
391182163 -493177167
997802062 -979314313
808136486 -895700528
886036484 -955395620
319459251 -482065292
-294519649 171410390
319459251 -454065626
-770268951 552881219
-611365708 519554944
222854180 -338548276
59296687 -173276298
171975471 -253944430
341175965 -468187552
-338591232 184570535
-660768931 497323552
926809897 -955472353
915462139 -977551286
171150482 -242114404
669287782 -870647042
-947415173 824374966
-572069700 425673283
-302818447 174417572
569434820 -679553675
-476571668 364431064
-747039521 512280491
-181449696 66584406
-649981337 546706709
222830532 -338548276
-425496235 275673597
-887307180 706932368
860562372 -900547078
677020050 -853762136
-991569338 996630216
932535543 -958041656
430049477 -546328390
910013829 -944762300
-258687613 143045927
446315 -78119392
930536368 -942017346
36328346 -120255868
-896780023 740937740
-295774144 174417572
-84720615 2236143
926809897 -918792324
546883683 -666652470
648619062 -806356729
-572069700 470003450
-591731531 430620387
23566364 -120255868
510924963 -631256616
-723145062 528385184
-649834349 577860827
590964598 -712859932
-385655382 240597622
392111985 -510694047
-772167753 528385184
190412633 -296620627
177260778 -186638773
715860380 -878689019
-445125105 353159357
994255488 -993620185
873100629 -968583993
-4259933 -70025761
-863489293 790248945
127074996 -128232528
-137302235 32331452
-522763981 367931281
-950940689 928055680
-889174426 726188268
-51627000 -42599455
-313049134 184570535
-927615658 862714472
569434820 -700493380
-770268951 566787528
-216207189 105267702
810897995 -895659978
-425496235 287147001
935339298 -955472353
133234404 -236241710
493023419 -615604724
-425496235 304878151
-445125105 306529258
413816688 -520631481
764701934 -883510271
506513303 -631256616
-234987430 127406130
627041830 -803047502
695358299 -852847487
590964598 -741795287
591304735 -741795287
563111423 -671260177
709690747 -865403163
-611365708 578941486
535621863 -661443853
562938441 -670684169
-838008273 639492550
-486689158 365920328
669287782 -850737783
-880779947 697737114
360093160 -483911022
-689568028 558982901
164777237 -177010354
527947596 -652863537
9724521 -108525387
-35247785 -42599455
-799125631 645969303
-981072527 969039834
614011656 -755614091
351856839 -468187552
658518400 -837931494
877696790 -962047107
-971844527 945007165
861637317 -910320757
999181241 -999255465
-989977096 985316877
506513303 -624942984
-492397621 366302581
949882576 -992531851
467068459 -565555605
378190095 -490495758
828725506 -905654318
-659617461 627865021
-144680429 39386365
794478677 -898392777
-372056356 232542838
610688490 -722787757
666472805 -826744209
490168532 -615604724
-992637279 991013201
94137806 -125952018
949882576 -980286750
652325956 -847828791
-869837700 757816637
-789935525 528385184
-953193695 897139862
-860175047 701508964
96334867 -164232139
-998957334 997616383
-458934808 360767346
-960453207 908282568
-942986519 826936434
-100410631 11692481
-885534482 712899907
-959415406 908282568
304877288 -343052431
116659914 -128232528
237704669 -338548276
-706315700 594045732
-487168322 367931281
901517417 -962047107
624841860 -776107190
92501920 -133504128
-138713738 32331452
-252313025 142133236
669287782 -862225338
-163632474 66584406
826639383 -905654318
-234987430 132116045
-953193695 954902269
873100629 -918892418
-837685819 638242143
556392795 -669293906
-717988955 503787528
-385038739 259747671
115927204 -151564117
928065006 -918792324
951739959 -992313349
290082027 -429771125
-286274817 154260973
828725506 -898392777
-50807193 -21059876
455907445 -550004435
932535543 -921963566
-97615004 20314497
535621863 -640453008
-205423518 96741585
-487168322 369344294
52994927 -145420136
-874744546 761136981
-772167753 569608688
-905977944 897139862
521442551 -645281840
-605065895 470863348
140663990 -234547563
68573871 -166036695
-152071571 44600560
-838008273 658886149
614011656 -758284040
-961795365 912891136
-19126147 -71146389
-569438964 401437835
648619062 -822673372
-593500473 489202075
521442551 -636165978
-689568028 547055892
873100629 -921064657
-163632474 74282969
116659914 -165908076
304877288 -403757218
127074996 -136716460
-277238794 160958783
901517417 -918892418
900197109 -922428647
213605431 -332453574
998358458 -999282435
-662747984 562054781
-163632474 61859601
-421234777 286949198
615008864 -771642210
-338591232 227291084
480483404 -623637569
949882576 -990776900
-553097415 391367450
126838971 -143384581
673367948 -856111512
948162509 -989380037
869915007 -955472353
387085340 -497985037
712774408 -878689019
-727603162 594045732
-706315700 561954668
-846044517 686779132
-863489293 712899907
131726840 -254063864
-288427800 164266534
133234404 -259349171
133234404 -183883073
846201430 -900547078
-259870956 148713556
590964598 -723685405
-136098924 11692481
-19135611 -66146819
-29944906 -70025761
-134177550 30610460
-549214170 401437835
569434820 -697532070
732741282 -877997247
-997941731 996155154
997802062 -999282435
84371607 -136716460
-947897676 879413815
-492397621 390414348
-426302036 287147001
558812848 -669293906
426833575 -528468128
894195962 -918792324
-454002478 328881986
-993657930 997977300
-960453207 897139862
901517417 -918792324
-887307180 781792470
-950940689 954902269
718750556 -876556683
480483404 -619726112
-846044517 693638478
791822110 -895700528
-166037414 74282969
757138105 -889150310
825827489 -895700528
-88693945 13941
695358299 -847828791
637280694 -786436064
-258687613 146372190
84371607 -165908076
901517417 -958041656
-450913794 353159357
620367772 -755614091
-569438964 402652831
95921687 -158001426
-508167942 367931281
285174341 -392748425
378190095 -483911022
-723145062 514412267
-388607201 243355508
295109295 -379371051
-259870956 146372190
287666764 -403757218
-960453207 945007165
131726840 -219208278
-727603162 513117540
-902848413 867772045
-410831921 269928200
585416510 -702606107
-974563289 954902269
-946252757 892017365
340167188 -463808479
-942986519 862714472
-239400041 142133236
498584735 -615240507
-947897676 795426816
340167188 -464251882
900197109 -951834780
-467861417 331446598
597205385 -709412273
335221448 -470302289
-295774144 171410390
446315 -70025761
-258687613 151050407
-137302235 18870283
-58710741 -21059876
-488816133 384946347
860700299 -909228438
-456420913 305598095
150708146 -236241710
-901841480 737785814
335221448 -481640975
776929266 -891213440
-239400041 123733402
-145574465 44445445
-326548704 193999429
153417147 -177010354
-947415173 857011102
400514238 -543894219
-757841166 502421214
-82013369 -993708
-240065386 119733073
-408689464 260840288
627566072 -800865624
418508042 -510694047
767672709 -890371739
-611365708 470863348
-756553848 541190992
522576615 -652863537
-338967099 220914269
142296811 -253944430
-23390534 -71146389
968063691 -993620185
-699526384 566787528
-828496248 634270819
-858100504 717307861
901517417 -964585191
737902148 -883510271
-858080859 690768770
907129223 -952686549
-163632474 61954881
-313049134 176947358
-145574465 44600560
-889662682 699380745
-963504609 912891136
-338967099 226042847
366018874 -483911022
-66715446 -42599455
-29944906 -71146389
-231765536 119733073
515018326 -636165978
-458934808 351547405
426833575 -534760542
-410154231 235240315
-213294819 83151819
-286274817 160958783
949882576 -990440640
213605431 -298249642
712774408 -850737783
-141248015 44600560
-418868555 268329332
-364148094 259747671
696265492 -867743927
860562372 -905654318
-425496235 286949198
-410154231 261829205
-41402830 -63399281
-372056356 235240315
-819713433 645969303
-860960267 737209425
-885534482 726188268
-819713433 634270819
23566364 -116197908
99516625 -143384581
-960933919 931193760
-425792586 305598095
896929402 -964585191
-385038739 232542838
597684958 -741795287
-133810759 10028757
-446628422 335173198
597684958 -712464548
510924963 -624942984
391182163 -499907916
-649819342 569608688
-789935525 640869133
-40689588 -49209013
-705466410 546117116
-736960139 630184030
-425792586 290736234
-889174426 785028180
384761887 -490495758
-591731531 461427592
-869837700 729608801
-116567998 30610460
737902148 -883189786
289657942 -443145528
767578467 -892749769
-522763981 387677765
-144680429 34421588
329517345 -472733698
919625017 -967027246
637280694 -824698078
-993657930 991013201
-591731531 417612463
-689568028 513117540
-33772031 -49209013
-902786959 862714472
366018874 -488896932
-961795365 897139862
-420663080 275673597
-929694647 856794745
-846044517 690768770
-593500473 470003450
648619062 -821757579
277226184 -392748425
-765138675 512280491
-862192799 726188268
571414350 -702606107
-996512366 997616383
329425838 -454065626
401302043 -516293727
948162509 -993620185
378190095 -482065292
787301894 -893183593
-476571668 365920328
-820749158 634270819
173947453 -217950396
413816688 -543894219
-537769371 393100615
615008864 -758284040
767672709 -892749769
-725552776 569608688
-201452095 96741585
-338967099 211836604
666472805 -847828791
340167188 -448256446
487098256 -589019033
-929694647 849887787
-762603181 522423581
-923068218 854481943
418508042 -516293727
203737947 -287673264
218424933 -338138123
392480422 -520631481
-425792586 287147001
-858080859 693638478
-755116374 594045732
-699526384 541190992
-887307180 721487467
-963504609 959265652
877696790 -918792324
-408689464 240597622
335221448 -472733698
-531964562 391367450
-201452095 83151819
803360382 -895659978
-138713738 52204336
886036484 -978682528
-13590006 -80472355
732741282 -878689019
-980147989 969309808
-137302235 28634863
-141248015 52204336
11615701 -108525387
392111985 -493363902
490168532 -619690165
845784405 -898392777
-494012027 367931281
-35282884 -49209013
712774408 -852847487
-201452095 74282969
-837685819 634270819
430049477 -556333162
-605707960 489202075
184786472 -174282794
-531964562 401437835
-189480494 76046547
-218264718 129142168
720459212 -872842599
650093214 -826241619
834697371 -905654318
-927615658 891052707
-418868555 269928200
-580312169 442990748
190412633 -309179536
-542529986 391691702
-13590006 -78119392
-662747984 561282053
556392795 -666652470
-82013369 -1280256
-747039521 513117540
-485310169 365920328
861637317 -909498859
-341662795 194402779
-859952431 792300080
-947415173 862714472
697782296 -862000447
126838971 -139519589
918529893 -977551286
300596283 -429771125
-94789674 22638614
757138105 -883189786
-926063056 792300080
697782296 -852847487
949882576 -996520627
521442551 -659723914
384761887 -491269848
4409591 -108525387
669287782 -847828791
94137806 -158001426
287666764 -415209498
-670539689 561282053
335221448 -453635962
860562372 -909498859
-878432233 737209425
-449145363 305598095
858096151 -898392777
205753385 -299901018
-706315700 512280491
-93447303 2236143
-299331594 171410390
401302043 -520631481
935339298 -969830170
-531964562 391691702
-708456498 620129994
-294519649 160958783
-239400041 129142168
-55375051 -1280256
-580721855 430620387
-408689464 261829205
-953337153 908282568
44950871 -166036695
-285835496 152610226
-166037414 68905005
-477605171 364431064
421947740 -514577137
451459745 -556333162
205528145 -297611286
287666764 -443145528
207881161 -259349171
-705466410 578941486
-428488016 335173198
277226184 -340576476
-572069700 406779249
-93447303 13941
-162391268 61859601
150708146 -205368815
-708456498 536843304
-134177550 28634863
-488816133 366302581
873100629 -918792324
592788854 -705172437
-833297518 657351868
-649819342 577860827
467068459 -564245512
470627045 -568675358
368262895 -490495758
571414350 -703014050
-921927775 854481943
682488112 -856918633
-772167753 594045732
490168532 -608834108
-861052187 737209425
9724521 -80472355
421947740 -520631481
451459745 -551319733
-889662682 781478825
83911822 -143718840
-289282795 160958783
-362689891 227256460
-138713738 44600560
-181449696 66673229
-166918715 74282969
935339298 -944762300
-38303585 -44981648
546883683 -661443853
-44635505 -16027813
-896780023 757816637
-772167753 557338210
203737947 -332453574
907129223 -927021359
190412633 -177010354
-567695412 401437835
-84720615 13941
-789935525 634270819
968063691 -996520627
-411265166 271904534
-239400041 127406130
203737947 -262459135
207881161 -300170761
737902148 -882141896
-338591232 193343336
-152071571 36172791
287177735 -425619304
764701934 -889150310
-946252757 856794745
-666759144 514412267
-450913794 328881986
268247102 -340576476
553252248 -666652470
-458934808 305598095
413816688 -517418698
392111985 -506789731
597684958 -709412273
652325956 -829254306
357097879 -443145528
845784405 -901712378
915462139 -969623679
-935789045 862714472
-508167942 366302581
-388607201 259747671
-990114143 997616383
203737947 -268548056
828725506 -903337487
-476571668 362584430
472477965 -576658177
-166037414 66584406
900830103 -953953767
650093214 -847828791
610688490 -709412273
951739959 -996520627
696265492 -856918633
-9381501 -78119392
-35282884 -54457411
-127124313 18870283
-732554324 540464953
-963504609 928055680
612957833 -744327020
626026047 -792658329
-75017394 -1280256
-445125105 324136876
52994927 -173276298
472477965 -565555605
-9381501 -66146819
585926740 -709412273
-39711826 -47057186
834339829 -905654318
127074996 -217950396
-969275119 897139862
-144680429 32331452
515018326 -635121306
-591731531 442990748
794478677 -895700528
590964598 -722787757
-567695412 402652831
468016281 -581025565
472477965 -564245512
-844732728 676145903
634045329 -798247399
-425496235 290736234
620856476 -795974084
-950940689 902653752
-580312169 448963698
777239395 -890371739
620856476 -771642210
-926235891 897139862
268247102 -338548276
-46118581 -6123222
455907445 -546328390
810897995 -895700528
-410831921 271904534
480620961 -583260768
-869837700 737209425
405244458 -514577137
988224279 -996520627
747986363 -882319259
27406117 -116197908
952924358 -997354584
-838008273 647509844
-953337153 959265652
-975504409 968741003
747567049 -889150310
-649834349 562054781
83911822 -158001426
9724521 -89036953
84371607 -158001426
808136486 -896506343
-996512366 991013201
-55375051 -18697542
-572069700 430620387
480483404 -564245512
697782296 -867743927
418508042 -525869843
-974810292 954902269
41663426 -120255868
-364148094 229171996
146537555 -234547563
-770268951 557338210
-591251347 465038210
11615701 -80472355
-966081393 912891136
-259870956 151050407
-181449696 61954881
-356899747 227291084
96334867 -173276298
796102364 -896506343
-75017394 -16027813
-662747984 557338210
-831227666 634270819
-938574707 865889845
900197109 -971547462
237704669 -340576476
527947596 -659723914
213605431 -283211863
-591731531 444954464
-820749158 635096309
522576615 -659723914
948162509 -979314313
880131381 -953553851
-23390534 -70025761
131726840 -174282794
108403303 -136716460
-817039384 645969303
