1000
515868250 -716582384
-887040614 800254185
371202727 -513646265
-390650799 213978676
254751768 -303362703
-732314628 618383478
-900163245 805925794
-732314628 603721581
-440130403 293553429
448333247 -614674769
-131120506 -58741688
-286905564 172320274
826472885 -914888229
143854759 -396898294
552675300 -737800866
980876901 -997719554
-956777115 970890272
-758587314 649707709
-984340661 992308936
-407660361 225321745
-306086280 183665974
-181088558 21819882
-637860613 539158351
263577760 -485677696
677709636 -850683131
-585010743 382532941
-98400473 -125614608
230482695 -417873451
371202727 -510491211
-599149430 470113840
-963679004 969495435
83214581 -325212050
-900163245 821189975
428687156 -536533020
-322971397 183590102
593517642 -735696535
-589395216 440358892
795223485 -883451164
-512526709 328095292
-359799847 193198700
-90645089 -144451424
935933248 -959641433
795223485 -914049703
-406935769 219336049
48465318 -217280623
891888954 -938860248
-995754428 998308076
19184149 -246676588
-758587314 657958717
571847274 -733951901
-377112334 206728771
853025817 -913500504
-915653070 862390401
-221294436 69075312
-598247549 468775130
140170097 -341494921
-259479322 159514250
-991887236 998308076
289822242 -476863844
-701465933 582531728
-974428031 876164799
-673995940 564903721
931061653 -953926678
-951473269 912585122
-187062216 46749978
-187062216 55911481
643618957 -817766215
-37669326 -172144321
-939860565 875331518
-842234014 750014159
687454793 -837840321
816120536 -900966516
-131120506 -24496128
646034482 -817766215
-176430706 47214990
-866760003 793027347
469328117 -630309914
14645183 -209018726
-297317297 171146075
87355355 -460258082
703098253 -854605803
-964872380 970890272
245767480 -281909626
867847138 -934964664
-915653070 869429429
-983661078 912585122
-356779896 180626345
-608326306 482100808
-142170829 -1400714
636335980 -778159600
-438808531 261340201
-621151597 502087440
403905453 -521404471
48410549 -229586184
642331332 -765866017
-405273478 228773450
749758165 -863890307
-910293814 862218366
611125262 -743941455
-226359648 82553310
61652261 -271059777
-871776543 786630795
-847297594 752940663
-634342624 529807547
-577039302 377770216
156820082 -362712667
58907119 -262868659
230482695 -361784371
631547855 -800175429
-176430706 6011522
955768345 -978167983
743743575 -879106754
778396432 -883451164
515868250 -725504909
-297317297 180626345
-991620997 996236782
-748731658 645180813
378627026 -510491211
-261427414 172320274
14854375 -227756580
-364361702 204796981
-758587314 660603267
49158159 -227756580
450184105 -619091119
-687388208 582531728
-883226447 785029345
35012133 -215656384
-621151597 522863364
758497819 -875536020
712210234 -862073637
86079059 -326425833
-7594597 -173687372
403905453 -554119327
943319240 -968770282
-241180880 92905146
-75447469 -154844630
151436844 -466489973
837202581 -893528203
929719869 -953793989
-440997892 277691422
726328757 -862073637
-957752395 957563832
746883219 -872678561
-75447469 -138378739
-905346743 823874487
592543951 -739806269
-226359648 74504300
611125262 -716582384
629752542 -798575871
500786886 -656814961
627659504 -798847529
703548694 -854605803
-661649410 554163822
-208043127 62751727
-561143230 350045227
-169633731 21819882
-593207837 467949638
-833408337 695521176
57143570 -211381926
-965712543 883142067
-514029661 319849921
-750203712 650769874
-856347971 778228913
225338992 -341494921
-589395216 396498077
58907119 -268296636
-208085966 47764236
-589395216 410964516
-701465933 580896858
980876901 -993970375
-671233575 564558500
907407224 -948697324
-876781510 769101058
-98400473 -106089572
567823062 -690378699
-18787340 -191496098
427796001 -521404471
943513930 -967278091
510949732 -697670217
-212193582 55098053
678453614 -837840321
36674309 -227756580
82829147 -357083558
-539658003 343658340
334601825 -491847879
-885098444 800254185
-606860174 468775130
-991620997 992308936
647212961 -817766215
821793543 -893528203
-589395216 438636723
500786886 -650581686
-661649410 542437429
567823062 -716582384
-261427414 161070166
-928654395 877005365
826472885 -901239477
-408419039 220156917
129744011 -442112603
745068283 -872678561
-970769192 951992705
61652261 -268296636
-377112334 193198700
-37556056 -163001538
-679830053 563102180
853025817 -904200947
-939860565 992308936
-642527898 553798849
-49745552 -160219117
-412595420 272087329
-692274246 595799684
-426060159 272087329
132156497 -281909626
-545298981 359626223
462605044 -619091119
-7594597 -174133244
-73557384 -172144321
-924978692 869429429
-58998482 -163496360
394109247 -546792956
140170097 -353820554
521562469 -697773580
-964872380 901071391
-701465933 595799684
-771731368 733083326
835168740 -899330382
-576480392 350045227
812502334 -904200947
-821925824 739357012
315377357 -491847879
567823062 -697670217
-316198766 172320274
-703721067 580896858
-147062890 -1400714
-733556969 602995172
-734152086 656468009
-959473075 941912240
-359799847 183665974
-229584384 82553310
324541180 -494513443
-648904885 549862598
125699235 -420236724
891888954 -941622046
-485576531 335314099
-598247549 451116857
-545298981 362006985
-829491546 726434686
636574501 -765866017
415748896 -527798938
882273060 -937862431
-57294270 -163001538
512416230 -733951901
917036907 -944014059
642331332 -781127687
-666499225 570923607
-676628564 564558500
-580812092 365293399
415748896 -521404471
-139757979 -31803785
772369849 -882061286
629752542 -798847529
825468170 -914888229
-991887236 996236782
486163873 -656814961
-2384238 -181474318
826472885 -883451164
-250332248 122898326
129744011 -367266952
-679830053 564903721
324541180 -493632555
378627026 -510869986
882238088 -937862431
-231312841 86484948
820174199 -925303900
955768345 -989340833
-407660361 235531553
-187062216 50946524
-250275560 146009116
-10942474 -174133244
78358537 -386715200
-750203712 645180813
643618957 -830889805
-405273478 219336049
-648904885 539158351
596240351 -736629295
-593207837 468775130
812502334 -900397600
-119413092 -61492859
-52342416 -163496360
-98400473 -108862155
887324684 -941490600
-90645089 -143921495
986496732 -978167983
-946368996 883142067
-799961525 739357012
-98400473 -113862556
473475858 -639249827
-673995940 570923607
-738237921 650769874
-139757979 -53399937
-447672121 300375998
-958111114 873188024
-577958026 365293399
-139757979 -88755879
-133385328 -26983136
-931236752 883142067
151436844 -389925860
510949732 -716582384
795342954 -910759062
-259479322 146009116
-771326765 726434686
-561160800 361077110
-379033248 205025333
-37556056 -166617815
-306086280 181053119
629394870 -800175429
999831914 -990549634
-24839252 -160212245
399501532 -540701149
462605044 -614674769
-115188787 -107339046
955768345 -988006834
416396437 -553840001
-842234014 746163367
-77904989 -129079144
641515728 -800175429
-216220796 69075312
651185332 -815010785
909355999 -948697324
-686758954 563102180
-666499225 563102180
-544866902 343658340
-803201692 707470108
-917600817 869429429
-586041647 377770216
58907119 -227756580
-232040926 86484948
772369849 -882711426
-931468117 917551056
-580812092 382532941
727801336 -854605803
-576480392 359626223
-90645089 -124441652
-946368996 889111820
950228952 -969838471
795342954 -915948356
702480017 -834653271
748148907 -863908708
-487234678 304754534
664215 -193385563
-249215360 145331067
480990430 -646340469
-744407142 656468009
-608347639 482100808
-734146384 602916095
-279900992 176558040
-405273478 245704172
-678814476 564903721
831359731 -900397600
707099372 -837840321
-995754428 998929195
-232040926 92905146
727801336 -856237090
115636576 -461841527
49158159 -246063825
-437857221 270759509
-923817995 864943814
-139757979 -74016121
505221143 -657473082
-267340978 171146075
867847138 -927697509
506354688 -689007904
408580491 -540701149
907300120 -941622046
225338992 -348666476
-437857221 268687961
469328117 -639249827
436006934 -577872235
-727427290 597159655
-437675892 272087329
154047391 -306251578
-10452504 -181474318
-249215360 146009116
39385233 -227756580
-913394211 862218366
-771731368 699508265
164732036 -357083558
-51052588 -173651980
-187725197 54956453
-675998381 564903721
-913394211 842939679
-100824339 -113862556
204949662 -449973858
-750203712 647891594
-956432423 992308936
552675300 -691671151
36674309 -258442783
48811805 -211381926
485872133 -650581686
-545298981 343658340
-733790854 622782483
371202727 -517944772
-481220875 294105109
473475858 -646340469
-734152086 649707709
738865701 -863908708
-576480392 361077110
746883219 -863890307
-914308997 869429429
-544866902 349538334
-116558552 -10556126
-98400473 -115580428
-928654395 988987470
-405273478 250294473
-176430706 46317455
-363385943 193198700
381520110 -513646265
-7594597 -190725604
-139757979 -58741688
-356779896 181053119
-722904116 597159655
629394870 -778159600
-813389674 746163367
-946368996 992308936
453030401 -614674769
-864744576 777297261
310062522 -494513443
-249215360 126460735
278266290 -474470181
-744407142 642095348
-72915471 -163496360
135730754 -281909626
-674945089 564903721
-10452504 -190725604
-614751296 482100808
193398311 -354017379
134810839 -283997928
259346744 -355473501
205904691 -328415671
-633166664 529807547
-544866902 349624510
-842234014 754853012
-466318801 300375998
162194443 -396616721
-49745552 -166617815
415748896 -571286322
843888929 -914049703
-913394211 862390401
-663719229 540550324
-956432423 917551056
-770728439 667582743
163302551 -403874371
-900163245 802040738
748074742 -872678561
-983157486 889111820
-860205453 781400433
-116558552 -110741894
-581078189 365293399
-577039302 365293399
-642527898 555947855
129744011 -471897664
943319240 -969838471
389849926 -519718291
-953783912 876164799
734819480 -881537014
-139757979 -26983136
861318885 -900966516
853104875 -904200947
642331332 -803404983
-589395216 423516506
-577958026 393693070
-701465933 578628131
-814479156 711171478
-420029594 261340201
-905346743 828606039
-176430706 27294703
-156879676 2857599
-712590885 602995172
282177225 -485677696
19184149 -211381926
-666499225 539158351
-438808531 277691422
642331332 -803034069
-261969710 172320274
861318885 -904200947
-363385943 193141078
-770728439 711171478
-770728439 695521176
-718700796 613449711
-485576531 304754534
-900163245 818367858
-861336699 778228913
-156396861 -10316475
-286905564 183590102
-910293814 818367858
363338907 -510491211
-437675892 271544676
-608326306 495940046
368727828 -510869986
-229458755 86484948
-608347639 495940046
-738237921 642095348
-408419039 255234815
-784980100 726434686
-835444775 752940663
124823184 -461841527
-356779896 172320274
677709636 -854605803
50296829 -229021193
882273060 -934964664
58907119 -271059777
-363385943 184767706
491145923 -650581686
-980602206 912585122
-738237921 657728592
-641847483 555672012
-412595420 255234815
316065023 -494513443
-610972549 495940046
450184105 -614674769
-69467853 -163496360
-24839252 -163496360
-974428031 957563832
422287676 -536533020
-887040614 818367858
-176430706 39991459
324894515 -500321973
-377112334 205025333
-962868377 969495435
505221143 -733951901
-561143230 361077110
-122411735 -59778114
-910293814 862390401
579885866 -690378699
-131120506 -31803785
309559832 -488825682
664215 -197234023
-480101842 300375998
-507090789 304754534
-589395216 395406269
-753820207 642095348
-485576531 308999881
-532257762 308999881
653483188 -817766215
183043865 -414769600
-728866223 606733627
486163873 -646340469
578428979 -716582384
-441187571 293553429
-763915951 666333790
-744407142 649707709
521562469 -737800866
943513930 -969838471
-666499225 553163148
-833537470 739357012
-993075728 998929195
917036907 -955631254
641515728 -778159600
-733556969 622782483
-951422294 869429429
62245151 -367702536
-437675892 268687961
408580491 -554326415
154047391 -358630292
-966162833 969495435
-77904989 -143921495
678453614 -854605803
78358537 -466551966
931061653 -953793989
-405011058 236922827
-601653295 476055847
-964872380 992308936
-249215360 156288609
24665975 -227756580
362308895 -509673136
861318885 -900397600
164732036 -326425833
-194367851 55098053
-633166664 538591059
-51052588 -172035469
39385233 -217280623
-261427414 182076845
-962868377 917551056
631547855 -777147666
427932692 -520765856
164732036 -396898294
690516670 -834587545
-925934899 933738277
867847138 -934429058
-533220428 304754534
41489444 -229586184
-408419039 219336049
-601653295 468079970
-406935769 225321745
-259479322 156288609
-208085966 57450195
-642527898 555672012
-138603731 -99058115
-115188787 -110741894
-981107853 968855667
-728866223 603721581
158585290 -406597511
521562469 -737190146
324894515 -500159080
563228335 -684808097
605857474 -669916440
-58998482 -173687372
-507090789 308999881
-459077025 294105109
164732036 -341494921
428687156 -523277869
-654709344 563102180
-487234678 331757510
-946357019 901071391
-261427414 183590102
-607109751 476055847
-963998791 936508155
727801336 -859251597
850814510 -900397600
-226359648 79927772
149980009 -396898294
-408419039 252408244
882238088 -936878655
-258480174 122898326
867847138 -927747380
646034482 -803404983
-900922203 819573775
204949662 -361784371
-950459370 869429429
-440997892 288203314
-750203712 642095348
-678814476 572403970
-763915951 695521176
-634342624 532471119
-856347971 792689759
140170097 -445219665
97237726 -403874371
943513930 -968770282
506354688 -739806269
87355355 -403874371
-514029661 328095292
-249215360 98767504
-306086280 182076845
-931236752 919116628
-962868377 944327661
-771731368 711171478
-734146384 649707709
-7594597 -181032562
-589395216 425855178
-390650799 213613962
-218785331 69075312
62245151 -383339091
-439232876 277691422
-512316732 308999881
-728866223 602995172
-915653070 864943814
795223485 -925303900
156820082 -377387921
259645995 -341494921
324894515 -491847879
-763915951 661862191
-701372476 582531728
748148907 -881537014
712210234 -834653271
365867093 -513646265
-956432423 912585122
-687388208 564903721
62245151 -274669621
362308895 -510491211
19184149 -215656384
140170097 -328415671
-946357019 970890272
977790639 -993970375
436006934 -571286322
-77904989 -138378739
-589395216 426045471
-784980100 746163367
-877905650 772711811
-229584384 86484948
-980781833 960417413
-842234014 752940663
-946368996 925415196
-598247549 450783786
712210234 -850683131
-460156524 304754534
-970769192 902422415
-78316384 -160212245
-451741591 293774320
627279307 -765866017
-733790854 597159655
748148907 -872678561
955768345 -995369985
14854375 -229586184
-187062216 46317455
678453614 -850006791
935933248 -951476184
-598247549 462760835
611125262 -763014469
-322971397 168414156
48410549 -215656384
861318885 -934429058
-115188787 -112365426
-18787340 -190725604
-212604446 66653147
596240351 -718588769
-212604446 64025687
917036907 -948697324
-437675892 273017011
-386783980 213978676
768439344 -882061286
284686659 -476863844
-487234678 308999881
957879360 -993970375
-539430413 343658340
-229528808 86484948
770084619 -882711426
611125262 -695029056
-379033248 206235623
445817587 -612491199
660908054 -850683131
917036907 -959641433
-637860613 553163148
-139757979 -10316475
-139757979 -10556126
-621151597 482100808
469328117 -646340469
310062522 -500159080
-758587314 695246889
-221294436 74504300
-544866902 348790053
-991620997 998308076
-678814476 564558500
14645183 -211381926
-608347639 528019121
-259479322 145331067
748148907 -862411864
687454793 -831098235
-75212676 -163496360
955768345 -998131816
826925764 -904200947
-480101842 303071111
87355355 -373389856
-156879676 21819882
-627131718 496583607
820174199 -927697509
768439344 -882711426
-606860174 481660371
316065023 -500159080
10157564 -209018726
510949732 -657473082
-687388208 564558500
-910293814 823874487
680025565 -850683131
230482695 -466551966
540072178 -752130827
929719869 -962656428
874264641 -934964664
-357940788 189097829
861318885 -927697509
-661649410 559396718
614649197 -763014469
135730754 -354017379
835874713 -926237350
683467942 -837840321
-750203712 647710529
125699235 -325212050
-163857186 2857599
-576480392 377770216
607818823 -657639236
-946357019 969495435
917036907 -950045213
657893400 -854605803
399501532 -560915981
-877905650 777297261
654994066 -803404983
-814479156 700474234
-142170829 -3651289
164732036 -460258082
140170097 -396898294
826925764 -904418573
315377357 -494513443
-963998791 970890272
771797435 -882061286
921156682 -963962638
284686659 -488825682
-487234678 319849921
612830546 -765801308
917036907 -963962638
-539430413 328095292
514418283 -737800866
-359799847 184767706
826472885 -919301399
-771731368 726434686
664215 -173687372
164732036 -274669621
965600914 -988006834
614649197 -803034069
740659642 -872678561
657893400 -837840321
49158159 -217280623
-610972549 496583607
48811805 -215656384
651185332 -813195849
-512526709 308999881
-962868377 938439385
-726452836 602995172
-122411735 -58858354
-156879676 6011522
925058646 -953793989
986496732 -993970375
-927964808 873188024
422287676 -521404471
10157564 -211381926
-10942474 -190725604
-885098444 818367858
469328117 -627978790
-733790854 602916095
254751768 -454496656
-885098444 802040738
-641847483 553798849
80632861 -353820554
596240351 -752130827
838300188 -914888229
-380617539 213613962
-722904116 598757873
-833408337 700474234
133645045 -389925860
-621151597 496583607
-946368996 917551056
19184149 -217280623
-860391184 766674961
-634342624 539158351
631547855 -798847529
-460156524 303071111
-593207837 450679712
-956432423 930547569
520880285 -657639236
134479765 -357083558
654994066 -817766215
-187725197 62751727
-19955305 -181474318
309559832 -474470181
853025817 -922747189
835168740 -926237350
-621151597 493347794
521562469 -657914310
-377112334 206235623
-460156524 300375998
-593207837 451116857
631547855 -765866017
563228335 -728069055
-309267490 172320274
861318885 -904497690
660908054 -839658524
-946357019 876164799
-2384238 -178160719
-914308997 849242345
368727828 -519718291
826925764 -900397600
-963679004 992308936
282177225 -488825682
-98400473 -124441652
-841625645 750014159
-98400473 -107339046
-610972549 493347794
-37556056 -160212245
389849926 -517944772
826472885 -900966516
-279900992 172320274
660656079 -854605803
-957979998 869429429
-905346743 818367858
-137849010 -58858354
-686758954 564903721
920146891 -953793989
154047391 -444817319
20023628 -246063825
707099372 -854605803
-594937594 468775130
436006934 -572250777
334601825 -493632555
614649197 -768010631
480990430 -650581686
-496632268 307584844
614649197 -800175429
-917600817 862390401
246787319 -306251578
-852533563 766674961
-967738013 933738277
639905318 -765942770
-19955305 -191496098
-75447469 -172144321
-241180880 86484948
-545298981 349538334
-176430706 44593174
-408419039 252139440
824564387 -900397600
-847297594 754853012
690516670 -850683131
-507038369 331757510
-18787340 -181474318
225338992 -353820554
-727427290 618383478
-133385328 -78500643
-139757979 -99058115
436006934 -523277869
-953783912 976158511
183043865 -353820554
-654709344 554333411
-963679004 941218097
205904691 -461841527
-229458755 79927772
-763915951 672516824
-663719229 539158351
35012133 -217280623
-216220796 66653147
183032847 -378313597
-440521892 293553429
769573409 -881537014
19184149 -227756580
-864744576 772711811
-573968087 350045227
611125262 -739806269
677709636 -853373583
135730754 -471897664
-633166664 539158351
-744407142 650769874
-163857186 21819882
-598247549 459678903
-814479156 726434686
-133385328 -12634759
-440997892 293553429
115636576 -440268511
-21457251 -183037149
462011335 -614674769
837202581 -924408823
767017470 -882711426
-876781510 792689759
-194367851 52320967
154047391 -361784371
438911901 -571286322
-599149430 451116857
-925934899 969495435
-910879954 858776304
-78316384 -127502174
-758587314 667582743
394109247 -527798938
746883219 -875536020
926527521 -958543827
-965712543 956012786
-728866223 635704949
156820082 -306251578
-576480392 365293399
-122760663 -59778114
-803201692 742295985
-539430413 331757510
835168740 -910759062
225338992 -281909626
-129067664 -42364105
-628206634 528019121
-545298981 348790053
436006934 -540701149
-412595420 252408244
-334070998 172320274
-445784555 293553429
-147062890 -3651289
-538038368 304754534
-224860524 82553310
-539430413 335314099
-368708643 204796981
-573968087 365293399
726328757 -854605803
-628579447 528019121
770084619 -882061286
664215 -188978952
955768345 -982877165
-153944584 -3651289
87355355 -306251578
-666499225 549862598
-21457251 -173687372
-212193582 62751727
-139968950 -59778114
999831914 -998131816
510949732 -657914310
649803813 -815010785
-748731658 647710529
734819480 -854605803
164732036 -281909626
837202581 -915948356
-983661078 876164799
4095424 -191662574
649803813 -803404983
-593207837 470113840
-917600817 864943814
986496732 -988006834
-390892279 215517925
826925764 -892410320
-392081412 213978676
-406935769 252139440
-758587314 666333790
