1000
-875804374 773456110
826579078 -864490029
398515778 -474485581
-758896068 634920568
99351389 -227644241
-377450991 204176441
737425281 -753536187
933063400 -957213021
-873117485 765496211
509466271 -585742854
-595076979 456293478
98294096 -224576796
909814683 -963485497
-814929765 751117731
-537724902 370913823
942634806 -969871920
-337800929 161983818
685706128 -725069561
-517645930 352667767
598349046 -674594199
729783350 -755752091
-768250629 641860920
-548640382 363978506
-522835730 369255559
74135631 -185830856
512063585 -573636157
577523249 -664388332
514650569 -607102218
-782890225 645963774
-97311256 -13872777
-938590864 857680878
257934554 -297792519
-9319773 -124931574
560721625 -669026830
-875510305 765330205
-431460530 258540877
284002254 -305385465
-900467927 816764336
-39087578 -89425946
-942678105 868328849
289687183 -324586970
-595832903 437163788
-970103185 923950213
973624903 -995979018
860384022 -886792708
-277189854 131002831
-936155246 857680878
-241424424 22370209
634565291 -711177643
990036920 -997819777
599018582 -695661530
107393836 -228084283
-601427132 477046304
338281843 -437371283
760486606 -799471170
-896385118 780561133
-717068595 581520945
585021272 -656899147
-601427132 477866334
-945453091 865009483
659052050 -718207601
343343838 -400503512
754113836 -791661347
409477648 -485152400
-520219294 370913823
-793306114 657367008
289687183 -311920048
-912771305 791452756
-909980927 790953306
-97311256 -31223591
866493316 -878152384
573254546 -656899147
414367774 -482668576
-517645930 437163788
318599831 -391150451
-246529512 80262062
-378791243 208436062
-872133640 773456110
762054322 -812730505
-520219294 371056004
737425281 -748730577
-861947218 760032555
701990503 -741603122
-12204993 -121662688
-75538837 -34452738
-714059959 594964895
130176778 -269363860
621605 -145254917
642857541 -715995644
-97311256 -185102
-194817652 31459888
821798075 -904843759
-690866005 519112298
-854893800 690559104
-515397419 352667767
501853641 -558489017
-520727373 350532464
216694125 -278659824
966526745 -996293496
-803888852 675828117
747583365 -787079884
514650569 -601643595
469077180 -534036972
-703308041 568104784
22808850 -150522003
1914811 -145254917
246627756 -281875385
-635606009 489636986
-446649042 289637611
-42416176 -87047082
305321939 -358773638
11852574 -167536603
-516080404 361921241
-895846140 779294986
743433894 -784158144
906670141 -955005353
-789215675 641860920
-220784929 22370209
-947848303 865009483
485878547 -548393841
142983011 -269363860
783322345 -833324043
-819956506 735446499
-847747780 713539467
-271465698 113666761
386700541 -473280955
-991869589 952672414
-719078504 594964895
469077180 -530944631
343343838 -436963552
-868173986 765496211
-657817997 504736525
-250815561 77914317
-42586639 -86144229
776826428 -830997170
481419363 -553479583
256633568 -281626319
-153011591 -13057000
275594797 -303516147
-793306114 645963774
-406368551 247414240
-698844177 515789972
-146741527 -17998868
-95177494 -31223591
-871183690 765496211
99351389 -225666458
296131623 -334011022
480750980 -551574141
563510488 -668666030
-280235980 145153140
-270976329 113666761
-966649810 913278629
-952986033 889357646
644335411 -717709660
514065602 -578920971
-988569132 952851098
-991869589 992162775
174107342 -278547158
913248486 -957213021
293375060 -327638033
599018582 -678964900
511798507 -585742854
-520219294 362342506
505753384 -562562100
-271465698 121077734
296131623 -329795232
615872300 -687977297
-751044316 618050765
-796156775 672589468
642857541 -697486932
-277189854 148839095
-137415482 -17998868
-605545356 484766840
-182727252 22370209
-385241202 208436062
-90118224 -24689900
-158564042 11823977
6491290 -129830115
-242380872 79383912
812325433 -870961582
642857541 -696308705
-854893800 693854281
-847747780 735446499
933063400 -956924306
-510656576 400972350
-121307747 2288754
-412349616 256688284
-721539361 584226575
-12204993 -124859593
874437254 -930072498
-467122607 308333678
531714425 -624206446
456085197 -529500648
-957371374 913278629
-223443590 31459888
-430936699 266768889
-875804374 779294986
-896448525 783905434
125382502 -244103506
-289319092 158208225
-819956506 718757944
6491290 -145254917
-805908249 672589468
-97311256 -5272251
1914811 -129830115
-363647562 165769486
-977126092 944772823
-479092579 307268567
-721539361 573198712
302742018 -358773638
-45679870 -69367754
293375060 -311920048
920334642 -954014624
-377450991 208436062
-955184631 911262246
884895028 -930072498
685706128 -742567821
560721625 -652186542
-930330038 850983302
658595799 -743683586
973624903 -997819777
-194817652 69008612
362867025 -413980494
942634806 -984832881
973624903 -998337419
308616445 -394241144
-917993682 823282479
-789215675 645963774
-782890225 642551511
754113836 -802717397
382334077 -466277016
-271465698 116188651
-703308041 564829711
768855309 -833324043
460690777 -526911314
457042832 -525555933
-445704382 322189402
52603007 -195975675
-698844177 516629107
-728437335 609716020
-737554222 618050765
-601839682 484766840
854042917 -876264648
-982195546 962039996
983163169 -999950364
-751044316 625862794
-896685974 780561133
948686406 -986811384
-903856921 799236494
498525952 -558489017
302742018 -327638033
952609717 -986811384
-267284416 113666761
-938590864 847138917
-115218548 -17998868
-991869589 983530586
552033804 -637941635
-524287118 399445649
-991869589 988652709
-242093099 72853148
337851879 -400503512
457042832 -526911314
-926714707 823282479
616822700 -697486932
10540808 -142751127
-425988240 271138656
565974786 -662973721
-483972439 305379552
-378791243 162793028
-608181068 484766840
932129219 -955005353
-242093099 80262062
529147039 -603775968
509466271 -583871290
975845050 -997819777
47621155 -224576796
891837848 -914844863
325628244 -399392374
-503573160 320523058
889134099 -952108970
481100476 -553479583
-581184845 391740479
-308639420 153351537
-39087578 -86144229
-220784929 46908966
-258188701 80262062
-601427132 480306298
-322492793 158208225
-739647822 616860840
-353328665 183312125
-51835666 -40059113
-897213835 783905434
-592828278 350532464
-858786708 760032555
547349800 -624206446
-314295946 149725833
-814666351 703958458
-896385118 779294986
949439610 -984832881
-871183690 776977470
737425281 -793959525
36848251 -188529810
-308639420 148839095
-564034885 372593010
-917595815 823282479
-936414356 843536290
547349800 -625355086
-955231071 898076218
-223443590 28237801
770106475 -823081555
783322345 -830997170
-45679870 -47563109
-7044724 -124931574
-246529512 79383912
-394745237 225386747
-564475825 411987294
-564475825 352667767
74135631 -188529810
512063585 -585742854
-522835730 345766568
-698844177 531061529
-954090872 890080656
-483792460 308283127
11852574 -150522003
-594910363 411987294
-70101947 -36838496
305321939 -373644607
-847747780 718757944
308616445 -373644607
969864504 -995979018
-788228563 645963774
74135631 -211005305
472373637 -545737115
380860756 -447886537
-165479376 11823977
-942678105 857680878
-158564042 11380047
377168797 -437371283
934048257 -968354276
-698844177 508110887
-79468412 -31916100
535317803 -624206446
-988569132 983530586
-944471535 865009483
-866365593 776977470
768855309 -852967846
-120011564 -13057000
-564034885 377016089
-379520118 205311521
-337409453 159726931
514650569 -585974593
783322345 -857149282
777248534 -823081555
-522487794 350532464
-601427132 481232269
-967807229 927626859
179656230 -272027795
-194817652 22370209
-412349616 226603762
-409959512 226603762
547349800 -626831264
833614769 -864128499
-443077974 307268567
-39087578 -87047082
480750980 -545737115
-543861558 371056004
962372539 -996293496
-300277830 156204638
261627968 -297792519
565974786 -652186542
277106807 -305385465
-388130458 213860381
-807366742 680866054
-242380872 80262062
536251375 -624206446
-530866843 400972350
-289319092 148839095
110394766 -247276804
49605464 -195975675
617896194 -713431494
734478483 -782157748
131237409 -260047600
89200553 -196589632
-739647822 618050765
-907589016 810223465
598349046 -674746798
434946613 -488417048
324292941 -399392374
725090458 -748163789
362867025 -437371283
74135631 -199797550
606750324 -692198422
-121307747 -185102
631156404 -713431494
-304591416 148839095
-97311256 -13057000
906670141 -956924306
505753384 -558489017
739923975 -782157748
485878547 -550349215
889463867 -915704412
302742018 -346925110
-394829033 226537681
-827216260 718757944
216789545 -281626319
216789545 -278659824
-267284416 100757579
-564034885 408631329
-228737088 63401421
659052050 -725069561
435082460 -521639347
-626096754 484766840
10540808 -148326871
-97311256 -19207499
642857541 -717709660
-445704382 272741958
-79468412 -19207499
-258199772 88746476
551029854 -637941635
-271465698 117373101
110394766 -249118269
107393836 -227644241
485878547 -551574141
80232097 -196589632
-534633957 370913823
-42416176 -86144229
-271691119 116188651
-973237296 944772823
605883071 -687977297
-7044724 -126272728
556525055 -652186542
409477648 -496003562
-886081927 770737279
-601427132 437163788
232848593 -281626319
-807366742 688546761
481419363 -545737115
-182727252 35982134
556525055 -641746642
778834178 -823081555
-872133640 760189512
74135631 -193753252
776826428 -833324043
-267034526 116188651
98294096 -190276676
284879736 -311920048
434946613 -495317746
909814683 -955005353
734478483 -779537288
-396551019 253525404
192121031 -281626319
-903856921 799187121
-909980927 816764336
461252653 -535875393
631156404 -708913694
-441272418 277869525
560721625 -662973721
634565291 -710069867
939474626 -968354276
934048257 -969871920
560721625 -664388332
860384022 -883727210
-703308041 531061529
942634806 -994689156
-930330038 844718135
-854893800 711144336
-814443612 688546761
-927264284 838060159
-284731705 149128013
-543861558 352667767
862464549 -857149282
920076026 -968354276
-969186697 924364693
-955231071 892009035
29210456 -159688914
293375060 -336828168
-97311256 -17998868
-957425539 912925107
256633568 -285741421
-564034885 370913823
-443077974 280295750
-897213835 786661614
-9319773 -114715015
-483792460 322189402
-595832903 471965581
425727776 -495317746
685771488 -737700120
434946613 -497239958
-900500219 792031859
107393836 -232706087
-267284416 115828438
-507628982 351282875
630296392 -710941466
812325433 -857149282
725090458 -791538650
-507628982 393346427
768855309 -812730505
-453992624 308333678
551029854 -641746642
313750228 -365456180
101591461 -225666458
131237409 -270136532
-146741527 -759371
305321939 -337817961
-280235980 153506210
-250815561 80262062
810314174 -904352750
514065602 -585974593
188221702 -272027795
-522835730 416520711
-522487794 399445649
216694125 -281626319
-251322723 80262062
539980019 -624206446
617896194 -699034634
382655821 -446085805
-887610541 773456110
33154850 -195975675
507979192 -558489017
821798075 -870551432
-880019242 765496211
-528746949 390733374
386700541 -474485581
-164713657 11823977
302742018 -337817961
783322345 -883319461
-942678105 841162688
577523249 -652186542
-409959512 226537681
-900500219 820971529
-628633810 492392962
29882533 -169061206
-534633957 421041850
-973237296 943168453
-897213835 789093741
509466271 -578920971
130176778 -261269372
130176778 -255753748
272812376 -302123514
615872300 -696308705
909814683 -965660089
-608181068 486888683
-814666351 756043176
551029854 -625947443
854042917 -897263472
563510488 -656545106
-261573671 87701759
-53806763 -38922122
826579078 -886114874
-44224636 -69367754
-9319773 -117595994
302742018 -329795232
-300277830 149725833
783322345 -852967846
142983011 -255753748
592330608 -662973721
-165479376 22370209
-710406403 569577645
-194817652 47099437
433906008 -482668576
131237409 -269363860
-814929765 703958458
-995241457 988652709
382334077 -442225576
338281843 -415382598
-596872165 437163788
-854893800 726234564
285914258 -311920048
922743253 -968354276
-300277830 149128013
-445567844 308283127
-819956506 697136996
176481862 -272027795
-261573671 90614861
371202595 -437371283
-53806763 -47563109
-304591416 149128013
-930330038 842089484
-968643889 930613663
-507085017 374972328
-267284416 109261040
-471880048 273252096
-957371374 912925107
-464550298 301004920
-853318922 735446499
10853800 -150522003
432632260 -488417048
-304591416 153506210
52589755 -211005305
293375060 -327514577
224475431 -281626319
-496297764 307489630
-917714148 824574140
-973237296 930613663
874578319 -926629192
472373637 -539836581
-213465553 22370209
644335411 -731896978
644335411 -725069561
485878547 -539836581
-792924993 645963774
-703308041 543418201
793582103 -886114874
-258199772 87701759
-271465698 120926983
382655821 -473280955
-496297764 280295750
293375060 -312665685
621605 -148326871
232848593 -294162225
-917993682 824574140
507979192 -585742854
659052050 -731896978
-944471535 866575418
275594797 -302123514
-522835730 351282875
236180892 -281626319
29882533 -160043140
208378334 -278659824
555538072 -641746642
514065602 -589212558
-79468412 -34452738
461252653 -530944631
-510656576 390733374
651695976 -735901157
-836336927 703958458
948686406 -969871920
-277189854 146001100
-912902696 792031859
325628244 -400444429
-923113279 823282479
-412349616 226537681
192121031 -278659824
434946613 -490532214
-564475825 350532464
36848251 -211005305
-690866005 515789972
-506357934 417934247
768855309 -854886133
125382502 -263488369
-955184631 892009035
651695976 -725069561
-564475825 399445649
-690866005 505396927
-445704382 280295750
-516080404 380006089
-153011591 4904964
613902844 -692198422
-445567844 289637611
-437505091 258540877
377168797 -442225576
-748920517 618050765
98294096 -225666458
811614016 -889188823
481419363 -539836581
-446649042 307268567
-856154755 756043176
-543861558 370913823
-385241202 210105370
6803141 -145254917
-278379860 132201620
472373637 -539723281
257934554 -301791755
29882533 -167536603
-852811039 718757944
-900500219 810223465
-44224636 -55012567
125382502 -268439149
889463867 -943527571
96562240 -196589632
722902881 -748730577
-703308041 566700404
973624903 -996293496
306720795 -364604517
-241424424 63401421
616822700 -696308705
642857541 -713431494
-394310528 213860381
-879681059 765496211
-45679870 -55012567
-12040601 -117595994
-446649042 312051284
529147039 -607102218
-944471535 873420501
-483792460 273252096
-289319092 149128013
737425281 -791538650
-70101947 -34452738
-912771305 797572789
160940168 -270136532
942634806 -986811384
-814443612 718757944
-902329596 803092949
-997973035 996245800
-952986033 880750811
880127487 -927211967
-506357934 307268567
653365683 -731896978
-182727252 39282227
-966649810 912925107
-437505091 307268567
-503573160 289637611
-528746949 350532464
227721900 -281626319
-419935288 244493046
-737554222 616860840
-471008524 273252096
866909012 -921176115
-194817652 69311830
-412349616 233480921
-223838811 47099437
653365683 -735901157
-261578331 94952011
514065602 -603775968
630296392 -711177643
994150626 -997865291
469077180 -535875393
-814443612 684588367
990036920 -998337419
22808850 -167536603
-982195546 947275406
-271691119 145810190
-814929765 718757944
725090458 -748730577
-919840662 823282479
-635606009 504736525
952609717 -990718646
-904024979 799187121
424380900 -482668576
679873217 -737700120
645089645 -721919656
485878547 -558489017
452907779 -522245222
-289319092 156204638
-872133640 776977470
434946613 -496003562
-391747789 210105370
-955184631 890080656
605883071 -692031657
-95177494 -19207499
-246529512 72853148
880127487 -931671337
-605545356 481232269
452907779 -529500648
-871183690 760189512
783322345 -889188823
909814683 -956924306
874578319 -927211967
668277732 -741603122
-551079199 362342506
606750324 -687977297
401026802 -474485581
-153011591 11380047
-424778920 258540877
621605 -142751127
107393836 -237884820
485878547 -562562100
362867025 -415382598
-483972439 272741958
-912771305 810223465
-690866005 508110887
760486606 -802717397
536526242 -624206446
875561458 -925101167
11852574 -129830115
-626096754 504736525
18275507 -167536603
-270752640 113666761
-866365593 773456110
-966649810 916133424
-724956046 609716020
-595076979 437163788
-253625366 80262062
-968643889 916133424
424380900 -488417048
-453267894 321179092
621605 -150522003
762054322 -806804435
-942678105 873420501
-271465698 131002831
-310062501 149128013
-968643889 927626859
-909980927 799187121
909814683 -968354276
651695976 -737700120
-698844177 519112298
-990548670 976373563
906670141 -926629192
485878547 -545737115
-860528567 760032555
102185893 -225666458
722902881 -748163789
-12773421 -114715015
-924840875 824574140
754113836 -799471170
-51835666 -38922122
457042832 -529500648
644335411 -747417523
-271465698 111233633
793582103 -897263472
102185893 -232706087
404277829 -496639784
560721625 -666961639
555538072 -652186542
701990503 -721919656
883869013 -938391437
-949661054 868328849
101591461 -227644241
-70437017 -34452738
22808850 -169061206
891837848 -926629192
-90118224 -31916100
-391747789 213860381
98294096 -227644241
694265609 -747417523
-520727373 369255559
275628996 -302123514
616822700 -711177643
-899490746 816764336
-53806763 -36838496
-48812172 -55012567
6803141 -129830115
-9319773 -121662688
74135631 -196589632
-388130458 210626191
599018582 -692031657
-322492793 159726931
65796490 -185830856
424380900 -495317746
131237409 -261269372
-165479376 64463897
-936155246 842089484
21564300 -159688914
-644164069 497111171
560721625 -656545106
-121307747 -17998868
-423613054 266768889
-627717315 504736525
-97311256 2288754
-7044724 -129237307
527038243 -589212558
-883154306 760189512
685771488 -743556356
-70437017 -31916100
46458948 -188529810
696007429 -743556356
551029854 -629884417
904636807 -936595085
306720795 -373644607
275628996 -303516147
192121031 -278547158
598349046 -669026830
-154179230 11823977
296131623 -336828168
-690866005 515590509
257934554 -294162225
-864113047 760189512
720807096 -731896978
-643308768 492446298
-508977442 350532464
-271691119 117373101
306720795 -365456180
889134099 -949731157
556525055 -669026830
337851879 -400444429
704404095 -737700120
821798075 -876264648
-909980927 797572789
-391747789 210626191
-48812172 -47563109
372383160 -400503512
886964385 -921176115
102185893 -236468779
257934554 -302030046
642857541 -718207601
362867025 -425467532
456085197 -529331811
1914811 -142751127
527038243 -607102218
362867025 -400503512
767621683 -812730505
267892127 -302123514
-441272418 319314565
720807096 -748730577
372383160 -411408469
514650569 -597151271
702679530 -743683586
-405155995 226603762
-505634981 305379552
-270976329 100757579
-406368551 253525404
-430936699 256688284
-896448525 779294986
866493316 -892959077
-911696192 810223465
302742018 -336828168
-483972439 280955688
-12773421 -104025482
460690777 -529500648
-864113047 765330205
96511689 -185830856
-814443612 671109373
920076026 -965660089
-258199772 87073081
939474626 -969871920
-194817652 39282227
83068830 -188529810
-271691119 134901144
-520727373 372593010
102185893 -224576796
621605 -124931574
-917595815 833939264
886964385 -949731157
377942837 -466277016
-75538837 -31916100
906670141 -904843759
89200553 -224576796
-748920517 625862794
-520219294 352667767
-508977442 387680015
-995241457 992162775
257934554 -281875385
481419363 -544546015
658595799 -747417523
668277732 -721915373
29882533 -169215785
-534633957 361659962
30493577 -169215785
-237397690 48673588
-995241457 996245800
-973237296 945378831
725090458 -747417523
-985449990 983530586
920334642 -968354276
-967807229 930613663
-657817997 505396927
272812376 -303516147
-717068595 594964895
-255190055 80262062
398573697 -474485581
-601427132 446880120
-917144874 810223465
435082460 -496639784
-649841363 486888683
804359518 -857149282
96562240 -188529810
92982660 -196589632
-405155995 256688284
125382502 -249118269
102185893 -227644241
-508977442 373338050
96562240 -185830856
-208805388 64463897
445832456 -514677558
436195928 -497239958
185489874 -272027795
275628996 -305385465
-917993682 820971529
-992512040 992162775
529147039 -597475019
891837848 -919892127
-483972439 308333678
812325433 -878152384
-957371374 916133424
-267034526 94952011
540692641 -624206446
-564034885 387680015
-594910363 446780979
-917595815 797572789
-793306114 669001155
512109769 -578920971
-991869589 967729794
942634806 -995979018
480750980 -548393841
-372904432 165769486
630296392 -710486376
948686406 -995979018
-385241202 213860381
-9319773 -126272728
-464228193 277105191
432632260 -485152400
450836234 -496639784
364806107 -426722408
192121031 -272027795
-429383909 258540877
-394310528 222162344
-300277830 148839095
-900500219 803092949
357320458 -415382598
642012629 -708241672
415873731 -482668576
-505973792 308333678
-724956046 595956481
966526745 -995979018
-164713657 11380047
102185893 -237884820
767621683 -802736979
-505634981 273252096
-363647562 208436062
-909980927 799236494
