760
1 11 12 12 7 3 8 12 5 3 2 6 1 1 2 10 10 12 2 9 9 2 8 6 11 3 9 9 4 8 7 9 7 6 12 1 1 7 4 5 2 5 2 6 9 3 7 10 6 9 6 7 10 1 12 8 7 12 8 3 8 3 3 2 12 2 6 12 12 9 8 5 5 9 10 5 4 5 2 9 1 7 7 2 11 6 1 5 6 9 11 5 11 1 6 2 2 3 6 2 3 1 6 7 2 8 3 5 12 8 5 4 6 12 9 4 9 9 12 6 5 11 10 7 11 3 9 5 9 6 6 11 6 3 9 11 10 11 7 1 6 12 8 3 3 4 6 11 1 10 5 5 8 6 4 10 1 4 2 9 9 11 8 6 6 4 5 3 7 11 8 4 2 3 7 8 7 4 7 11 1 3 7 12 8 10 2 8 1 7 9 1 6 4 7 11 11 3 5 5 5 12 1 7 7 7 6 5 2 4 3 3 6 1 6 6 11 7 5 3 2 5 4 11 8 2 9 11 4 5 7 8 5 7 6 11 5 12 7 7 7 9 1 1 9 6 10 11 5 6 2 10 11 9 12 10 10 12 8 5 4 7 4 8 1 2 10 10 5 8 4 11 4 8 3 5 5 4 7 1 10 12 10 12 12 1 1 9 12 1 5 4 7 9 3 11 10 5 8 6 12 11 4 8 10 7 12 3 10 10 3 11 10 5 10 9 5 11 10 5 11 2 8 9 2 10 7 3 2 3 8 6 5 12 1 3 10 4 5 7 1 11 6 2 3 7 11 8 9 12 12 11 5 11 7 7 8 6 9 2 8 9 7 4 12 7 6 9 10 2 3 2 5 12 4 7 11 6 6 11 5 5 10 9 7 8 7 7 1 8 8 12 4 6 4 3 4 1 11 5 7 5 6 11 9 1 5 11 6 11 9 10 7 10 11 6 6 5 12 6 12 11 10 7 4 1 9 7 1 11 3 7 8 12 5 4 1 2 2 6 4 2 8 2 12 10 7 5 2 6 2 6 4 11 4 11 11 5 9 4 7 11 10 2 11 7 9 11 8 2 8 3 4 7 4 3 4 11 11 10 8 12 7 12 3 10 10 5 2 7 8 9 9 10 2 7 4 11 9 3 12 5 5 3 3 12 9 7 2 7 4 10 11 10 1 1 11 2 9 5 12 9 5 9 6 6 7 1 8 4 7 8 12 3 2 2 2 11 8 8 9 3 5 7 4 5 11 3 10 8 11 10 8 3 6 1 12 12 5 8 7 3 7 6 5 8 12 10 10 7 5 7 2 1 5 5 9 4 11 7 3 9 4 10 3 1 2 7 4 10 6 11 12 12 8 8 11 7 5 1 6 2 7 7 2 3 3 3 6 2 9 12 2 4 1 9 8 6 7 11 3 12 9 6 3 5 1 1 11 6 5 4 11 11 2 4 2 5 6 11 10 6 3 11 9 7 11 4 1 5 7 7 8 3 1 10 11 1 3 2 10 7 9 8 10 11 4 3 7 9 5 4 3 7 6 3 2 5 11 6 1 5 12 9 7 4 6 10 5 12 11 6 7 11 6 8 9 9 10 3 5 6 10 11 1 4 2 6 12 12 3 12 4 2 8 2 10 6 3 2 5 1 11 3 12 4 10 12 4 11 7 1 5 4 11 9 11 4 6 10 3 8 10 10 1 9 4 10 2 6 3 11 11 2 5 2 9 7 1 1
254 732
361 755
672 338
9 241
746 167
41 190
183 12
412 246
497 25
177 187
325 1
543 60
66 28
435 54
284 244
262 687
400 741
49 280
476 253
128 106
246 403
41 48
556 607
530 705
740 247
156 62
119 626
107 254
517 371
363 237
244 188
215 313
661 108
667 376
480 506
261 38
400 524
71 56
639 513
481 86
3 9
31 23
59 54
379 304
103 181
254 709
119 346
750 568
319 115
118 152
54 30
103 106
57 43
708 516
341 19
299 140
588 263
99 233
334 183
688 453
58 557
664 63
201 34
187 369
444 728
44 199
28 40
283 162
38 93
19 17
182 336
223 10
114 5
695 743
60 649
27 121
316 398
326 677
742 241
126 507
89 258
145 25
308 173
94 257
3 77
328 396
140 82
282 75
288 453
579 528
724 511
50 35
68 348
82 276
304 136
122 458
155 229
213 1
220 600
495 496
57 225
237 130
74 264
57 132
4 166
653 603
123 53
335 147
594 213
122 70
77 83
647 614
437 345
60 13
17 344
91 6
610 726
632 200
265 123
635 247
362 17
25 511
95 350
593 446
399 684
116 170
428 377
174 136
85 60
401 99
65 184
321 236
671 202
15 12
96 141
222 200
567 620
749 448
267 642
210 382
292 305
478 423
3 231
62 119
423 286
51 68
162 469
8 217
271 88
246 410
309 193
104 215
350 425
97 86
55 24
122 386
442 501
413 415
47 220
323 82
604 619
109 151
226 33
3 1
74 108
137 748
665 346
191 155
561 295
142 205
60 426
96 118
11 101
560 715
133 72
409 171
584 685
611 130
519 478
186 53
169 243
473 67
107 430
306 670
89 48
58 194
406 364
535 75
222 269
204 21
96 287
625 363
551 624
522 751
38 704
479 5
518 91
189 302
34 47
237 392
603 162
546 8
99 46
198 106
734 491
385 759
82 651
447 310
119 295
217 616
209 69
431 441
360 383
156 296
256 30
18 24
630 79
381 317
537 57
419 42
651 668
403 550
342 12
327 286
153 465
526 187
93 120
44 494
571 274
18 5
242 569
44 292
371 290
23 432
272 35
236 448
585 470
51 63
327 484
12 365
39 34
654 431
430 486
525 738
91 706
166 236
158 104
287 721
533 279
290 98
63 331
109 61
608 50
178 249
41 157
696 650
48 74
228 149
451 638
260 66
14 23
348 384
520 392
157 250
460 560
568 392
154 106
624 656
697 540
411 379
558 102
729 615
227 221
551 241
493 388
149 139
429 257
490 629
306 209
631 655
221 13
391 155
99 582
20 246
407 197
528 481
113 54
120 377
127 52
246 364
512 365
27 33
646 488
9 111
14 623
442 211
51 19
433 208
303 147
183 597
6 20
575 172
147 235
339 152
601 265
681 338
393 421
286 3
234 380
385 444
723 244
571 609
165 48
89 482
99 332
302 354
412 652
41 12
699 165
345 292
393 371
673 225
12 297
35 176
564 160
5 6
499 553
39 756
134 208
318 735
621 11
3 576
16 43
303 420
666 628
146 100
477 424
52 53
60 138
262 52
464 57
67 180
240 288
463 198
86 49
506 544
122 505
87 3
5 8
337 23
159 56
14 395
203 718
532 144
35 686
102 301
185 143
370 187
548 123
592 11
75 400
508 230
54 126
5 27
295 614
192 573
171 578
324 450
618 309
91 294
485 311
181 214
157 293
413 217
628 753
281 188
41 366
186 374
571 692
214 516
230 120
170 658
527 596
91 115
701 722
95 203
26 21
299 316
371 389
452 431
310 716
385 15
10 14
278 44
127 438
489 477
14 139
28 44
73 570
33 300
212 120
167 58
136 114
38 16
117 239
147 314
92 456
26 291
13 539
204 461
186 580
377 737
155 488
135 84
22 29
444 615
657 265
344 694
426 563
18 28
577 475
357 171
590 675
6 10
69 358
45 26
532 534
733 506
18 137
513 72
634 727
2 178
462 74
326 191
139 202
451 468
43 731
42 34
7 11
495 351
343 101
107 643
96 41
226 540
589 473
466 181
94 360
276 707
168 62
197 200
45 52
640 613
51 161
123 515
192 91
487 591
60 245
94 48
324 180
417 267
714 16
204 492
462 644
418 549
322 224
117 49
301 312
107 58
4 1
2 1
4 195
445 97
246 351
142 126
597 745
5 22
129 43
7 3
475 683
94 218
546 690
466 617
500 74
552 433
583 417
402 391
554 338
125 87
248 349
13 4
37 76
21 105
662 101
503 547
8 102
628 321
682 553
454 364
82 242
527 356
637 485
50 475
159 196
277 111
203 604
221 273
195 251
284 634
22 103
88 48
376 343
672 698
143 51
139 207
689 185
234 74
480 384
32 24
385 648
16 3
471 415
474 522
95 47
198 211
35 19
663 159
422 391
499 104
268 68
232 180
182 172
390 342
22 193
257 387
531 207
71 263
467 417
399 240
25 92
209 622
378 418
152 173
2 736
529 477
26 131
699 702
148 431
414 84
449 311
434 61
55 81
46 556
581 377
424 328
480 584
187 307
140 676
591 641
26 98
94 703
502 74
135 219
582 720
123 491
150 1
164 42
555 395
685 712
87 134
177 490
24 240
717 618
212 613
112 81
327 451
4 21
317 108
282 660
259 76
606 592
17 15
48 700
297 388
275 117
329 2
189 65
578 659
758 696
469 679
179 5
79 5
16 267
367 266
5 1
373 394
408 83
29 70
183 633
416 402
719 82
31 46
574 219
98 474
110 108
566 530
631 453
84 14
256 439
65 52
498 479
330 305
15 289
356 268
62 56
116 6
7 25
9 12
473 590
26 34
440 150
528 680
538 4
598 559
31 510
710 272
158 587
310 307
266 74
53 73
234 333
67 57
78 73
2 160
650 523
33 69
645 389
223 457
530 602
269 373
155 169
114 285
536 230
147 97
271 627
9 36
230 311
562 739
42 459
171 139
58 15
39 82
555 612
427 388
172 112
541 335
182 372
359 105
270 253
39 210
504 468
605 205
227 530
747 173
725 582
341 599
443 168
16 61
238 173
130 60
639 711
487 108
361 103
565 157
581 713
80 19
153 101
111 274
730 415
175 170
445 455
3 56
673 744
170 224
379 483
760 748
238 328
397 385
118 368
72 62
352 165
105 472
29 545
404 206
320 216
35 521
636 473
572 14
68 375
270 691
353 277
562 233
205 405
154 446
757 327
100 23
124 98
559 162
104 79
255 106
144 114
693 280
223 247
754 450
355 53
96 503
80 514
523 1
9 148
362 695
669 340
401 525
595 537
197 24
129 347
142 163
315 184
71 90
93 216
509 262
37 8
162 104
275 752
35 177
246 318
31 75
253 44
155 116
439 567
70 188
25 30
674 4
678 585
351 378
298 284
483 542
610 172
279 48
200 206
338 332
49 15
112 436
252 223
528 586
333 340
64 58
470 267
84 248
230 460
701 21
