780
10 4 6 10 9 6 5 12 9 8 11 9 7 1 4 12 2 7 9 6 6 4 8 9 4 2 6 6 11 8 3 12 3 12 1 11 6 5 3 6 5 5 3 11 9 6 2 2 4 11 8 1 2 7 9 9 12 6 2 2 5 9 1 8 8 2 10 5 10 12 11 2 9 1 5 5 10 6 7 5 8 6 5 1 12 6 9 3 3 3 5 8 11 5 7 10 10 4 3 8 8 5 1 4 9 9 8 10 7 2 2 2 7 10 3 10 3 11 1 6 5 5 5 7 1 11 5 11 2 11 10 1 7 2 4 3 11 4 4 5 9 9 6 8 6 12 5 1 3 9 10 7 5 2 2 10 12 10 12 5 12 9 6 6 10 1 12 12 4 3 4 1 11 2 12 4 1 4 4 3 5 1 2 1 6 3 10 5 4 9 10 3 9 7 8 7 7 7 10 3 9 6 7 11 7 6 2 11 1 10 6 5 2 7 10 8 1 7 4 4 8 5 6 4 11 1 2 10 11 12 12 11 5 10 9 3 3 2 1 3 3 6 12 9 4 1 4 4 7 11 7 2 4 4 10 6 8 11 3 6 10 6 4 2 7 4 4 9 6 9 4 12 6 7 8 10 7 3 1 5 2 12 11 9 3 8 6 11 6 9 8 8 6 4 9 1 7 5 1 4 5 8 4 10 2 11 7 12 2 8 5 3 11 7 3 1 2 8 3 11 8 11 6 6 2 7 6 8 3 10 4 7 6 7 4 11 5 11 11 6 10 7 12 8 1 2 12 6 2 3 4 9 5 10 2 6 4 11 5 6 9 8 12 2 2 7 12 7 9 2 4 6 8 8 5 12 1 9 5 2 3 9 11 7 10 4 12 1 3 4 10 11 12 1 4 5 7 7 3 4 9 7 1 8 6 10 8 6 6 4 8 8 4 10 6 1 1 5 5 3 12 6 5 3 6 8 8 5 3 10 12 3 8 4 10 1 1 9 11 10 5 6 9 8 3 2 1 3 6 5 10 10 11 2 12 8 10 11 4 4 1 3 10 8 7 11 1 11 8 11 9 12 8 5 11 2 7 11 4 4 8 5 1 6 7 1 5 8 11 9 11 11 3 12 11 1 10 3 12 5 5 8 8 4 4 11 5 10 9 12 2 4 5 2 1 11 6 6 10 9 6 8 7 12 7 9 1 8 3 4 1 7 3 12 2 6 10 6 4 11 6 9 2 2 2 3 12 8 12 1 4 9 8 2 12 6 3 4 1 5 7 5 4 9 9 5 7 10 3 2 8 8 10 10 1 11 4 4 10 3 4 1 3 3 7 2 8 9 6 12 1 4 9 8 5 9 1 11 6 7 12 2 6 9 11 6 11 2 9 9 8 12 1 2 2 7 7 1 3 4 4 8 8 4 3 12 12 7 2 6 1 1 7 6 1 9 11 11 2 11 11 1 10 12 2 3 6 8 7 1 4 11 8 11 2 10 2 6 9 3 11 9 7 9 7 7 5 9 9 6 8 12 6 9 11 11 4 8 10 10 8 1 8 3 3 2 5 8 11 1 10 9 1 8 5 11 6 1 12 7 10 7 6 3 7 4 5 10 11 2 12 11 7 11 1 9 4 9 9 2 9 10 10 2 6 6 4 11 6 3 5 3 1 2 9 8 5 5 9 8 11 8 6 5 11 10 5 2 7 1 4 3 11 1 8 8 11 12 10 8 2 7 3 3 8 3 2 5 8 2 12 6 2 5 2 12 6 10 1 12
665 143
241 252
485 32
130 139
34 81
41 61
23 502
107 119
86 66
102 290
653 778
649 117
257 56
737 479
347 249
27 424
196 245
503 413
102 758
344 388
251 259
442 147
158 248
180 133
581 555
320 10
610 98
701 427
140 77
414 313
60 313
401 375
371 55
230 416
92 225
75 74
134 116
420 344
150 338
297 769
635 99
40 76
365 87
651 738
37 203
236 422
293 329
84 135
259 327
274 767
40 95
381 608
160 34
551 318
349 31
293 55
211 612
540 656
454 520
216 10
82 622
745 464
760 254
115 408
448 246
252 374
467 593
168 70
770 424
170 32
523 431
132 368
483 405
251 297
409 707
581 626
367 380
8 154
352 30
511 114
687 665
25 27
93 229
161 208
77 126
45 251
54 113
123 162
340 128
494 156
287 381
41 56
210 674
633 741
692 257
292 664
161 125
69 217
56 145
512 488
41 104
9 235
176 68
19 174
156 131
527 386
467 208
27 45
393 119
94 48
180 571
721 415
675 696
127 136
19 11
378 268
763 750
541 344
74 71
42 434
286 661
318 479
348 548
486 40
139 266
518 155
170 461
260 91
524 6
9 14
89 764
130 3
324 94
57 132
539 405
109 250
50 125
159 127
710 421
35 32
663 76
123 223
79 29
50 34
185 134
99 199
43 151
78 390
184 659
587 167
762 604
530 642
558 169
566 292
288 18
103 585
188 423
310 241
41 521
395 646
565 252
325 99
198 600
241 746
284 177
373 643
704 667
449 313
108 220
379 573
31 137
90 115
301 729
660 5
232 58
264 213
51 314
29 683
253 44
658 419
22 20
361 35
155 179
287 680
324 730
21 406
731 13
21 17
23 19
291 549
115 563
657 137
240 318
697 235
364 184
3 1
776 466
28 399
175 15
6 655
99 48
283 277
15 13
108 24
344 70
482 64
43 742
493 222
7 6
316 218
197 270
232 233
209 376
359 184
114 239
478 79
332 280
14 300
434 589
65 37
218 748
278 189
537 631
322 252
268 537
235 428
80 64
240 446
5 4
216 533
269 243
497 437
112 4
639 765
614 281
619 229
191 750
127 114
73 632
353 519
166 39
4 207
296 447
106 706
183 26
702 510
182 238
615 350
490 630
530 497
327 639
143 516
774 250
70 402
457 77
308 356
255 596
92 68
9 1
149 267
129 536
181 312
470 507
57 25
348 562
322 473
2 10
1 2
432 601
3 103
396 223
308 130
21 40
640 161
208 341
204 139
540 87
63 439
170 385
667 604
200 466
464 15
15 25
216 607
6 280
149 107
12 287
492 253
224 498
18 12
188 64
490 387
60 150
487 754
238 759
71 84
609 506
90 11
121 398
124 107
344 455
69 22
475 499
367 436
31 20
696 708
100 91
362 24
23 62
128 102
314 666
142 679
529 273
355 235
36 3
163 709
89 31
97 33
290 413
317 452
158 45
43 102
197 550
344 375
582 638
598 715
780 367
162 211
237 103
183 230
346 336
491 163
358 693
639 699
285 139
311 134
525 637
260 353
116 306
389 97
60 358
142 119
723 316
122 744
703 627
417 238
565 641
44 58
96 274
102 489
11 83
294 342
450 148
19 261
117 165
42 603
403 136
591 94
560 489
463 590
74 87
476 412
258 164
440 605
496 574
448 761
294 204
182 714
164 255
42 70
555 96
37 73
115 221
245 410
343 766
515 40
493 753
38 15
73 627
179 526
310 773
624 544
213 303
299 168
698 20
427 339
651 496
271 48
486 578
69 72
339 125
595 338
371 583
700 205
689 403
104 505
99 153
186 387
694 496
53 35
30 63
122 91
725 629
44 31
94 675
129 343
53 740
215 138
133 629
10 394
584 299
26 4
415 32
190 379
336 211
546 13
198 134
284 517
151 195
114 107
152 80
18 42
481 244
636 412
34 66
727 576
15 295
177 29
567 168
59 23
650 509
705 698
623 264
18 582
480 103
243 156
46 164
48 21
685 677
681 30
26 106
111 265
75 181
228 246
187 348
129 559
77 477
103 372
712 393
391 239
508 144
256 175
174 319
535 531
545 144
262 129
449 538
273 138
583 586
531 620
451 575
336 445
228 487
283 469
350 188
289 154
323 285
2 20
361 435
593 672
231 249
647 290
118 305
213 510
229 373
196 30
431 93
24 7
219 275
532 48
337 80
118 67
382 363
74 501
6 247
10 34
209 525
606 456
89 244
21 33
654 487
648 522
11 148
65 227
348 458
60 2
109 62
646 718
5 116
63 307
496 81
549 611
444 441
268 148
201 44
544 74
109 456
367 113
274 351
735 536
3 46
328 257
97 440
116 147
206 404
289 301
3 4
462 261
240 384
751 748
28 43
148 333
382 749
184 161
54 405
105 433
281 278
582 684
553 47
120 37
121 51
726 393
383 668
669 72
173 138
690 410
368 757
644 242
192 55
530 613
513 307
550 621
108 594
231 459
198 407
482 531
617 596
326 522
552 479
229 534
194 109
523 716
542 93
676 365
63 167
209 21
34 39
79 101
298 688
231 95
4 12
25 279
430 313
98 32
123 463
30 141
334 220
618 228
172 282
212 50
162 178
186 129
755 580
234 564
111 678
717 428
11 67
28 24
633 486
265 506
68 43
345 5
58 671
312 568
219 454
190 119
695 627
64 40
226 175
395 299
175 441
277 504
268 579
231 236
468 385
58 572
3 13
276 111
9 146
501 775
126 732
260 734
127 219
417 474
616 78
87 111
210 171
768 269
187 76
110 94
739 188
369 346
377 102
5 8
96 94
12 157
357 238
283 363
72 451
722 3
319 577
26 138
555 779
29 8
4 171
526 713
513 547
165 263
598 434
400 86
48 51
279 724
165 326
360 287
398 429
337 432
11 302
18 202
527 677
2 16
321 151
129 228
580 289
488 91
37 31
266 419
736 538
409 384
227 460
157 214
107 35
12 222
354 24
418 128
451 625
304 16
6 3
450 561
89 597
231 392
140 163
300 397
691 157
85 66
393 634
728 275
720 449
484 327
711 481
22 41
756 327
92 315
556 202
48 71
223 366
103 133
115 411
588 450
554 195
93 5
78 52
123 52
17 15
182 291
38 169
330 116
239 331
339 569
162 472
495 220
241 123
218 138
126 254
440 652
52 44
189 570
85 752
26 88
673 62
599 450
631 733
3 11
292 249
223 426
604 278
151 370
182 113
224 33
453 184
105 17
777 209
171 191
68 206
59 242
645 448
193 37
437 131
295 309
339 602
43 54
12 49
298 576
224 471
195 543
643 686
7 628
662 136
228 272
6 143
116 213
120 528
189 13
150 592
282 514
6 30
421 379
7 55
719 700
69 412
153 277
670 523
197 156
27 32
141 286
165 317
117 1
102 234
210 475
144 126
506 743
175 386
682 620
110 205
613 653
44 77
155 14
215 438
4 131
62 91
270 383
116 425
47 2
172 34
240 66
157 296
298 209
500 496
389 470
74 82
465 308
5 557
747 171
443 78
606 772
51 509
771 575
129 104
98 200
335 295
