1000
10 6 7 4 10 8 12 11 5 3 7 4 2 2 11 4 4 12 9 2 10 5 1 12 5 8 7 8 8 2 5 9 11 12 4 9 7 3 11 12 5 5 3 6 10 5 1 1 9 1 7 6 5 7 5 9 6 3 4 5 8 1 1 7 12 4 7 10 6 5 1 2 2 8 7 11 4 12 4 12 12 10 6 5 8 2 1 5 5 9 9 12 9 9 10 12 4 8 9 1 1 2 2 6 9 12 4 4 11 11 4 11 12 1 3 7 6 7 3 2 3 11 6 3 11 3 2 6 11 3 6 3 4 11 8 4 11 3 11 1 6 2 11 5 6 5 4 12 4 6 1 6 5 6 1 7 1 2 1 3 4 6 5 11 5 4 6 7 10 5 7 3 6 10 8 4 6 3 3 9 8 7 7 4 5 7 11 5 8 11 7 4 8 3 2 4 10 8 2 7 12 9 10 9 10 9 4 3 11 6 12 10 5 6 2 9 12 4 5 11 6 3 2 5 5 8 1 2 7 2 8 6 2 9 6 11 5 10 2 3 7 5 5 3 2 10 11 5 1 7 3 10 9 9 2 1 4 2 6 10 8 6 7 9 2 4 12 7 1 1 1 12 9 5 2 10 2 5 2 6 11 8 7 8 4 9 12 11 2 6 8 9 11 6 10 12 10 9 10 2 1 3 1 9 11 7 10 5 11 11 10 9 10 5 8 2 5 8 12 10 1 12 11 3 9 8 6 6 4 8 8 4 10 12 4 8 6 1 4 4 3 2 5 12 10 4 5 6 11 9 3 3 12 1 9 8 8 3 2 3 10 1 6 11 12 1 10 6 1 2 1 7 3 9 11 4 1 3 9 11 3 3 6 2 4 2 2 11 4 7 6 5 7 11 3 10 4 1 3 4 6 8 3 12 4 1 3 4 7 3 7 10 5 12 3 8 5 8 11 1 2 4 5 12 6 12 10 9 4 4 5 9 3 7 8 7 7 2 2 1 4 8 2 8 7 5 8 4 12 6 4 6 1 8 5 6 11 6 7 2 2 11 2 4 9 1 10 3 2 12 7 5 7 9 5 6 5 12 9 4 5 4 9 9 3 6 2 2 11 12 7 12 2 9 8 10 9 5 12 3 8 11 7 7 7 11 4 11 10 4 6 6 7 7 2 9 12 8 10 2 7 9 6 1 5 1 10 5 9 2 7 5 12 6 11 6 4 2 8 6 5 1 3 11 7 5 11 10 4 9 4 10 5 9 10 1 1 12 9 9 1 8 1 12 1 3 9 8 8 4 5 12 8 8 2 3 12 1 4 7 1 7 8 9 7 6 9 7 9 9 8 9 4 12 12 4 3 8 4 10 3 8 2 10 3 7 4 6 7 8 12 11 6 8 7 1 5 7 11 1 4 6 1 7 6 12 11 12 11 6 1 1 1 2 2 8 9 6 5 7 5 5 6 2 4 12 6 12 7 5 4 2 2 4 8 11 7 10 10 9 3 3 9 8 4 2 3 4 7 7 11 3 3 8 5 6 11 10 9 9 6 12 10 8 7 6 10 5 3 8 1 10 2 1 5 5 3 7 1 1 5 11 4 8 10 12 5 8 1 6 5 7 5 2 6 4 11 3 8 6 2 1 3 3 1 7 12 7 5 12 8 1 2 11 12 11 2 5 10 2 2 6 8 10 12 5 1 10 8 1 3 9 1 9 4 5 7 3 12 3 2 7 4 7 9 3 9 10 11 6 3 12 12 3 10 11 7 2 12 6 2 7 7 6 3 10 11 10 4 2 4 9 12 7 3 8 2 11 9 12 4 11 4 7 5 5 5 12 6 9 9 12 3 3 9 5 12 7 6 3 12 10 11 11 8 5 6 9 3 6 1 11 9 8 5 1 12 2 4 9 10 1 8 12 3 5 8 7 3 2 1 7 3 4 5 10 8 3 11 3 12 11 1 8 6 9 1 9 2 4 5 11 8 5 2 3 1 10 9 7 3 1 1 5 4 10 6 12 12 4 6 11 6 6 11 11 6 11 11 8 6 8 10 6 12 12 8 4 1 8 10 7 8 3 3 12 12 8 3 3 4 12 5 9 9 3 12 2 5 10 1 3 5 11 8 8 2 3 3 2 2 5 12 9 7 2 12 10 1 6 12 4 5 8 1 1 11 4 7 7 1 7 9 10 5 4 9 6 10 4 11 11 8 10 8 2 11 11 3 12 5 6 3 1 1 7 2 11 10 8 10 3 2 6 4 11 10 4 4 7
605 610
10 297
201 614
105 232
689 202
344 507
582 325
502 434
198 401
922 496
725 672
121 188
925 977
351 83
88 110
75 506
261 113
621 885
946 290
224 398
212 444
923 686
51 72
641 714
741 341
726 238
55 68
555 702
769 219
549 838
200 81
358 478
20 163
651 509
488 964
354 298
484 402
13 39
29 536
687 394
122 81
376 559
89 120
49 593
448 193
555 538
754 870
357 635
409 157
683 31
188 298
639 20
779 610
308 145
233 631
615 307
260 80
1 55
78 497
795 670
17 11
297 757
544 513
116 12
670 973
162 519
186 608
658 334
211 372
177 599
643 209
613 464
723 668
129 325
128 655
100 162
321 77
263 143
382 421
753 374
557 290
215 233
269 362
484 918
5 56
41 6
406 781
15 606
128 618
14 679
821 865
841 729
137 359
14 9
129 51
147 48
500 393
102 157
580 583
75 85
558 539
41 235
834 131
884 883
428 621
984 403
192 764
178 492
598 165
867 295
630 146
65 171
114 280
57 893
105 132
451 463
770 225
524 125
272 645
577 572
1 19
854 659
329 126
665 588
88 394
159 218
443 660
688 461
438 426
9 11
460 265
7 505
3 916
41 46
158 638
708 630
75 172
791 291
53 65
53 114
245 746
581 57
129 189
362 801
43 47
324 547
438 446
112 22
924 694
101 34
294 414
157 341
15 451
511 657
164 213
338 222
16 160
264 138
397 573
479 482
813 290
260 607
839 746
378 543
818 733
292 53
53 243
158 293
89 540
253 182
263 896
937 29
276 732
353 461
104 8
294 556
243 393
17 600
713 432
73 978
38 976
252 596
287 127
138 254
55 195
14 462
431 569
780 812
780 140
89 21
348 346
114 371
826 84
81 159
649 214
111 738
228 363
719 187
1 24
2 18
420 470
852 36
4 3
117 384
594 627
920 517
67 498
861 929
626 302
947 488
215 137
487 912
480 126
684 437
90 108
93 119
493 132
638 799
506 766
571 327
511 669
274 673
181 209
73 712
313 851
240 340
40 1
5 3
168 20
401 695
547 959
362 388
831 34
878 851
94 518
29 445
161 576
157 517
3 8
482 763
180 709
495 566
317 968
839 945
23 274
290 31
674 130
374 784
20 11
627 693
287 344
803 329
790 691
133 80
34 32
148 47
803 936
330 381
204 190
473 358
730 428
975 138
212 932
93 925
738 881
177 11
367 118
642 517
358 59
48 97
943 423
137 586
94 141
49 86
147 807
725 886
642 952
962 820
584 567
554 470
109 179
489 782
12 158
152 303
105 61
347 47
248 378
165 198
134 331
363 400
522 605
146 80
430 20
428 404
299 100
854 914
707 264
268 648
205 456
170 212
100 951
44 121
438 904
258 399
3 309
48 135
146 251
25 19
353 887
31 300
24 307
36 35
493 561
244 210
386 136
301 99
568 933
36 927
68 736
247 173
690 310
621 748
429 404
940 121
512 672
52 2
271 45
43 535
118 74
160 282
898 220
699 125
276 476
213 875
539 505
549 178
152 107
30 78
8 37
724 564
343 513
496 265
528 417
92 151
616 341
765 493
503 44
526 132
788 223
75 93
373 206
511 938
149 161
563 327
495 378
225 165
685 168
330 21
10 7
166 78
441 239
871 705
844 117
45 53
559 589
186 306
485 414
324 187
835 466
998 753
551 987
605 873
208 256
322 31
571 612
640 38
33 87
215 624
376 472
10 64
23 95
391 4
962 996
422 357
126 222
676 221
762 426
260 671
277 327
397 217
137 106
127 772
97 310
126 29
31 180
507 548
505 740
160 266
9 809
101 102
917 211
111 40
428 435
280 417
654 603
18 217
54 710
467 151
98 747
464 183
105 894
919 9
863 709
60 48
98 427
527 553
140 164
698 700
240 206
221 18
258 105
900 387
580 840
214 633
97 342
65 130
56 214
210 187
592 259
424 409
56 752
332 235
65 82
755 657
565 744
11 374
806 694
113 450
491 574
430 546
91 237
570 201
474 77
710 721
385 270
720 547
412 327
789 304
67 486
88 370
888 38
5 83
31 425
426 314
562 494
8 35
692 417
115 138
661 328
73 94
19 255
362 706
9 8
380 103
10 520
174 89
12 51
218 238
268 241
872 611
765 846
128 551
257 139
281 61
507 619
178 279
351 537
2 3
239 141
792 477
133 227
963 256
594 532
19 79
511 184
986 498
659 64
234 153
63 54
751 347
65 252
48 26
512 20
86 587
686 11
36 326
111 155
761 212
92 15
61 23
437 771
176 39
739 352
777 393
554 855
992 681
499 118
42 5
489 76
641 242
387 309
604 880
288 305
276 46
742 624
910 774
182 181
981 223
443 227
286 210
54 45
979 484
27 2
726 892
808 729
390 248
49 820
458 287
466 103
135 207
89 578
415 545
511 560
991 719
245 320
175 907
117 109
65 860
982 492
146 184
36 113
255 302
11 59
960 174
418 375
96 175
127 192
6 3
776 512
471 629
139 43
312 213
96 53
542 472
140 119
335 183
627 735
138 823
122 455
66 54
545 728
482 595
843 742
523 135
722 493
704 532
568 21
640 997
50 475
222 890
848 243
622 197
653 994
283 802
49 5
356 164
538 249
906 592
113 208
652 576
555 915
100 55
580 966
69 47
856 392
829 270
729 580
420 252
32 125
628 84
611 694
435 465
43 38
7 2
179 339
385 901
123 109
760 239
223 174
142 141
82 115
467 634
181 337
327 411
191 55
272 221
19 423
352 711
163 663
117 333
309 316
242 7
515 830
242 383
767 151
437 71
77 678
59 343
858 378
211 241
35 509
318 116
215 816
214 439
965 499
29 178
277 284
270 819
691 216
785 612
54 670
224 246
155 395
346 403
173 868
62 58
174 355
242 431
195 609
128 126
709 828
104 827
378 882
24 98
350 49
24 822
127 216
942 460
993 600
832 493
697 685
490 908
314 974
543 939
154 65
102 591
473 954
326 743
656 185
576 821
644 499
107 53
407 38
983 28
315 143
464 862
454 442
185 169
167 85
294 14
310 365
432 300
131 357
671 985
449 667
21 33
515 53
395 866
438 588
23 149
895 402
155 514
759 817
199 63
414 564
107 402
452 286
313 225
677 294
23 21
250 244
332 567
26 662
366 87
8 45
231 527
75 14
201 198
170 123
798 343
349 754
242 675
111 696
133 646
103 705
477 433
768 507
174 814
78 323
541 163
953 496
73 20
154 447
833 548
681 590
291 71
13 2
255 319
448 491
69 224
74 183
140 510
995 271
805 569
42 127
2 236
877 463
65 90
15 1
7 442
733 225
70 857
130 487
647 361
9 28
353 183
490 274
23 38
182 572
664 999
58 56
20 296
20 29
891 828
796 232
34 136
989 153
134 46
150 51
10 74
534 57
160 361
649 715
48 602
969 160
861 533
359 737
183 220
759 735
531 354
33 314
86 187
2 436
967 147
211 54
539 889
393 717
406 342
793 547
319 521
948 850
71 40
71 328
786 60
680 647
269 28
69 219
158 727
712 787
31 194
449 457
469 347
921 811
18 459
62 156
345 328
530 398
957 747
668 151
165 228
273 205
278 241
601 579
415 218
6 804
23 99
224 433
36 50
90 267
604 271
546 847
23 67
2 1
113 434
288 153
4 259
206 138
758 222
444 794
849 284
389 135
289 206
389 529
32 11
886 1000
229 127
641 944
165 64
958 727
4 926
902 409
246 956
911 680
419 133
186 121
953 980
332 682
842 689
247 295
304 275
603 467
535 950
334 550
501 487
416 47
617 150
301 845
369 73
114 533
240 666
230 352
269 734
897 717
508 184
623 283
955 19
360 218
518 853
70 62
488 81
277 99
597 20
29 874
2 30
442 481
935 808
22 80
44 13
291 883
504 53
972 894
803 913
354 941
275 224
346 61
20 76
579 35
203 368
246 248
13 169
22 12
283 19
81 88
750 611
14 31
395 934
252 525
773 179
587 664
688 703
850 606
543 636
8 131
379 308
21 6
48 468
225 590
435 483
879 157
653 464
916 928
311 756
106 64
565 307
905 464
25 552
327 637
146 249
150 396
604 949
77 49
127 143
57 4
716 368
714 899
677 810
903 209
575 489
285 494
413 52
177 408
202 84
641 869
100 864
650 988
59 231
531 824
10 193
4 650
638 731
230 69
837 621
377 98
143 620
97 376
479 4
876 348
91 21
16 4
156 783
587 718
625 334
196 109
341 749
611 145
173 159
84 38
124 144
270 199
6 145
79 311
695 930
585 514
623 800
349 206
909 137
92 471
43 197
410 246
218 317
85 190
1 124
3 12
162 745
65 778
153 83
66 245
386 405
931 895
85 701
154 226
200 336
384 859
181 151
229 449
498 815
176 404
825 185
698 149
375 312
182 364
22 26
103 3
204 205
588 632
516 264
480 522
580 135
285 135
721 990
347 440
428 970
36 262
213 971
836 398
203 183
629 961
79 81
453 364
431 774
392 293
16 109
797 360
376 532
775 623
165 265
334 152
619 811
52 382
