1220
8 3 3 11 6 3 11 7 5 6 10 4 11 11 8 1 10 5 3 6 3 5 11 2 5 1 8 10 10 8 9 5 2 11 4 11 6 6 6 2 11 3 5 10 1 5 10 3 9 5 12 11 9 10 5 1 2 4 2 11 3 10 4 9 1 11 7 10 4 12 11 7 7 8 4 11 12 5 1 12 1 5 2 9 6 10 2 8 2 3 6 8 5 1 4 5 11 3 6 7 2 4 1 12 3 8 11 6 4 3 5 5 7 7 5 1 8 6 8 9 1 5 9 5 6 12 9 4 2 2 10 8 9 2 11 12 9 9 5 5 12 2 1 10 12 5 10 7 11 9 8 11 2 4 7 7 7 3 10 9 8 12 8 8 1 6 11 2 7 8 10 10 9 10 7 12 2 5 6 4 1 1 6 2 4 12 12 3 6 10 3 1 1 10 1 5 7 11 10 5 10 7 2 6 4 9 9 10 5 3 1 5 7 7 11 3 6 10 5 12 11 7 4 3 8 8 8 2 7 5 11 8 4 12 2 7 12 2 8 4 4 9 1 11 3 3 5 12 4 9 11 3 3 7 9 10 2 8 3 12 5 1 8 8 5 1 6 8 2 2 12 10 10 4 12 4 6 4 3 9 12 6 3 6 4 12 7 5 7 9 9 11 2 4 10 10 4 4 5 9 5 4 6 6 11 5 9 4 8 3 1 11 12 3 4 3 6 2 12 5 11 8 7 4 11 5 1 6 8 9 2 4 5 12 9 3 8 9 7 8 3 7 6 3 1 2 5 11 3 4 3 5 3 9 12 1 1 12 10 12 9 4 3 1 3 3 7 10 3 1 5 6 11 3 12 4 8 8 2 10 4 4 7 6 12 6 11 5 10 8 4 10 11 11 2 5 5 8 7 8 9 11 5 7 5 8 2 12 3 3 2 6 6 8 4 10 5 2 6 2 9 9 11 12 11 12 8 4 12 2 3 8 5 7 6 9 6 8 9 8 2 2 6 8 9 9 9 5 10 2 7 10 2 9 1 1 1 9 8 12 10 10 11 6 8 8 3 1 7 3 12 9 4 5 8 4 1 8 8 2 9 6 12 2 3 4 6 7 12 1 10 2 2 8 7 1 7 1 5 2 3 5 2 10 9 9 1 2 4 1 3 4 6 2 9 12 10 3 10 9 7 7 2 1 2 9 5 9 9 10 2 4 2 3 1 2 3 6 3 10 6 10 5 3 3 1 7 12 7 4 9 6 11 10 10 4 10 2 4 11 11 5 2 4 11 6 6 1 11 12 2 8 9 6 11 12 7 9 11 5 12 11 10 2 1 7 10 10 9 1 8 11 10 1 3 8 7 12 1 9 3 2 5 4 8 7 7 6 3 5 10 6 8 12 12 8 6 9 9 6 9 9 9 6 1 11 6 7 2 10 8 8 11 12 11 10 10 5 7 12 2 9 9 1 8 8 12 5 4 8 11 5 8 11 2 9 1 7 7 2 8 2 1 7 5 12 8 2 8 3 5 1 11 6 1 10 1 12 2 9 12 4 1 7 2 2 3 2 1 10 7 8 3 8 6 8 11 6 1 6 12 10 11 10 3 11 11 3 3 12 3 2 8 3 12 1 9 3 3 9 4 1 8 10 8 2 9 10 7 10 8 6 7 6 7 9 4 9 3 10 12 6 11 7 12 11 8 8 5 2 8 12 2 4 9 2 9 6 11 7 7 6 4 5 11 2 1 7 10 7 4 9 12 7 4 12 9 3 11 5 4 7 4 5 2 4 6 10 1 9 4 7 2 11 11 5 12 3 11 9 2 6 5 5 12 12 4 12 2 7 4 9 1 11 2 6 3 11 3 3 7 10 2 1 8 4 5 7 11 7 7 12 12 11 4 4 3 12 7 8 6 11 5 10 1 10 3 3 12 9 10 11 6 3 11 1 6 7 11 8 1 5 7 4 7 11 7 9 2 2 9 7 4 1 8 4 2 10 11 1 10 12 11 3 2 1 7 11 7 5 7 11 9 5 3 7 7 1 8 8 6 4 2 9 8 1 5 9 2 3 9 11 6 12 1 7 12 7 9 11 3 7 9 3 12 3 10 6 4 5 6 9 8 11 10 3 12 2 3 1 8 3 12 1 2 4 7 6 3 7 8 5 6 8 8 9 11 5 6 6 9 11 6 8 10 3 2 9 4 4 1 11 6 12 3 12 8 1 5 10 8 12 2 1 11 1 9 9 5 2 2 5 5 8 4 2 2 5 10 10 8 10 12 6 2 3 5 9 3 1 10 2 4 11 6 2 12 2 3 8 8 4 5 12 3 8 5 5 1 6 6 12 7 5 9 8 7 1 8 10 5 5 3 8 8 9 2 11 2 4 6 9 11 10 12 6 10 8 2 2 1 7 5 8 11 2 7 10 6 7 11 11 3 1 10 10 9 3 12 11 6 6 11 5 7 11 10 8 10 11 9 11 9 2 10 7 7 4 4 12 2 2 2 5 3 12 6 11 2 6 1 12 3 12 8 1 2 5 9 11 7 9 9 3 2 10 1 8 6 5 8 7 10 9 3 4 12 9 3 6 6 7 5 12 6 12 4 7 8 4 6 6 1 6 8 6 4 12 2 9 4 1 3 6 1 10 9 5 6 3 10 3 10 6 6 3 5 9 10 4 1 7 9 5 12 8 10 7 7 11 3 3 3 10 8 4 7 4 8 4 7 9 10 8 2 3 10 10 11 11 1 3 5 9 7 5 8 5 11 2
611 284
371 334
173 299
1147 1116
815 173
70 327
1001 166
329 635
1093 96
1207 901
247 485
280 348
597 457
666 801
1075 596
617 1035
346 1026
619 1095
466 373
919 337
379 18
891 989
615 285
233 519
250 752
339 1165
590 967
155 591
398 176
288 272
977 471
418 1051
41 892
618 168
11 343
664 346
968 1106
928 347
376 860
254 14
51 743
89 183
110 145
358 1152
889 344
423 61
694 509
83 68
283 272
381 957
775 274
226 44
6 413
1218 761
516 534
316 453
173 69
128 601
242 132
139 199
63 56
4 13
123 130
619 348
1180 35
415 251
649 98
791 1143
107 79
345 368
158 741
62 249
943 437
21 110
651 696
1156 40
442 515
822 768
1101 450
626 689
339 273
809 1016
403 10
883 922
483 137
171 79
188 271
210 1184
713 332
881 529
746 1140
84 264
410 574
208 59
428 813
186 322
84 228
245 237
513 316
362 57
711 124
16 12
780 458
30 291
340 90
407 292
521 159
389 1013
73 426
512 336
1057 98
263 105
78 303
182 321
21 46
92 808
65 491
535 650
1217 38
404 358
192 448
23 529
137 123
287 612
736 46
1122 684
124 1022
180 139
345 1010
42 433
63 209
87 91
684 1141
787 726
58 1
313 261
1179 615
300 337
1067 930
717 1069
26 272
768 1025
2 96
733 227
94 1193
184 38
1203 310
753 755
708 686
1177 776
545 470
193 628
142 165
998 599
1034 257
653 211
177 290
637 997
899 908
1061 37
200 88
374 5
1129 1090
56 227
224 463
1 196
146 161
561 491
690 167
616 751
298 284
759 1037
1004 784
284 107
179 143
339 579
13 66
1216 1078
342 738
692 722
207 451
11 123
1091 371
905 305
67 77
118 835
949 1072
447 403
578 1211
118 65
171 293
712 93
169 66
536 89
219 24
153 58
239 915
112 384
298 377
625 53
178 18
507 247
551 129
954 1148
794 300
650 1036
522 354
138 16
883 447
195 235
982 1080
654 418
568 324
942 373
135 477
236 422
795 469
684 270
1078 89
174 255
481 517
126 706
736 1200
84 719
900 1094
774 744
142 19
455 984
733 770
70 1111
543 239
60 990
369 465
241 196
352 370
36 3
351 1074
87 383
389 70
459 431
1209 394
445 901
297 150
64 1167
954 204
570 836
84 104
121 65
444 490
194 349
43 679
293 393
1104 359
108 796
757 1033
939 705
409 983
671 872
1031 20
1053 655
593 135
300 430
342 1130
578 819
826 1117
269 305
41 124
22 28
363 26
81 492
398 631
1133 990
156 1054
566 703
123 239
1018 1045
1150 534
79 11
501 1008
435 9
927 344
620 618
833 135
826 260
23 505
161 784
837 422
500 21
828 12
429 1168
38 98
8 12
1192 584
154 113
68 82
789 601
318 297
248 757
283 390
1102 1214
279 381
856 752
88 721
262 1090
1188 1007
217 196
82 627
10 23
125 805
523 888
108 1219
418 234
222 375
541 379
45 90
778 6
281 940
8 19
10 8
103 105
11 14
467 1139
608 562
438 6
244 1096
189 83
346 1181
74 35
319 245
72 669
69 43
306 97
865 544
1156 1196
228 457
7 2
458 1107
802 223
840 1098
221 923
267 230
208 292
311 30
872 1162
399 575
32 45
687 461
840 694
573 31
141 16
42 13
765 1097
276 250
679 720
911 366
146 145
824 202
801 1007
894 622
591 1003
281 1077
497 140
680 78
119 391
211 442
728 1050
938 746
429 73
341 481
911 1044
179 531
334 646
236 334
205 315
308 217
49 89
280 304
526 176
999 469
11 59
400 2
82 193
804 8
45 244
5 6
747 618
129 23
941 88
323 514
446 817
312 295
848 143
110 578
803 94
584 85
774 834
29 99
452 154
204 163
200 503
402 410
762 1038
13 18
60 15
1202 760
482 1048
656 1046
56 133
947 471
691 606
735 236
1087 950
213 238
762 366
136 53
327 558
569 289
24 1
79 211
403 1154
326 652
612 634
106 170
314 555
109 443
162 399
43 893
12 714
35 6
840 851
643 666
448 725
1140 1164
121 190
956 65
274 632
1066 710
497 667
689 969
190 205
579 1032
549 289
934 174
97 394
771 1063
784 854
760 251
148 265
21 34
47 32
280 464
847 311
496 639
1088 740
97 49
40 32
710 549
898 365
425 552
2 21
252 134
544 188
3 358
205 294
24 109
1014 311
595 8
2 454
195 16
378 134
300 251
135 125
493 121
273 316
912 227
18 356
324 83
111 108
163 218
560 252
176 123
682 782
878 1212
307 909
29 102
812 315
486 420
1119 348
895 1041
82 181
839 670
822 832
5 1127
769 792
640 481
395 409
47 157
11 8
1208 59
665 231
65 582
217 427
210 232
972 995
223 499
416 129
39 26
858 61
74 350
930 551
446 668
323 231
134 405
111 352
734 666
877 960
978 873
1019 348
1213 387
651 490
759 1020
40 875
1134 877
24 539
257 233
745 827
454 970
303 583
455 373
321 1145
137 991
10 20
1055 446
487 380
83 869
4 3
76 586
249 439
70 248
92 1
240 157
386 124
7 53
705 317
261 716
523 398
31 57
354 255
538 1128
707 777
17 14
753 263
449 333
65 167
1123 760
71 231
436 17
739 23
144 286
700 99
704 636
729 524
43 484
638 14
213 51
26 120
518 152
101 152
9 4
205 314
1006 277
127 92
786 436
902 501
673 315
904 388
614 1
241 693
221 8
123 148
506 1021
654 799
788 6
76 188
375 420
537 414
145 1089
72 16
571 104
128 259
82 683
888 1105
602 487
1083 74
357 106
660 584
27 411
1044 1086
1110 427
853 501
41 88
22 56
1114 1135
341 28
766 663
529 845
381 886
698 161
26 12
339 659
1 326
225 201
1 2
1024 190
123 759
211 692
428 511
951 570
172 953
1012 665
19 1102
520 2
534 624
1048 1187
498 271
106 831
1169 100
699 1082
19 38
493 1081
855 565
280 19
445 1182
1109 878
129 203
202 382
376 610
51 158
764 510
161 307
1166 140
217 431
798 773
785 158
295 258
381 980
830 351
958 1137
4 50
933 1070
397 749
349 470
43 501
31 17
916 503
87 4
64 287
202 181
1040 906
495 685
962 932
884 13
533 505
26 910
678 1158
174 1000
979 1176
924 474
616 81
132 147
159 699
174 154
603 1160
256 193
861 600
108 116
548 527
674 281
564 481
9 197
212 53
36 139
1061 1206
948 78
21 43
1138 500
765 20
36 1125
742 41
471 259
282 72
424 422
986 329
359 244
1065 1044
224 199
9 159
71 45
250 603
191 351
1131 28
376 294
84 14
250 524
71 155
201 88
62 38
363 878
257 636
146 474
162 428
249 657
332 745
378 709
973 928
30 566
322 598
412 217
554 330
106 261
75 887
1124 605
342 212
24 237
360 392
581 579
278 86
323 921
731 72
443 623
198 98
381 816
756 156
849 974
765 1100
568 966
241 277
20 30
963 320
857 896
195 353
48 16
681 422
18 103
125 336
121 589
1052 210
996 652
1198 141
127 144
270 406
462 661
963 1103
707 421
36 776
656 867
535 507
508 730
676 141
610 935
285 15
290 914
538 411
301 196
932 208
621 1058
4 606
249 596
216 119
1161 1220
955 524
148 366
660 866
754 418
352 891
516 877
18 234
27 11
1149 842
135 251
979 337
655 90
185 160
154 599
425 682
643 94
950 130
78 177
660 880
1028 751
718 425
587 630
27 1215
557 344
1042 871
802 925
483 1163
480 110
662 453
903 331
266 80
106 207
807 181
1018 176
445 1011
79 220
1114 586
907 156
94 72
87 790
476 463
345 570
100 112
546 530
274 85
54 23
119 151
982 483
124 460
918 451
322 744
700 702
182 25
495 604
906 670
195 270
146 874
82 119
510 843
641 227
871 870
331 607
1185 208
132 43
416 1171
150 149
29 93
307 489
598 678
677 413
377 468
51 36
773 560
100 50
763 517
637 593
95 82
217 355
233 207
161 250
585 193
314 475
134 143
279 202
55 156
1085 908
91 192
386 565
284 338
28 194
160 92
971 558
578 621
393 656
375 846
136 458
192 262
115 296
445 246
14 163
51 929
1120 1090
732 97
1186 72
131 126
45 61
106 101
424 600
380 163
811 1201
723 680
179 268
35 613
1174 68
873 745
1115 221
436 1039
8 671
402 38
33 9
964 801
1043 918
319 1183
297 446
8 6
81 688
60 186
5 373
562 43
1023 643
740 15
160 206
913 489
113 23
834 859
330 35
91 101
332 166
9 592
471 542
60 215
168 852
755 1084
35 52
436 800
311 396
346 882
360 1189
419 715
345 37
419 71
988 317
191 113
508 242
936 944
900 858
870 681
275 797
31 328
200 472
993 526
530 484
192 281
1190 26
41 13
568 1029
1028 1060
597 695
429 563
821 777
223 309
618 976
147 223
630 809
462 139
727 528
590 60
838 734
126 110
771 39
2 3
144 862
645 53
344 11
388 647
14 175
147 937
41 128
1170 17
369 456
73 346
553 890
369 52
336 395
1140 1195
737 87
710 1112
365 34
245 269
793 766
1116 364
12 55
76 19
38 64
254 1173
529 532
506 385
891 1205
37 34
747 1068
415 724
825 299
949 46
126 946
519 580
172 130
236 224
440 58
149 103
53 70
181 388
761 641
617 844
81 30
90 140
143 1005
230 219
258 189
812 818
417 280
31 329
567 180
1027 761
434 21
289 642
737 936
25 810
628 958
479 143
1146 1175
115 86
926 894
22 7
397 113
302 275
640 701
155 629
210 746
811 381
38 67
15 2
1199 381
463 1071
289 1144
879 49
605 431
1159 780
135 841
170 806
852 1153
1049 936
444 576
437 293
648 59
1079 795
398 622
222 47
90 1210
672 150
275 138
1204 1203
849 335
592 1142
101 243
550 374
285 814
734 945
1136 677
820 145
42 117
748 38
864 429
780 781
474 516
391 467
842 342
1126 908
972 123
88 1191
25 16
489 768
876 281
646 975
495 469
1047 440
1093 1178
80 4
131 510
231 347
527 391
1056 367
29 16
977 1059
728 286
723 863
25 49
650 823
992 348
528 73
372 150
556 498
750 192
336 609
131 1009
968 111
229 829
775 868
539 1197
187 46
264 697
157 588
364 345
524 1155
783 453
414 137
987 118
1172 607
68 9
33 122
210 168
241 361
58 214
3 32
500 850
262 686
97 108
157 432
663 68
29 961
114 1
670 523
454 1118
553 306
401 112
399 408
509 247
84 247
388 658
899 599
1108 357
911 933
496 41
931 645
1015 848
433 502
86 23
1132 277
461 1076
414 758
444 355
857 662
360 367
78 16
253 197
331 189
541 1064
252 767
1151 305
20 1121
617 52
239 488
260 206
369 959
360 55
325 107
65 1194
579 1146
134 84
279 1062
594 173
18 317
530 644
385 324
13 125
40 164
46 441
166 473
168 164
965 45
396 769
123 917
18 229
410 425
310 300
162 16
44 23
387 50
131 952
210 994
204 577
508 772
43 65
494 492
726 323
920 397
997 1113
469 217
10 75
1017 689
288 333
572 484
66 273
720 779
498 504
547 132
5 1
323 626
1073 502
39 85
58 320
885 469
717 277
236 1099
895 242
1002 440
559 485
482 296
421 67
335 55
675 190
166 83
584 587
1157 1129
412 525
122 981
65 461
80 1161
540 302
478 430
719 985
73 34
898 1030
1092 695
791 137
244 633
450 6
246 214
127 289
897 423
