1340
7 10 7 7 9 12 6 9 3 10 6 3 3 11 1 9 1 12 6 10 12 11 2 3 3 9 3 8 6 11 5 12 8 3 7 8 6 12 9 8 2 2 2 4 12 2 4 5 6 9 2 9 7 7 11 1 3 5 8 9 3 4 12 3 10 6 2 3 10 10 10 3 11 12 10 3 5 1 7 10 1 8 6 11 3 8 11 9 12 11 5 7 2 5 1 12 2 2 2 3 12 4 9 2 3 6 4 7 10 10 9 10 10 6 8 4 2 11 4 1 9 9 7 2 5 11 5 10 1 11 5 4 2 5 5 8 11 9 2 8 10 2 6 11 8 5 6 9 3 10 1 3 10 12 9 6 10 1 7 10 11 11 1 12 8 10 7 6 6 1 1 3 2 10 6 1 7 11 9 1 8 2 4 5 1 12 10 10 12 5 12 3 7 4 6 2 1 1 7 6 5 12 1 10 1 6 11 7 4 11 8 4 12 3 8 12 6 6 2 5 2 1 11 8 8 5 2 9 9 12 6 1 3 10 2 4 7 4 2 3 3 1 6 6 3 1 10 8 10 11 5 3 3 3 3 10 11 4 10 7 3 8 11 6 5 5 1 12 8 2 6 2 3 11 8 5 3 9 5 5 7 1 7 1 3 9 2 6 4 12 12 7 7 3 4 3 7 4 6 2 9 11 4 11 9 3 8 4 11 4 8 9 4 6 9 10 7 2 3 10 5 7 8 3 9 3 6 3 10 11 4 7 2 11 9 2 1 8 5 3 11 4 11 6 2 11 4 8 1 10 9 5 4 9 8 12 3 5 2 1 7 10 11 8 8 7 10 1 7 6 3 9 10 2 3 3 12 10 2 4 7 10 9 11 10 8 10 5 12 12 5 6 1 3 6 8 1 3 8 7 8 3 4 9 4 10 11 7 7 12 11 1 2 11 11 3 10 1 7 9 4 11 6 4 5 11 11 10 5 11 8 1 1 3 1 8 12 4 6 10 3 8 3 8 6 5 11 3 5 5 3 8 8 9 3 4 11 6 1 4 4 1 8 8 3 8 7 7 11 4 4 6 12 6 1 9 11 3 4 7 12 6 7 7 6 9 2 5 2 7 12 9 7 7 8 1 6 2 7 9 6 3 2 5 12 6 5 10 1 8 9 12 2 3 10 11 11 11 7 5 9 6 1 7 4 9 8 10 10 6 6 7 8 11 3 8 8 8 9 8 3 5 7 8 11 8 7 2 7 5 6 7 11 6 2 2 2 9 3 4 2 12 10 2 2 5 9 10 4 5 9 6 2 8 6 12 3 4 1 1 8 10 8 10 4 9 12 5 9 6 12 2 6 2 3 7 6 3 8 9 12 5 6 1 4 3 4 6 6 9 7 2 6 6 11 1 2 2 10 2 8 9 7 5 10 10 11 3 4 11 3 3 7 1 7 10 3 3 7 9 11 1 2 8 6 4 9 11 10 6 4 9 6 11 1 4 12 3 10 7 1 5 10 11 5 8 8 7 10 3 7 12 7 12 8 5 4 8 7 5 5 11 1 10 1 5 5 4 7 7 10 12 11 7 10 7 7 10 1 4 4 12 4 10 11 3 6 6 10 1 10 6 3 2 7 3 6 4 6 5 10 3 4 8 2 5 6 8 6 6 3 9 9 6 11 8 8 4 5 9 4 3 6 6 8 1 12 2 8 9 10 5 12 5 4 5 9 9 4 7 6 6 3 3 4 5 2 3 9 6 4 4 8 9 2 8 1 1 1 8 10 10 12 1 2 7 9 2 3 12 8 9 9 3 11 12 7 4 3 7 9 6 11 9 2 12 4 7 4 4 6 1 1 6 1 6 4 9 7 7 12 7 7 9 1 9 8 7 12 10 6 8 7 4 4 1 7 7 7 10 2 12 11 6 9 3 11 1 4 10 11 3 8 5 3 8 1 11 6 4 12 11 11 11 6 3 11 12 1 9 10 7 8 12 12 9 6 11 1 1 12 3 4 7 7 10 2 11 8 7 6 12 10 4 10 3 10 12 3 3 8 4 9 7 7 8 3 4 10 7 5 9 9 12 7 7 9 12 9 9 7 2 12 8 10 9 10 7 8 4 9 3 11 5 1 9 5 4 1 2 2 5 3 3 8 1 1 4 1 10 4 11 3 3 6 12 3 3 11 10 11 7 4 9 4 5 6 12 12 10 5 5 2 11 7 1 12 8 8 12 9 12 10 3 6 3 3 9 9 5 10 11 11 2 8 6 10 5 9 1 2 2 5 7 12 4 7 11 3 6 10 3 5 11 5 11 5 11 7 6 3 4 4 6 9 3 3 10 7 12 10 12 1 7 10 12 2 8 3 4 2 4 10 10 3 6 8 7 5 6 4 11 2 8 4 2 10 7 12 9 10 1 12 10 11 10 1 12 5 7 7 10 11 8 8 5 2 3 11 6 1 7 8 6 2 12 11 3 10 2 3 7 3 7 8 5 4 12 9 12 7 7 10 5 3 5 9 8 11 11 1 3 5 12 8 10 11 7 5 12 8 11 6 2 5 5 11 8 5 7 12 3 1 9 7 7 1 7 2 3 9 6 6 6 6 1 7 8 11 11 8 7 2 5 12 6 10 10 6 6 8 5 8 9 1 2 7 5 12 9 7 8 6 4 5 3 5 12 11 7 2 6 5 3 10 5 9 11 6 6 4 2 10 11 2 2 4 8 6 3 8 4 3 6 8 11 8 4 10 6 2 4 3 7 6 5 3 6 3 8 11 7 9 12 5 10 1 1 10 10 3 9 6 9 2 5 8 10 8 9 7 9 12 10 7 10 2 9 7 4 5 6 2 5 9 11 7 10 11 4 7 1 4 4 2 6 8 9 3 3 9 1 4 9 10 2 10 11 11 4 7 7 1 8 11 10 6 9 7 4 4 5 9 8 9 10 1 4 10 7 11 6 7 6 2 9 7 3 7 9 7 5 3 7 1 6 4 6 2 2 2 6 11 10 1 11 11 5 6 8 11 4 1 9 1 7 5 12 9 4
7 12
19 315
1102 808
165 124
705 86
172 124
482 1320
719 506
50 31
199 415
350 19
707 697
405 343
254 160
166 164
451 435
22 548
344 111
28 718
764 835
5 162
26 33
808 312
368 11
300 270
1250 457
1275 403
775 1099
1030 741
265 310
697 887
4 518
281 278
464 166
1142 546
27 973
56 295
550 866
54 83
23 330
397 493
1219 211
1022 1281
374 1310
162 762
785 380
349 467
197 934
143 63
293 298
95 490
555 1167
76 569
583 632
192 57
1070 874
38 160
48 152
78 1089
787 430
494 876
4 305
1307 1148
32 1143
504 1068
290 253
261 234
465 357
1016 1172
1261 1230
363 784
737 297
390 603
475 61
503 744
481 491
519 565
13 171
379 525
19 9
880 123
885 369
21 215
1066 988
52 161
101 893
855 58
299 120
685 731
150 637
173 163
208 41
303 253
610 293
494 645
1301 1074
183 19
282 181
202 45
555 428
713 1237
224 21
791 882
373 436
953 741
84 820
771 1041
683 324
354 244
635 533
691 379
24 7
1101 784
691 859
933 1129
519 256
1129 1299
105 140
388 221
578 638
312 313
1171 80
1123 1082
122 229
322 1047
943 893
287 1010
375 455
19 836
238 1238
107 157
353 33
17 12
986 1017
77 105
1269 834
215 979
422 273
550 437
405 681
184 20
1288 887
1251 310
23 57
33 131
812 97
10 851
662 732
139 1273
245 39
18 88
1024 930
334 534
168 406
52 92
198 510
348 140
363 90
353 1097
96 107
1158 848
359 450
513 1285
114 205
904 859
250 827
839 1060
502 242
733 1076
904 1005
620 506
711 613
251 255
74 325
435 847
1302 691
333 239
13 1121
617 606
469 23
600 1258
813 912
292 805
109 13
297 1338
64 382
42 39
184 873
483 424
89 314
722 661
494 704
247 55
707 1229
279 791
293 1138
895 96
27 220
426 509
425 50
199 319
190 342
690 401
62 84
305 786
718 994
865 157
987 953
194 1137
900 1071
433 322
246 312
402 861
1132 1111
1038 698
643 1127
148 186
867 574
654 498
249 378
282 1067
101 288
238 74
605 738
636 128
221 453
355 61
1116 805
481 208
757 88
219 147
533 655
64 239
17 145
995 904
559 254
58 19
708 481
1092 3
180 828
470 457
191 575
74 18
273 462
75 13
641 52
710 1305
949 500
449 176
735 201
521 198
30 1239
883 1169
153 55
128 408
8 4
38 262
418 40
158 21
248 320
77 304
138 179
1166 619
1090 1079
982 607
697 101
139 625
53 424
72 595
1340 273
49 45
492 157
133 434
15 458
26 884
534 961
318 974
736 386
123 264
212 546
271 316
339 220
1292 890
488 209
976 139
27 879
834 484
133 53
126 73
668 627
862 424
353 840
137 838
997 429
235 414
71 49
527 205
216 67
913 1096
1339 459
41 364
466 1087
42 89
204 583
185 702
23 553
1215 961
31 66
1095 758
181 613
520 306
894 625
788 393
160 623
430 258
23 28
686 603
598 239
352 551
416 326
207 306
213 1267
557 669
444 390
1055 678
135 327
326 261
5 232
1337 180
475 1125
706 509
590 74
463 920
81 188
456 193
1026 22
1262 235
340 116
662 1334
438 3
349 290
1105 861
769 304
38 25
45 128
28 1032
1217 720
60 174
836 1212
44 187
1059 400
103 1194
370 227
217 251
831 101
710 1088
7 5
102 234
172 402
185 249
37 803
71 676
1330 377
1140 1034
472 364
112 989
532 106
70 43
680 1291
524 858
303 581
693 529
185 426
319 1244
956 459
202 902
427 1223
1186 1135
45 112
848 139
544 1200
572 1103
699 183
818 540
1287 890
642 238
53 59
704 1130
1 954
1178 79
926 882
1085 571
20 21
13 589
6 2
551 916
532 929
360 612
299 1057
614 79
1318 50
789 1263
40 51
10 135
124 7
84 608
717 654
163 1175
938 399
248 252
1326 947
723 548
386 1027
178 103
182 460
181 267
498 729
1 957
1007 883
74 246
270 278
1164 1274
748 226
214 117
1256 339
148 715
864 229
721 179
250 293
1111 1323
764 1290
511 238
487 318
1181 145
770 236
729 963
265 631
302 36
1242 565
409 846
233 8
1174 985
513 741
607 661
222 199
376 795
575 969
466 272
1056 1156
862 1136
420 277
311 600
1211 367
1020 504
156 347
25 61
656 923
906 711
156 1202
710 288
156 335
1031 559
315 439
504 463
322 131
942 251
91 877
1306 378
810 604
443 274
23 142
497 359
524 870
204 1206
699 753
544 561
8 337
429 577
593 434
756 45
1 10
72 8
1315 1105
25 114
1146 757
136 1006
441 146
869 114
94 88
666 88
331 317
227 22
242 136
55 1
1112 309
978 1205
67 1144
34 64
1078 515
983 786
939 1069
901 515
65 1188
228 54
338 628
234 334
119 91
774 446
596 32
364 413
146 137
981 884
640 170
853 1147
1139 1117
25 44
824 1160
1062 986
186 285
618 119
2 4
1120 464
53 48
730 111
283 44
516 685
455 657
1052 629
890 217
1271 1086
1336 193
10 273
523 1308
629 262
531 381
603 980
1245 984
547 224
431 951
231 149
14 250
502 566
5 853
398 324
165 647
1156 1162
271 889
77 14
101 78
909 999
42 1240
390 554
280 191
386 360
199 1234
837 526
5 768
673 537
15 79
1325 1043
332 815
217 1191
471 253
1265 758
203 291
530 392
417 93
396 85
530 584
126 1221
11 29
274 134
728 250
606 1061
469 541
27 794
217 888
598 1220
567 17
286 261
359 63
1161 748
85 95
58 663
578 286
604 470
657 742
317 62
533 529
807 387
540 599
309 239
287 17
120 107
505 170
1003 451
696 234
667 603
765 271
73 1259
825 722
1222 314
674 26
444 944
44 60
211 113
1114 950
832 1091
1324 102
263 221
1312 398
239 389
1213 985
295 1163
662 374
958 516
391 1176
962 721
558 442
8 9
58 432
394 556
205 489
789 140
92 616
1001 501
560 298
8 11
573 344
182 260
524 1180
44 392
99 20
777 779
567 659
78 412
21 34
212 152
658 1316
170 9
536 392
604 1022
550 1295
104 960
804 905
17 154
1012 696
81 860
80 8
20 296
829 414
111 87
819 39
539 469
287 357
157 307
1134 1073
32 271
849 639
62 50
486 453
559 1207
86 476
91 24
164 65
30 43
372 83
461 1159
777 358
374 52
175 61
984 1149
32 391
663 790
541 936
1049 382
117 582
1313 766
1185 1009
87 74
826 1333
302 329
1034 339
138 185
76 56
91 324
1190 917
1241 303
775 439
1071 1079
761 630
468 1015
1104 285
1009 1005
1284 695
51 176
570 1086
348 1231
1257 232
181 537
922 371
73 40
36 16
155 792
408 1264
1246 263
971 1008
272 77
854 625
871 883
1243 886
668 872
252 535
605 771
15 5
72 407
564 437
77 395
799 788
169 652
365 352
110 478
37 875
848 1050
2 482
529 1093
211 1053
127 177
159 120
51 90
411 311
86 964
437 220
213 544
1322 320
207 606
82 6
751 596
898 278
745 43
515 1164
152 966
218 204
146 397
802 1254
89 576
948 486
37 21
438 971
665 637
300 763
1182 246
1329 573
236 98
1303 669
52 63
461 194
905 939
232 1270
390 833
1307 1309
844 687
970 383
679 664
473 360
512 917
1033 416
355 1141
323 276
509 990
317 806
102 259
986 1278
5 20
350 1314
14 141
557 724
896 1170
1184 375
86 975
175 197
755 684
1277 758
503 570
678 511
110 148
173 1035
46 38
824 804
38 338
222 675
1000 50
56 14
121 190
863 303
65 507
801 809
526 946
927 482
48 341
918 240
238 248
903 890
345 371
635 924
141 891
112 1083
933 900
85 209
1025 745
114 149
76 592
858 955
19 25
561 621
193 118
734 752
1232 923
1226 867
935 1294
1145 530
206 223
1155 382
6 104
841 483
993 582
380 874
1199 1150
178 698
409 568
485 119
191 9
192 289
121 22
797 739
6 48
54 27
297 579
283 457
672 99
25 345
755 1152
587 493
98 937
84 226
122 104
996 1216
1160 1236
714 439
1029 1046
6 1124
441 602
391 630
526 782
452 267
42 1304
84 400
255 447
359 474
122 601
1289 980
89 1204
1126 397
1296 145
1321 568
176 253
125 71
514 11
213 60
159 243
1118 1081
44 352
118 275
720 98
118 55
385 365
114 749
339 373
878 379
21 217
58 684
30 27
265 328
52 5
563 336
629 783
1157 652
163 83
781 186
156 60
136 843
8 409
148 627
823 821
276 609
127 97
343 154
123 401
39 22
1163 1187
230 701
102 270
514 516
928 110
385 522
1193 870
343 1084
84 503
277 270
120 201
226 501
85 132
158 445
543 124
622 1209
5 4
59 454
716 3
507 921
647 1056
695 1133
30 123
3 27
241 212
83 358
1075 65
87 244
585 121
266 252
495 469
96 108
130 16
839 753
991 769
635 695
441 506
1300 693
396 772
86 20
469 586
996 763
98 8
20 644
701 747
528 305
53 93
423 235
297 1002
986 476
658 576
822 364
98 110
50 204
477 1183
900 940
626 141
194 129
355 740
832 371
571 444
280 421
311 94
935 288
41 20
37 182
609 670
288 292
1248 251
103 294
703 701
1082 1255
38 169
46 332
201 206
284 111
241 480
824 1198
49 68
356 271
240 183
78 562
12 16
793 648
224 1045
196 92
383 290
1203 530
1000 1233
334 379
651 612
1148 874
482 622
664 628
11 1042
706 1227
871 224
900 617
11 377
74 139
100 257
1266 1200
778 345
1311 333
607 100
7 14
556 1165
203 648
171 1082
1201 601
1327 49
754 734
511 1065
376 111
798 200
113 81
968 580
387 130
1224 746
529 75
234 1106
9 32
1051 919
314 1074
191 235
908 555
199 196
962 1331
824 850
641 656
740 1279
1080 882
168 868
276 202
459 368
1023 498
370 540
526 181
574 529
746 148
825 1173
538 549
452 680
995 1108
144 121
1058 255
909 1011
656 726
473 552
269 159
118 221
553 1214
907 527
665 766
1004 498
40 117
92 137
9 103
221 646
842 531
899 379
572 1332
517 1225
14 22
542 79
1230 873
796 595
750 225
210 178
270 399
193 1168
1043 447
549 992
409 660
751 886
1200 1260
134 125
572 32
1111 559
136 35
97 545
653 620
562 677
198 76
1135 10
207 34
446 106
48 297
552 1040
129 113
603 764
627 767
871 910
276 826
346 301
461 811
360 650
1018 472
1014 14
106 66
1182 1252
150 121
1110 848
81 692
597 161
155 265
670 689
725 60
488 1228
155 34
615 499
500 491
700 312
1094 448
493 978
789 1028
338 758
67 13
1189 269
178 369
1109 88
780 737
87 1063
1280 175
938 945
375 523
852 765
814 61
856 718
1073 285
713 437
671 603
1317 279
178 181
884 1029
517 155
23 81
967 72
607 743
209 393
1100 572
3 2
798 1044
328 1016
432 881
733 187
428 389
45 39
1019 856
896 799
29 998
1253 613
538 516
387 431
898 915
739 137
949 1210
453 1328
442 270
1177 1023
366 71
263 367
931 807
479 512
169 688
1283 621
180 468
1054 624
305 440
360 284
107 167
1013 625
800 68
622 760
152 230
335 594
1 47
307 925
371 404
125 1282
177 336
537 802
327 682
643 137
314 419
1297 393
66 588
706 1151
375 341
100 694
591 525
18 524
301 70
65 3
86 498
850 1272
97 14
1208 680
118 189
941 102
826 1335
1218 455
87 237
33 116
263 857
346 1154
1319 55
611 375
427 243
959 878
70 403
399 816
1119 625
1128 484
929 984
86 557
61 203
797 817
845 784
1037 425
559 709
4 351
1020 1196
885 897
361 195
9 115
508 353
441 494
1153 214
668 1048
911 788
2 1
751 1113
46 1072
479 150
619 464
807 1098
635 712
914 919
78 19
260 1235
1107 948
639 171
759 188
349 776
818 1064
813 236
14 23
870 985
50 1131
435 135
2 18
801 735
1150 222
200 33
350 977
79 147
1276 228
247 258
29 69
180 29
113 605
804 358
1293 693
448 88
634 237
256 200
1039 121
104 1077
579 932
282 947
56 1298
455 1036
380 290
13 8
147 308
284 913
88 100
830 629
321 77
119 1115
5 31
381 364
14 649
471 477
39 40
287 734
390 35
264 1195
225 30
624 332
262 429
1138 1247
1197 140
83 499
13 85
580 245
897 1179
311 394
744 773
56 195
988 627
930 660
364 1117
138 117
384 336
400 633
237 914
13 972
554 687
279 117
55 952
463 42
20 268
26 23
18 35
513 341
1081 153
892 519
1192 542
821 741
965 844
950 637
21 1122
437 727
963 1286
1268 228
96 5
314 496
406 410
294 484
246 1021
99 102
57 318
142 362
151 19
515 324
815 909
1249 1234
168 73
