2420
12 7 11 1 2 7 6 1 12 2 5 3 8 3 10 7 3 12 12 7 2 8 11 6 7 5 9 7 11 8 9 2 3 11 6 4 6 4 8 9 5 12 11 1 2 12 11 9 11 2 3 4 10 5 9 8 10 10 6 12 5 2 5 11 4 10 2 1 1 1 1 10 1 3 2 6 2 4 2 1 5 8 8 6 1 9 1 2 6 6 5 10 11 9 9 7 10 2 11 3 3 12 12 7 2 5 12 8 8 2 12 12 1 7 6 1 3 10 6 8 8 10 10 10 10 10 4 12 3 3 6 9 6 5 3 11 1 7 6 8 8 5 11 8 12 8 1 6 6 10 2 1 12 3 2 9 4 10 12 6 4 5 7 9 1 1 7 1 7 1 12 2 5 11 2 8 6 6 2 11 3 7 3 2 9 5 3 4 6 2 9 9 11 7 5 11 8 3 4 2 3 3 8 12 1 9 7 7 2 12 9 8 6 4 10 6 12 12 9 5 5 10 1 3 4 9 2 11 11 5 5 2 11 12 5 12 12 3 10 1 3 6 12 8 1 9 6 12 12 2 4 5 11 8 7 3 4 12 5 3 8 9 8 7 8 4 6 7 6 7 11 12 4 11 12 5 11 5 8 11 6 4 3 5 11 9 11 3 9 3 9 4 12 8 2 7 11 11 6 4 5 4 8 9 6 7 5 5 11 12 3 8 3 9 12 2 9 2 8 9 5 8 5 8 3 6 6 1 5 11 8 9 7 3 9 12 9 5 8 11 5 2 7 11 10 10 4 11 12 11 7 4 10 11 3 12 5 8 4 1 7 12 9 5 6 10 8 3 2 4 1 10 9 11 9 11 9 12 9 8 3 3 3 12 2 5 4 10 12 7 10 10 10 10 2 4 7 10 10 1 1 2 2 1 1 10 11 9 2 7 4 4 2 10 7 3 2 10 12 1 9 1 11 6 10 4 9 9 1 10 9 5 12 2 6 12 12 8 12 1 3 7 8 4 4 2 10 5 12 1 9 12 1 11 5 10 3 6 10 3 3 6 12 2 8 5 5 11 12 4 3 6 10 10 1 1 11 2 9 2 2 10 1 6 8 10 4 2 3 1 9 9 11 8 3 10 4 7 12 7 3 2 5 12 11 5 5 1 11 5 7 12 2 11 6 2 8 1 7 2 5 3 11 7 2 1 8 9 11 7 8 1 12 12 5 2 8 1 3 6 5 9 10 11 7 7 4 7 7 10 8 3 5 10 10 10 10 9 7 1 8 2 1 7 5 9 9 12 9 3 10 6 3 7 8 1 1 11 7 11 12 7 1 4 4 2 2 2 3 12 6 10 5 6 8 9 7 4 8 3 10 9 12 12 3 7 5 7 9 11 9 9 9 10 12 1 3 5 6 9 4 11 6 8 8 2 8 2 9 8 9 11 4 8 10 11 7 2 5 3 5 2 3 1 3 7 5 9 11 10 6 7 8 3 6 4 8 6 5 5 1 1 7 4 1 4 2 11 10 11 5 6 4 8 10 6 2 3 6 4 12 11 2 12 6 12 3 1 5 11 9 5 4 3 8 4 11 2 6 12 12 10 5 3 5 6 12 10 12 5 6 4 8 7 3 5 6 5 5 10 7 6 6 10 12 6 5 10 7 10 9 10 12 5 4 8 3 3 6 2 11 3 5 10 9 7 2 7 3 11 8 10 8 2 11 7 7 4 9 5 5 5 2 4 2 9 12 8 11 5 9 1 7 6 3 7 4 8 5 11 6 1 8 5 6 10 12 12 1 8 8 6 4 1 9 9 9 12 4 11 8 5 11 6 2 5 1 5 1 5 3 6 9 2 3 2 12 2 5 4 1 12 9 4 12 10 5 12 9 8 10 5 4 9 10 5 1 2 10 5 11 4 11 7 6 5 1 9 6 5 12 10 9 1 1 12 10 9 12 10 5 9 6 12 9 8 5 2 9 6 6 11 9 8 6 6 12 6 2 9 2 2 6 10 2 11 10 3 7 1 4 11 9 10 3 6 9 7 11 9 4 4 8 4 12 5 10 3 2 3 12 3 4 5 1 9 3 2 3 10 2 7 12 2 8 2 11 8 12 9 4 3 5 11 7 4 3 8 6 4 10 9 11 6 2 3 6 8 4 9 5 9 7 9 2 6 2 1 1 6 1 4 8 5 7 6 12 1 5 10 9 3 6 7 12 7 9 5 3 4 5 11 12 3 11 5 12 1 5 12 6 10 8 5 2 6 3 2 6 7 11 2 1 8 12 12 3 8 9 9 11 1 11 2 8 2 7 7 2 3 11 11 12 10 7 2 3 1 7 12 8 9 6 12 4 5 12 10 5 12 10 3 12 9 9 7 10 3 6 3 5 4 5 5 1 3 10 3 4 8 6 3 4 11 6 11 8 9 1 12 8 10 2 12 10 10 10 11 4 3 5 9 6 1 5 10 4 6 4 11 1 10 5 8 12 10 6 7 7 10 6 2 8 8 1 5 9 11 8 1 5 12 1 11 1 9 8 4 2 12 6 2 1 10 9 12 11 6 7 5 4 12 11 3 11 11 7 12 1 6 4 6 6 4 8 6 12 7 1 5 10 10 6 10 7 6 10 5 3 8 2 10 7 12 12 10 2 11 9 7 4 4 12 9 7 11 6 10 5 10 6 3 7 3 12 1 8 1 10 2 8 11 12 7 2 3 8 3 1 8 9 9 11 12 5 9 10 3 10 3 12 3 9 7 5 8 11 4 1 8 5 12 10 8 10 3 11 5 10 11 12 10 7 2 10 4 10 11 6 11 5 9 1 1 3 9 1 6 12 1 1 9 12 3 4 10 9 6 6 6 9 10 4 7 11 5 10 1 3 7 3 8 8 8 8 10 4 8 3 8 12 8 8 4 2 3 1 10 9 10 8 5 7 11 11 10 3 1 2 9 11 8 4 6 3 4 8 11 3 10 6 3 9 5 6 2 7 10 4 7 11 11 3 10 9 6 11 3 6 12 11 8 11 7 2 2 2 9 12 4 10 9 10 11 1 7 12 11 8 3 10 11 5 12 8 1 9 6 7 6 9 10 2 7 4 7 12 9 7 11 4 4 11 2 6 3 12 10 2 12 4 3 10 9 6 5 9 3 2 8 8 10 5 1 8 12 7 8 8 1 6 11 9 5 4 2 11 8 3 4 7 7 6 4 3 12 12 3 6 1 10 5 10 6 6 5 5 4 4 4 5 10 7 5 6 10 10 4 5 1 8 3 7 5 6 9 8 9 3 1 9 1 6 10 10 3 7 3 6 10 10 2 7 4 6 4 6 8 12 2 8 11 5 6 3 2 2 3 11 8 3 11 8 12 9 10 6 3 12 12 12 1 5 11 9 3 6 2 10 5 7 5 3 11 2 10 5 7 12 7 2 6 5 10 10 1 7 3 7 10 6 7 2 11 9 10 1 2 3 2 7 10 10 1 12 11 2 4 5 5 10 6 3 7 7 12 7 5 2 2 6 12 12 8 10 8 5 2 9 12 3 7 9 4 12 8 2 1 12 6 10 1 11 12 7 10 11 6 2 4 11 8 3 10 3 4 9 11 9 5 10 11 4 10 2 3 6 7 7 9 12 4 9 3 3 8 12 5 1 1 9 11 12 3 8 6 7 4 5 7 12 6 6 7 4 11 9 1 6 4 9 9 7 5 3 2 12 2 6 4 7 6 2 10 1 1 4 11 8 12 5 12 9 2 6 12 1 3 4 10 10 12 10 8 9 1 9 12 6 7 4 4 4 5 2 4 10 9 6 5 8 11 4 4 12 2 8 4 4 11 5 1 3 7 12 11 11 9 2 4 7 5 12 2 2 5 10 11 1 3 7 12 1 3 7 5 4 6 8 7 5 5 11 11 11 10 1 9 10 2 4 8 7 7 10 12 3 11 2 7 1 8 6 6 10 5 10 1 10 9 11 6 5 1 4 3 3 4 3 4 10 11 12 8 9 1 7 12 11 8 6 3 7 4 8 5 8 9 9 5 6 12 3 10 12 6 5 2 2 11 6 11 1 9 6 10 1 12 1 11 11 6 1 5 1 1 1 12 9 10 9 2 1 11 4 12 4 12 6 5 2 3 7 3 3 12 12 3 3 12 5 1 9 5 10 10 9 10 1 6 11 9 11 11 7 2 11 11 5 8 7 7 10 2 9 4 5 12 6 8 3 10 12 11 6 9 12 3 7 1 8 9 9 6 8 8 12 10 6 4 5 4 2 6 5 10 9 2 9 6 9 3 3 8 2 8 9 5 2 7 9 1 3 10 7 10 5 10 7 10 5 11 5 7 8 10 8 8 11 9 1 11 11 3 10 4 3 6 9 4 12 5 9 7 2 7 4 6 4 11 7 12 1 12 6 1 1 6 8 3 2 9 1 12 11 2 8 5 8 4 1 11 12 9 5 2 3 1 11 10 3 6 9 7 9 7 7 9 12 3 11 5 3 3 8 5 8 3 10 3 6 2 6 6 10 2 11 4 2 9 1 8 6 9 3 2 7 9 2 10 3 4 2 5 6 10 2 2 4 11 8 2 4 5 7 1 11 9 8 12 9 8 12 3 8 2 8 3 2 10 12 5 1 2 1 11 3 6 4 6 8 3 7 11 12 5 3 10 5 10 1 2 5 12 8 1 1 7 7 3 4 6 11 9 11 3 7 5 9 2 3 4 4 9 7 3 6 9 4 2 7 5 7 11 4 2 3 9 9 9 3 4 7 5 4 5 7 2 2 7 3 4 3 11 4 9 5 9 5 9 3 3 5 9 2 8 11 8 8 11 9 10 6 3 2 10 11 1 11 12 11 6 3 1 4 7 1 12 7 6 8 9 8 4 6 1 12 8 1 11 10 9 9 3 11 2 4 1 6 3 1 5 12 3 9 3 1 10 6 8 7 6 8 2 9 1 7 8 12 7 11 9 3 7 12 5 12 7 5 6 9 9 10 12 4 6 6 4 7 12 11 1 5 11 7 1 11 1 1 11 11 11 7 5 9 10 9 8 5 5 5 5 2 6 5 9 4 10 12 10 1 3 11 5 1 5 10 11 9 10 1 11 12 12 3 12 9 3 7 5 11 4 2 4 9 6 12 12 7 12 2 8 2 4 4 6 12 1 8 8 2 9 6 1 12 12 12 8 2 11 5 12 6 6 4 2 3 7 6 9 6 11 8 11 2 12 4 1 4 12 12 6 12 9 10 11 8 2 10 1 4 6 4 9 11 11 2 5 6 11 6 11 9 1 2 10 4 5 10 8 8 1 5 7 9 2 9 8 7 7 8 10 12 12 6 3 10 12 7 7 10 12 6 7 5 7 4 8 3 6 7 11 10 3 9 7 5 6 2 3 4 2 1 7 1 10 1 2 9 8 9 7 11 6 5 3 12 8 3 6 5 9 4 3 4 5 1 12 2 2 2 5 3 2 3 7 4 4 9 12
1791 330
2303 512
194 633
825 213
2360 410
472 722
1632 469
279 1815
81 28
1567 1598
278 273
596 165
1321 884
304 667
1319 990
380 1611
775 170
250 1387
118 372
840 804
19 73
317 271
380 236
16 88
131 411
1232 1356
1209 1696
382 1255
1344 1695
1761 1319
2039 1375
1251 144
1527 2393
310 1413
1291 417
95 124
466 1017
386 1581
237 261
2057 792
711 316
1 10
26 1951
438 58
669 1403
482 122
436 222
24 960
1689 1498
1361 452
1394 1979
121 260
282 56
135 14
46 226
460 497
462 763
578 125
54 2113
2024 2264
912 748
205 1515
1759 625
1336 2237
57 187
1126 274
447 797
193 789
240 294
838 498
2349 315
724 1268
1552 143
98 217
2285 1443
1347 1271
503 1373
1161 439
20 21
2127 2064
170 2154
1703 1636
2102 20
42 702
1530 1281
1848 114
2167 1529
1153 1231
2056 2191
971 2034
210 134
76 120
211 2333
822 857
462 246
2055 1959
1218 1756
430 654
139 532
338 1137
1719 55
508 617
2277 457
1055 1970
954 116
1863 87
341 1649
92 2407
18 65
9 1864
670 1345
1537 1481
1193 604
1478 724
555 594
71 545
390 1407
1567 635
2042 2016
506 704
1406 1638
913 415
564 464
1832 1685
146 542
251 371
413 605
1179 97
5 38
2130 1951
533 210
548 2234
196 302
890 1051
156 329
1425 645
1712 1059
265 366
755 565
270 173
1320 1405
2374 1166
2108 707
251 1957
754 173
378 2301
956 59
147 721
413 193
298 1262
746 753
2242 2306
177 298
197 223
185 42
2058 2003
648 602
1210 1203
1045 2408
1248 1995
691 407
339 961
482 2205
49 424
129 1269
111 47
406 1618
602 620
12 80
10 17
312 2140
869 1994
1173 226
549 546
1 2353
241 959
964 2112
988 1809
2365 1597
2022 1263
765 2010
273 1865
522 1402
1907 1949
132 17
491 1111
1519 1588
69 128
568 618
1950 834
332 1650
318 1694
203 430
1135 2049
275 1283
895 538
1843 35
1827 2071
65 250
1378 1086
729 501
279 141
2273 1515
30 419
2005 2155
313 1326
103 117
1975 2180
64 60
455 544
274 2247
1088 1881
569 97
536 582
1524 2131
363 1039
1658 1644
762 711
1770 2380
481 2008
325 743
2053 2062
222 401
1341 1022
420 451
2419 1512
162 112
304 2083
398 866
1888 1512
2110 527
2176 613
1208 1253
93 263
200 81
2027 1534
121 1376
725 865
1416 945
506 1560
1184 1289
59 484
1701 1891
2014 1057
1803 536
958 24
1177 862
419 1142
854 1278
899 2181
190 1342
2286 1724
786 1855
1514 1589
849 477
97 495
618 889
1293 936
1781 272
1253 2352
766 1047
140 441
327 95
1631 227
1130 2024
43 1217
1039 1076
1287 307
716 2145
464 1167
2153 2085
1343 942
2157 831
593 1634
1228 346
81 229
1972 718
2147 1733
30 239
392 911
205 523
612 2322
2212 1000
1863 2327
860 591
793 1087
2043 1126
420 74
53 1824
708 453
362 355
677 2089
989 1551
2412 1638
236 255
394 1124
1454 1136
2248 2187
135 173
1053 589
1714 29
1485 1312
1131 18
642 1600
1647 783
269 1072
166 2152
292 1182
1561 600
11 304
1725 1363
1787 2004
444 192
1872 609
2086 1588
833 1360
1492 340
272 5
146 1779
2000 702
2238 174
201 211
1128 119
595 132
1327 1654
1507 1670
133 224
673 390
226 503
752 1215
708 809
312 662
719 497
855 363
2219 1645
345 1042
610 220
196 1113
1599 955
475 338
285 431
513 2007
657 1381
2046 1903
119 175
760 368
1606 1226
1230 425
1168 2036
320 201
1952 2403
292 650
1846 2284
292 224
2081 2370
2275 484
1465 1093
337 243
663 6
542 2220
343 1290
1313 1889
929 475
602 399
1340 207
1116 1455
1836 880
1329 643
1379 1448
1392 2195
172 983
9 8
44 195
583 1016
67 653
80 1796
254 222
751 1263
459 70
119 818
1830 2229
147 989
1718 614
444 1752
224 565
31 19
837 743
567 277
1931 834
2363 2305
952 1366
831 328
2023 2416
2099 706
333 110
1088 903
2260 215
1830 2202
681 212
1186 957
93 918
728 1243
2030 2025
68 30
71 9
41 42
1116 497
1357 793
513 1189
1861 1833
59 41
183 208
456 1143
482 777
509 1309
982 1418
98 734
289 1069
1144 953
811 973
52 1429
1829 945
1067 632
1126 1746
584 820
1077 268
34 8
292 936
504 457
103 40
373 50
38 452
211 2095
571 1178
965 2287
115 305
710 1795
1019 77
882 1027
505 1380
445 65
117 258
519 717
1308 255
1666 1558
404 2100
2223 1693
728 1206
2225 61
3 2
1873 1719
12 99
1736 2183
682 184
1788 2296
862 325
130 814
508 329
518 1882
607 446
1302 921
76 893
466 23
854 561
98 182
1463 421
177 40
1477 1677
273 909
857 922
992 414
402 408
1491 1910
1384 1943
2404 1061
1758 832
208 1633
1954 386
568 1919
1383 1315
1324 535
2079 1700
1823 1127
2398 1295
166 153
619 828
669 505
89 19
477 655
1846 1942
21 1132
455 247
817 128
969 500
2293 2
1028 1135
1929 1060
145 1475
1187 530
631 432
54 630
916 382
835 877
457 224
375 292
586 473
45 28
1436 531
1697 725
932 708
812 513
2355 864
1237 1045
364 465
709 47
2282 2161
1034 1526
916 1556
807 193
596 1958
458 625
2401 1796
1895 1216
216 367
1804 898
1703 2231
1574 1741
1009 1456
427 182
220 1776
1092 292
1233 2244
4 966
1395 226
298 342
445 1772
251 113
258 1336
1548 977
593 243
492 171
100 247
156 1857
1313 2228
1338 1215
710 669
656 524
993 1025
1945 1900
91 25
1353 2032
570 463
192 2221
1961 990
131 52
183 1934
831 1073
436 1706
92 29
409 687
506 635
29 334
1431 253
2171 1020
826 656
1450 983
1248 2094
2132 2295
690 6
1948 2088
351 732
1767 1276
361 2148
58 313
1110 626
2235 438
307 524
143 164
1246 786
858 443
696 2158
2103 1620
96 119
670 1486
1163 493
2261 320
1011 2038
238 1140
87 395
1637 555
522 706
199 151
1964 1471
504 761
563 1971
95 122
2325 2378
1813 867
570 808
501 614
904 1789
2146 1607
640 944
543 440
239 841
867 59
129 547
704 1948
39 361
1117 45
402 340
326 1717
7 13
160 242
48 2091
30 1639
553 421
1409 1430
319 1350
1386 1514
943 282
1372 774
612 697
526 1200
2197 91
930 2337
147 143
416 945
1790 801
390 2267
352 609
396 156
219 25
1982 2061
99 488
1239 595
812 997
478 1045
594 2291
777 1629
774 2151
57 47
584 319
437 774
1082 2214
1488 2387
33 1766
2263 2312
770 462
1401 649
1354 2134
1471 225
1565 502
57 2390
26 297
24 1184
1926 1982
3 20
923 2369
404 1925
176 1716
649 1122
201 429
2097 1170
908 1273
1863 1876
1673 216
26 2346
1137 1617
440 898
972 1747
1906 2162
182 1085
6 716
718 544
351 458
37 352
1440 542
1544 2396
2065 1162
3 339
773 347
231 456
1856 407
1738 593
129 448
729 737
624 461
311 64
217 1674
530 1783
1871 1378
685 883
74 2338
1536 1870
1587 684
570 2259
1698 1621
94 518
1831 1282
480 309
236 1325
670 1723
833 650
1441 1349
219 2129
1679 756
756 1858
1199 1495
36 30
123 664
571 240
888 1000
1794 111
402 1026
2226 1450
1005 112
1415 439
806 624
2016 1709
2385 1640
567 1912
501 1907
545 1181
1924 1613
1317 1806
435 161
2359 1897
3 93
568 1554
20 2304
1 61
2123 297
1133 745
308 364
403 1786
299 89
674 278
80 479
43 460
880 574
501 268
1468 1083
584 2361
1453 587
1052 280
888 528
2345 1859
1559 739
1908 975
379 884
661 163
1487 312
1238 55
2114 67
1484 330
1744 77
624 1644
198 106
2081 7
832 772
1180 961
1363 1211
722 758
1862 1966
2193 715
463 684
834 1709
358 231
1880 1459
1595 1513
1130 2394
782 730
312 406
1054 505
497 554
1008 484
603 1108
33 13
21 79
104 142
58 38
1541 1613
1424 88
119 318
1364 1268
2218 1820
140 1503
1107 796
623 220
481 707
233 1529
1517 868
1118 1563
293 43
579 1807
168 244
1482 903
1337 1247
436 2192
425 198
74 209
1937 2243
897 1708
1174 1411
934 302
1419 91
1938 1581
395 1740
900 425
529 487
133 34
2253 67
141 360
562 123
8 1224
686 576
1433 851
99 404
4 6
802 874
397 606
206 1151
939 72
1375 2173
304 1787
1596 2107
767 98
923 1446
380 647
23 41
1466 1288
873 611
731 486
1604 379
959 2013
1765 253
35 32
844 788
487 357
1407 1510
1014 1248
859 1564
343 26
985 1074
2028 1453
2272 1864
1371 1254
636 146
2358 736
478 373
539 498
1524 693
1149 892
1445 2204
1026 1797
470 1885
2397 2288
1268 1693
1593 2266
1049 1213
1851 1608
886 142
643 1462
1007 540
94 2292
750 1542
1875 463
38 49
1735 1592
39 1980
1434 1327
2118 1792
23 321
908 1127
283 1643
2115 949
820 1032
1940 546
1843 1868
1877 1692
2047 1113
1297 1155
1028 197
2307 1309
784 1603
727 1209
21 1833
365 953
1769 532
515 356
341 1601
960 1444
1106 945
1322 319
2366 2176
1390 1129
1037 1502
951 737
436 1083
1169 687
2413 968
110 341
736 548
2386 1420
2035 2004
149 1332
708 890
364 2341
1814 96
498 98
1040 2122
1093 37
2344 173
2053 910
2256 931
1099 950
791 637
596 974
1421 58
1275 2334
267 632
819 2372
1298 1963
1528 1265
1665 1495
778 733
1309 1625
1165 445
1091 1066
1426 369
1737 1372
2066 749
640 750
2125 685
784 435
313 2137
145 140
1012 1835
158 1277
759 672
390 1785
2310 726
354 683
1715 2135
843 410
111 999
760 795
1651 1
215 1459
787 185
306 1432
980 640
780 234
86 3
474 120
626 660
795 1070
1724 1513
1300 1544
1590 412
579 2335
271 1684
2236 1972
1775 199
1082 484
217 221
1757 712
2199 2050
1044 689
1625 1933
798 1292
667 1820
584 626
1993 1024
2271 1011
1397 430
1560 1866
783 1068
192 2406
1899 1150
2417 77
643 1257
1311 1185
88 381
28 18
396 941
1160 561
1561 2399
919 1130
77 64
12 140
592 1170
614 1960
129 253
405 175
91 1978
580 410
416 369
1274 2064
675 177
2368 1640
113 129
846 2320
210 713
1602 1410
2080 2023
780 1240
994 244
2143 1100
483 1316
52 55
1655 1390
492 521
1315 388
2069 1584
68 126
489 982
222 123
299 1683
1198 1078
46 1860
771 766
1226 582
469 288
1072 1354
846 130
41 44
1507 427
192 228
1112 689
264 253
588 262
717 765
276 140
1742 640
405 615
355 608
1065 340
243 9
1514 2254
657 265
467 57
2221 2348
500 420
1120 2196
839 303
601 1385
572 20
2257 1259
146 1157
1711 1443
495 1078
876 3
1488 799
554 1155
1913 206
864 695
1355 1268
17 84
619 2098
184 231
1303 1754
64 685
543 1333
514 138
1983 648
494 671
197 428
32 1013
1028 1055
924 2001
658 733
169 128
95 212
2240 676
1481 1447
237 1282
926 569
582 1134
1508 782
831 861
246 286
2051 996
999 2101
2305 177
316 369
1093 2189
526 339
1586 503
955 798
646 930
995 2414
121 90
869 675
1367 1438
616 30
872 1004
827 147
409 372
177 450
831 1641
1727 275
1916 683
1374 539
154 1377
976 660
1657 552
889 1214
1700 281
354 604
83 4
529 965
105 233
2 4
379 68
502 276
2224 42
1620 142
757 1389
2357 160
1458 75
770 835
231 1892
1384 1144
2323 2245
256 557
665 419
44 1640
694 427
401 2222
1911 251
1729 1523
91 118
731 995
88 113
2186 1178
1538 606
621 400
1470 178
2329 1931
543 1125
1897 1852
1682 583
1745 342
1156 1597
933 14
854 1540
377 850
309 346
1998 579
1476 746
525 524
395 1572
200 714
715 701
1396 1168
16 85
1042 1362
405 724
237 238
325 93
2136 851
353 319
39 138
2194 1333
458 1242
2297 2271
1348 1041
2201 1358
14 8
2262 1908
2269 2244
1667 2308
1043 2156
2405 1292
1594 1157
399 1883
336 246
26 70
1236 560
715 1593
801 621
204 1172
442 473
848 244
1816 422
196 65
2 12
433 891
123 481
1123 2316
1774 68
1221 901
472 43
207 120
288 1306
390 509
391 730
999 2375
836 1447
1937 373
5 4
281 74
628 449
185 283
1455 1681
97 303
151 121
1071 586
1784 458
236 5
65 112
1736 931
829 115
30 726
1936 1812
1607 350
2160 1756
507 1060
394 1676
43 8
2339 1898
1848 2009
646 145
1726 677
832 988
642 594
1990 938
1817 913
1944 263
2109 304
233 1300
1762 900
1227 1975
103 246
165 896
1702 667
1404 1314
357 257
1569 1118
1437 392
133 252
1218 1906
1315 1987
30 8
688 1105
788 45
786 136
322 859
1675 2144
1691 845
2168 333
836 733
633 1265
1539 41
878 763
1438 1715
388 1201
2 2250
1758 1984
172 153
171 1672
1320 1110
432 186
86 291
701 518
993 718
471 181
11 23
975 935
1196 720
1541 383
140 181
2232 1915
1805 585
688 508
175 331
1243 1680
1394 983
1370 1121
226 1739
1449 670
1511 1439
601 588
2087 802
53 693
1821 690
1152 674
1642 1375
254 374
1139 906
1265 1420
1270 272
42 1024
230 8
1578 1536
146 81
700 996
56 742
404 1307
1531 1095
457 852
751 53
1245 1780
971 797
967 131
1583 77
679 97
446 490
486 550
1826 872
474 1545
1274 551
138 579
2070 703
356 50
747 524
1400 69
470 154
1855 2120
339 672
480 1296
2149 864
16 277
805 303
141 82
1208 1058
1658 1749
1304 1018
1574 569
1235 1049
10 952
1686 2279
767 1562
2044 1304
34 972
522 44
73 116
768 664
697 1094
147 190
148 202
391 154
2389 1294
1532 1535
1303 160
90 203
1318 700
1474 1128
1630 277
380 1705
240 312
2379 1366
2057 2059
1838 1403
27 493
1753 1209
1771 2384
643 15
1262 1669
1308 1648
863 679
106 1435
1686 1079
796 284
1171 34
132 284
1406 1249
1608 1317
655 723
2073 262
1285 989
414 214
248 237
850 1229
227 289
1399 39
576 1252
681 1668
1351 421
1197 418
1497 512
1108 2319
728 360
867 1233
461 1930
134 269
1264 363
1966 2203
3 8
2178 150
1207 546
165 1109
2026 509
398 668
541 531
1276 511
1471 1917
506 200
669 1692
1136 1926
1527 804
670 501
1275 1294
842 568
597 637
129 561
407 397
946 605
603 487
519 534
926 1119
487 1967
1012 452
379 494
77 794
1059 696
512 253
1962 1252
2138 365
1874 1815
50 1298
1414 1063
879 1504
52 310
1220 924
18 1423
1798 984
1018 1017
1010 718
1561 1946
368 354
2198 1795
1989 127
1365 1297
558 127
266 1241
1302 1469
969 1185
810 391
2126 236
703 250
369 923
233 2315
393 613
957 1048
141 234
454 659
1754 2395
1653 161
527 1145
1974 1750
1230 1286
1422 42
30 37
1063 1500
237 426
36 62
338 141
295 845
218 17
1299 154
22 3
721 2011
21 54
864 1452
574 924
146 2331
1135 1162
359 440
1490 1300
384 306
418 405
496 1480
1349 1580
263 513
1121 391
738 435
101 35
161 71
1090 815
984 1382
614 1409
222 266
901 304
1730 1232
585 328
692 790
1945 2391
2040 1455
129 537
520 274
1560 2067
2311 2248
2060 1528
1288 1473
2092 1097
538 1464
1442 1262
587 61
311 423
560 239
674 1049
537 925
1102 1168
393 1176
1183 844
250 1664
60 58
1506 1981
107 114
1790 2313
1256 1947
149 735
1203 304
879 805
1748 770
265 1386
2045 1453
43 1800
856 101
758 962
2128 2031
1928 320
95 434
1064 1536
84 183
1614 1220
1701 658
19 170
13 1764
15 69
516 273
430 573
1244 870
1685 1684
882 157
472 1782
449 306
785 2172
1777 1549
1218 1161
1136 1003
528 274
312 511
538 407
148 2347
1914 1066
363 1992
485 638
240 117
313 1035
765 1301
1811 2325
1120 850
1477 945
1129 1770
91 1323
240 1451
1138 230
645 107
89 227
131 178
44 130
649 1923
2354 1737
1996 374
256 89
1239 1768
74 36
220 19
526 942
510 2050
227 1353
113 201
1788 1193
535 1626
556 2006
16 800
71 383
915 216
698 1886
2142 2246
1242 1305
1022 929
1501 1345
1990 2274
1519 52
2169 1548
1920 358
1659 1195
1717 2170
461 1314
1146 886
816 774
37 148
76 136
598 301
247 314
1570 1621
337 712
19 29
289 365
443 1921
1879 183
2015 721
285 2410
1280 1553
41 197
875 256
27 5
1008 1844
786 1896
515 548
288 1571
977 908
441 1009
19 1295
1977 512
1261 347
107 89
1033 1097
404 1147
159 13
822 174
322 499
94 639
811 445
394 246
926 1175
2289 2157
1935 1923
2132 176
47 363
1840 1738
1755 261
2210 561
153 324
897 2177
3 1284
1610 1267
1114 110
762 1818
1100 549
762 1056
1417 500
2245 1618
239 815
1572 2336
1421 1439
232 265
194 308
128 2364
764 494
728 781
799 353
1088 1312
697 2314
527 2213
23 2159
209 830
1394 1867
1237 1467
303 397
724 798
547 1605
279 350
576 2005
905 964
455 1191
632 739
9 100
1811 1183
1033 787
350 897
1549 817
1920 2084
312 433
2052 2340
2343 3
1846 131
1379 1234
231 1279
1914 1997
347 963
2222 2268
1704 348
155 382
158 88
1479 733
590 468
1450 1624
2288 1538
39 17
105 45
994 1375
1349 484
804 572
2068 923
522 745
1516 1300
1453 2019
370 93
410 612
191 1164
687 870
1842 42
275 1852
1040 289
185 296
27 359
56 67
1051 1158
431 546
274 6
1960 2402
966 981
1081 1194
556 698
266 345
583 253
215 627
89 295
1498 507
1216 270
306 756
651 528
415 257
193 2012
1067 1346
26 344
1493 187
82 44
998 73
206 106
1028 1037
290 173
193 41
118 1103
280 644
1812 905
694 2371
1520 746
446 262
1392 720
496 112
1362 1751
917 1847
1310 446
1043 769
1086 53
1778 1245
1491 1361
834 2077
1080 681
1000 1388
1771 1327
1046 1393
1850 683
1062 1281
405 1969
572 1061
819 1550
1036 524
1663 1802
151 156
990 79
1030 562
1222 2082
1518 1448
181 692
931 226
2184 1208
268 454
199 213
501 700
223 301
1909 217
75 64
2276 1817
1003 814
1214 1576
461 295
434 906
657 1837
779 1573
1115 1066
641 1898
1927 1666
910 105
484 902
1688 1553
534 1001
108 1760
1795 2328
706 987
72 1732
22 2072
1939 1448
1227 1179
1890 7
1663 956
348 766
19 378
997 1029
622 172
1570 998
787 2141
1750 988
79 102
1096 924
533 552
1106 1623
81 1904
1024 1204
1678 1999
143 46
2182 1578
340 170
1616 1307
2217 1762
1513 854
1339 2324
2 1
2003 419
27 792
218 1190
1192 2020
363 1965
1537 2106
501 1079
1162 1317
492 1968
1827 1786
401 2208
1167 1959
1142 2321
1887 1902
1141 329
108 97
31 72
102 921
287 322
46 104
613 649
288 33
689 161
123 54
885 244
1499 15
1241 2119
139 1250
383 986
36 355
2420 2191
529 1245
102 2317
1956 1407
24 12
577 984
1652 45
129 887
481 894
680 207
2105 2026
4 1154
996 1330
1419 1636
66 40
908 40
1391 412
5 15
50 1247
1063 765
2227 436
236 1150
275 84
112 184
1675 1391
1060 2165
1662 2104
662 1986
400 126
512 1819
2382 1500
124 225
1630 2367
670 1509
519 185
1271 959
577 469
765 1223
176 62
1859 1653
787 1367
681 1662
1626 1687
144 1734
1211 22
447 6
1002 51
235 218
692 1014
523 699
1988 156
1741 1976
80 947
271 20
483 576
760 1645
322 510
2054 2415
773 970
174 2302
1446 1496
386 658
47 97
589 262
186 6
1596 602
1557 1230
4 7
268 246
91 2163
284 978
1433 1973
2019 2242
507 246
194 27
990 1584
1845 982
340 740
2031 1209
1075 1249
1260 1140
66 991
1558 696
206 530
2125 2298
2350 77
720 328
1710 1301
132 192
392 95
46 4
236 315
139 101
824 415
245 326
149 1222
545 1801
2025 201
281 950
456 1575
288 1328
1202 624
548 2037
1489 617
443 262
1763 1068
847 546
199 398
39 920
983 1915
2076 631
7 19
454 464
2356 1628
2177 2255
159 191
477 131
834 740
442 363
269 1192
1072 1219
1359 659
447 1412
2018 784
1408 538
436 1011
801 2418
2241 2019
109 71
180 165
110 551
396 1547
1058 526
50 914
1799 1207
390 235
744 731
752 159
1812 1825
830 1506
1272 717
1441 1660
2085 291
1958 2002
957 416
1887 67
121 1334
1328 1810
2117 168
555 255
591 438
18 87
2249 1763
23 872
937 141
675 1521
106 43
746 704
772 304
158 189
1051 1667
124 453
250 410
470 1102
853 552
332 69
253 1582
1586 1707
781 1678
476 453
189 1878
1619 339
78 6
1088 1234
149 121
1733 846
2074 341
150 160
540 559
399 357
264 821
881 60
94 8
215 12
1288 2166
2185 40
152 376
491 155
262 50
9 2124
2075 1098
1649 2211
483 212
106 1104
71 2377
591 903
2187 1559
41 1952
179 117
1098 195
905 188
354 175
1036 1225
328 20
20 948
1089 183
748 476
579 1275
18 1156
1506 2290
155 3
731 1159
174 36
1129 1828
874 1941
139 280
1483 1234
207 1461
444 2090
36 127
1000 1327
1153 883
98 95
103 385
431 1918
171 76
253 1258
237 216
2206 203
17 153
316 225
1532 1900
517 281
1701 2048
204 48
55 76
1184 1671
152 388
597 335
1375 1722
482 1646
393 505
67 1427
945 1046
302 1095
1354 1522
1304 1903
928 240
198 949
1031 432
1188 1040
1577 1326
2392 259
25 125
1349 2299
1368 152
1862 276
185 1267
243 677
2116 2045
1656 2150
1166 1174
1585 542
1112 1731
1603 1932
705 1568
1041 905
85 2381
2017 770
225 1075
757 298
2265 1994
834 1955
1033 2351
517 563
103 1615
96 273
621 1627
224 319
817 1313
530 1808
581 423
2200 1508
1203 1690
358 1344
935 1834
1505 610
34 287
892 891
246 349
1793 2054
1066 893
51 8
281 1443
2052 1779
1021 689
285 103
25 9
985 714
2373 1527
1294 2400
393 45
47 387
165 17
167 129
339 1398
1280 915
765 919
257 202
2300 453
1974 2263
262 2233
1410 312
16 14
438 2175
20 26
50 48
2216 1141
1027 2041
1849 1266
2021 1397
351 111
315 386
835 904
2332 411
1092 1166
639 1728
236 330
2209 1104
619 262
137 79
1034 338
2309 892
238 2252
2139 1334
2179 539
94 421
706 2388
897 935
163 19
2270 422
348 234
968 272
2093 1657
1543 816
8 851
1001 1428
237 306
1101 622
932 1622
258 1566
1299 1546
23 32
803 695
1245 2023
144 51
1195 1059
823 624
696 130
340 1118
705 379
1954 2190
2078 278
1591 747
60 611
260 599
188 157
868 559
1792 44
222 241
513 640
280 678
1635 250
2281 478
283 1656
587 2326
150 121
483 666
309 308
1523 766
856 1512
2188 1779
916 2133
741 628
1339 864
2330 1786
1131 1369
535 257
1442 1743
11 1991
362 1084
940 155
26 1460
485 476
1664 2383
259 126
37 347
479 1256
108 214
1038 657
18 10
437 255
417 265
1037 2278
782 1148
556 554
1774 1901
851 2294
57 2409
1412 1893
183 1199
205 1533
420 1266
1773 751
566 41
527 2
159 1129
1699 2033
115 52
300 258
245 239
871 469
1661 880
2230 428
1525 174
282 1699
458 785
887 1331
1894 1376
1232 1203
34 53
1709 2280
853 2207
600 1081
249 65
61 90
600 547
261 575
620 917
453 463
2063 636
315 641
2180 2376
94 232
52 21
1562 2029
652 819
422 163
3 486
2046 2411
1121 1123
53 56
979 370
997 1057
69 168
1869 1837
1985 756
48 938
36 267
797 2164
96 19
491 1020
1023 737
725 555
2251 1753
181 1457
87 899
395 2056
2239 608
1071 2342
540 96
1612 1228
802 761
1060 1534
55 1050
1592 95
308 652
1628 916
188 468
708 1853
1252 2283
246 749
1098 1555
629 369
207 1352
989 1884
428 568
245 536
2161 1488
1854 1841
1006 963
271 323
769 174
272 389
1793 1278
2174 1628
195 307
2258 275
309 1922
1839 570
1335 876
790 1720
813 542
42 1579
1259 711
11 2
489 450
2362 1579
128 335
1570 2215
636 1609
2318 1431
120 154
1015 143
216 192
634 449
682 1288
134 42
45 110
1205 94
1480 1721
1088 1254
152 101
676 580
2142 1015
779 213
1841 1528
84 793
95 38
927 877
853 1064
1472 1442
1128 1212
1358 19
40 13
315 403
189 1532
1787 2096
377 30
608 2121
70 1905
45 63
410 1445
1953 368
23 48
157 76
654 783
531 397
740 2111
1494 1184
776 415
723 1830
717 727
24 47
205 147
412 240
398 439
612 695
20 1062
528 574
1713 75
474 907
1822 1169
25 592
