87
4 8 8 3 1 9 10 10 4 1 1 9 11 4 3 3 4 8 11 10 12 9 6 9 5 11 10 11 5 7 9 12 2 4 3 6 5 4 8 8 4 8 8 3 3 11 9 11 10 12 12 9 8 5 9 4 7 11 3 11 5 11 11 6 7 5 4 3 8 11 2 11 10 10 5 5 12 2 3 9 5 2 10 12 11 6 7
81 80
48 47
34 33
15 16
11 10
83 82
47 46
35 36
40 41
76 77
58 57
72 71
3 2
55 56
9 8
82 81
27 28
21 22
27 26
44 45
30 29
73 74
86 85
56 57
79 78
51 52
25 26
18 17
6 5
43 42
14 15
80 79
40 39
20 19
85 84
75 76
54 55
29 28
61 62
60 61
71 70
60 59
64 63
32 31
44 43
5 4
22 23
36 37
38 37
3 4
65 64
65 66
53 52
41 42
50 49
53 54
49 48
69 68
33 32
77 78
1 2
72 73
13 14
68 67
8 7
58 59
66 67
11 12
50 51
21 20
7 6
24 23
87 86
19 18
13 12
10 9
46 45
39 38
62 63
34 35
16 17
83 84
70 69
74 75
31 30
25 24
