90
4 3 6 12 12 12 9 7 11 11 8 6 8 7 10 4 3 10 12 3 4 6 12 4 11 11 1 9 8 4 8 11 6 1 2 6 5 10 4 3 8 12 12 8 10 2 3 12 11 2 7 2 7 6 9 9 8 2 6 8 5 1 6 3 2 12 12 10 1 3 4 1 6 3 8 4 4 2 3 2 3 9 7 9 7 8 9 2 9 2
20 19
78 77
11 12
68 67
28 29
81 82
54 53
89 88
27 28
57 58
73 74
59 60
79 80
71 72
68 69
56 57
44 43
21 22
45 46
37 38
66 67
52 53
35 34
3 4
45 44
59 58
47 48
30 29
24 23
11 10
33 34
4 5
37 36
7 6
82 83
76 77
33 32
86 85
85 84
84 83
81 80
62 63
26 25
64 65
61 60
9 8
16 17
40 41
16 15
89 90
21 20
47 46
1 2
71 70
15 14
48 49
78 79
9 10
42 43
55 54
2 3
25 24
70 69
66 65
32 31
13 12
14 13
73 72
39 40
62 61
38 39
36 35
56 55
87 86
51 50
88 87
27 26
23 22
64 63
17 18
5 6
30 31
75 76
41 42
74 75
52 51
49 50
19 18
8 7
