100
2 8 11 7 11 10 1 11 2 7 10 5 8 9 1 3 1 4 6 9 10 10 9 12 8 12 8 11 6 11 6 11 7 4 10 9 1 10 8 6 8 5 10 7 6 10 9 6 5 6 6 6 8 7 5 3 6 4 6 3 3 11 1 1 2 2 1 6 11 8 4 10 5 1 4 10 3 5 7 11 10 4 5 5 10 9 12 3 5 5 9 11 7 2 3 12 3 3 5 6
47 16
34 35
39 26
2 32
5 43
28 5
8 4
7 10
63 89
72 81
4 44
30 18
36 70
92 43
4 91
17 42
7 29
5 6
46 95
2 27
4 13
66 44
34 40
93 71
44 52
86 4
25 19
50 46
22 2
5 12
27 71
49 12
4 14
24 34
31 3
10 48
8 99
98 88
22 38
16 15
7 11
30 37
24 36
3 1
74 33
52 82
83 67
18 10
67 53
62 29
1 2
23 2
9 24
77 74
54 57
96 35
4 1
29 53
33 84
58 8
19 8
31 97
26 16
68 69
75 46
58 60
10 100
20 2
45 38
78 5
64 61
40 72
50 54
61 56
9 46
80 73
5 4
27 41
26 63
68 59
6 17
21 11
85 23
65 58
73 55
21 76
15 7
39 88
5 7
9 5
55 24
32 79
20 94
51 34
19 33
4 87
48 90
56 3
11 59
