260
7 8 12 5 4 11 10 10 3 5 12 3 9 9 1 12 9 6 10 11 4 11 8 2 2 12 4 6 11 7 4 5 6 7 1 9 10 10 11 12 6 10 3 3 6 7 2 7 4 11 5 7 9 4 1 2 3 4 12 1 2 3 9 7 10 2 8 7 3 6 10 9 7 4 11 4 10 4 10 1 6 6 12 6 1 12 8 4 3 7 8 5 1 9 3 2 10 10 12 12 7 10 8 5 1 10 1 3 5 2 3 2 8 6 8 12 5 7 3 12 5 11 4 5 7 10 7 8 12 6 7 10 7 7 3 8 8 3 2 1 4 4 6 3 10 1 3 6 7 9 5 3 11 12 8 5 10 6 4 9 11 11 10 10 9 12 5 4 6 10 8 2 1 2 4 2 6 10 12 5 7 4 7 5 4 2 2 5 7 5 5 10 7 2 7 3 6 3 11 11 4 10 12 4 11 8 10 5 9 9 9 7 4 7 12 11 9 5 3 7 1 11 8 12 1 6 2 6 12 4 8 3 2 8 11 12 7 12 8 3 12 8 10 3 3 1 2 3 9 8 9 9 7 9 8 7 2 2 4 6
70 18
57 34
91 78
208 139
55 43
150 128
73 58
223 129
26 62
61 143
121 235
62 174
58 28
60 7
113 161
257 199
108 243
163 23
211 87
10 28
180 57
25 51
108 14
7 216
144 138
25 53
92 255
125 5
6 39
133 95
33 54
121 40
232 174
2 5
12 52
26 32
111 186
130 240
65 80
156 88
136 56
12 11
230 56
9 19
1 4
212 211
77 175
87 207
45 31
24 237
218 136
15 3
175 224
154 31
9 22
16 69
38 33
4 16
1 11
3 8
17 50
165 170
52 82
6 4
173 2
69 234
212 221
258 42
78 20
93 48
155 165
6 25
63 9
7 162
20 98
231 43
2 3
2 84
18 47
41 86
103 167
76 74
35 14
181 192
251 185
115 185
86 160
104 59
182 5
9 27
115 97
171 24
99 116
190 110
5 7
205 12
50 68
9 10
2 229
253 162
115 153
236 78
65 51
97 138
12 195
164 145
23 37
141 93
56 166
35 72
259 142
188 84
95 41
64 54
247 3
222 64
17 137
220 17
96 148
83 77
30 2
134 27
66 178
109 99
49 8
239 157
18 8
129 46
228 121
22 252
22 26
85 131
46 151
245 131
176 35
13 8
119 2
172 213
37 112
135 57
246 103
249 185
27 260
21 34
95 105
110 57
139 40
43 32
4 92
128 71
165 189
181 238
18 74
45 117
27 75
64 145
33 24
17 16
114 81
100 64
46 254
103 48
19 59
209 198
26 102
194 20
127 159
17 81
203 256
5 44
94 82
36 25
101 32
5 23
9 3
142 31
16 46
113 206
96 225
87 37
16 187
41 66
31 27
202 39
73 149
24 5
22 172
16 140
74 219
204 179
198 90
36 90
126 53
29 21
123 55
16 71
181 129
48 17
61 85
130 125
105 122
193 177
1 41
57 113
210 33
21 2
120 101
1 199
81 183
115 157
168 242
2 1
5 56
42 35
235 241
169 30
117 215
1 118
117 147
29 106
3 132
124 53
8 14
89 2
177 113
250 71
115 179
203 17
96 48
152 107
72 233
155 29
84 201
31 214
13 20
191 161
40 184
8 158
130 226
67 22
107 58
227 12
196 97
9 61
97 90
21 244
200 58
127 77
95 197
187 217
146 98
15 88
111 65
79 26
16 248
25 99
168 56
29 77
40 38
