540
11 8 6 9 5 12 4 2 11 8 7 10 9 3 12 11 5 8 9 10 7 6 10 8 7 5 4 1 2 12 8 4 11 5 5 7 4 8 1 7 3 7 4 4 9 4 2 6 3 2 7 9 11 4 4 6 12 11 10 6 11 9 9 1 1 1 8 4 9 12 10 3 6 6 6 7 1 12 4 3 5 10 11 4 2 7 1 5 5 10 10 7 10 7 12 10 11 11 5 11 10 3 2 7 12 11 1 12 10 4 2 3 2 4 6 7 2 6 3 11 7 1 9 4 11 8 5 9 6 9 8 7 3 1 2 2 11 6 1 9 10 6 3 3 2 12 1 3 9 3 5 3 7 2 10 5 9 2 6 7 10 5 5 5 5 6 6 3 12 11 3 1 8 5 7 9 4 11 4 12 1 8 6 12 9 3 8 10 8 1 8 10 9 12 2 1 10 11 8 9 9 10 1 5 7 7 5 2 5 8 6 9 8 11 8 8 6 4 5 5 8 4 2 5 4 7 9 1 6 4 1 6 6 1 10 4 11 7 9 3 2 2 3 9 5 11 9 10 6 1 6 1 9 12 9 4 6 10 8 3 5 8 9 2 12 10 5 10 4 2 4 10 7 6 10 11 8 6 12 1 11 6 6 7 5 2 10 2 3 5 5 8 4 5 9 3 2 2 4 10 7 7 7 1 4 4 4 12 10 3 12 8 8 5 2 4 11 3 6 1 7 2 12 10 6 9 4 11 2 7 8 12 5 2 12 8 10 3 7 7 10 11 6 9 3 11 1 5 1 10 10 11 3 9 12 8 9 7 10 10 1 6 9 9 11 1 4 8 7 3 6 4 1 3 1 7 1 5 12 5 6 1 7 8 1 6 7 10 4 4 7 4 9 8 12 8 8 8 7 2 10 1 10 10 7 10 4 8 6 7 4 11 11 11 10 12 8 4 9 12 7 7 7 8 6 7 7 1 6 5 7 3 9 8 4 4 5 11 11 2 6 2 4 4 4 1 7 12 4 7 3 2 6 9 1 11 7 11 4 12 4 2 6 12 9 9 3 5 8 5 6 5 11 9 12 2 1 7 5 4 5 7 9 10 8 2 9 2 12 12 6 3 5 11 3 1 12 9 5 7 2 2 11 4 10 2 5 2 8 2 5 1 12 5 10 7 6 10 1 6 1 6 12 5 8 2 9 7 3 1 1 4 2 3 7 3 5 3 4 4
102 516
37 3
299 503
89 338
102 413
278 265
18 6
182 349
2 5
81 521
331 213
245 386
404 469
369 52
289 135
39 2
5 12
375 338
470 479
345 308
508 247
200 370
498 103
121 37
250 416
439 282
376 124
87 257
497 135
216 430
11 95
3 4
295 200
210 14
35 79
17 28
236 6
181 95
532 427
471 428
109 21
43 275
333 355
318 305
445 496
231 225
291 88
120 40
419 50
308 153
227 97
39 176
71 12
41 540
269 264
130 191
504 419
28 112
323 297
43 8
396 317
256 59
24 33
14 453
258 52
135 59
95 160
21 10
142 213
492 255
8 476
538 67
3 74
51 46
233 277
90 472
420 371
76 123
59 393
382 357
427 537
98 533
332 83
129 203
470 287
16 6
1 2
270 350
70 117
192 79
266 121
340 352
172 135
30 179
180 74
211 262
239 161
186 85
114 230
259 434
108 41
98 141
61 10
265 539
78 64
383 117
511 468
265 287
457 229
325 86
50 167
10 7
315 372
464 60
425 120
421 205
395 251
220 164
157 110
127 89
70 229
82 68
285 155
412 225
40 233
203 248
405 344
296 136
284 106
9 4
63 204
100 97
134 68
114 9
246 163
74 336
1 6
171 48
415 305
536 113
89 82
322 121
42 39
5 27
244 340
172 461
460 393
361 318
151 512
299 98
239 271
403 11
431 18
110 35
9 11
45 31
477 54
224 8
237 87
454 24
90 226
510 360
230 520
53 193
219 95
140 467
69 34
282 327
182 189
374 350
525 336
483 17
216 384
418 13
216 121
92 235
357 446
473 9
32 8
52 6
1 169
147 54
391 134
330 311
466 320
130 337
163 75
111 411
423 254
500 383
47 67
34 178
69 75
108 150
280 36
274 127
5 353
3 15
189 225
35 49
128 64
272 313
65 326
278 333
26 80
293 40
41 356
158 488
24 25
6 259
149 102
192 315
4 98
8 1
347 299
247 360
238 145
304 183
53 72
22 122
265 89
68 309
240 244
312 502
131 130
127 459
93 297
377 140
314 257
342 145
388 507
286 31
489 431
176 324
98 300
63 480
101 140
3 133
27 206
72 270
441 373
387 191
192 211
60 30
63 56
535 420
486 171
490 211
320 190
153 101
509 471
54 166
270 305
380 124
63 70
2 22
64 26
32 58
279 67
144 27
101 47
68 3
45 294
14 23
69 139
276 24
17 8
515 466
74 93
125 28
260 371
203 394
156 214
443 349
57 17
328 145
97 89
57 118
7 148
183 530
257 365
241 195
14 145
66 23
142 298
4 207
146 122
164 401
505 522
13 254
49 385
16 462
117 170
44 42
242 362
199 436
4 19
99 451
302 86
253 53
243 273
272 148
288 141
87 187
389 182
218 45
10 481
398 154
421 527
116 106
505 382
428 373
398 437
178 208
7 46
407 307
373 349
133 348
519 19
36 359
316 48
424 407
368 260
81 194
73 2
212 102
12 106
107 267
364 429
326 456
296 319
13 1
134 136
422 197
170 427
95 495
119 159
83 70
149 452
237 292
232 474
59 119
55 129
162 118
73 260
240 103
57 200
142 92
116 339
334 254
529 217
40 6
18 94
29 24
137 59
126 17
449 295
96 478
506 368
71 81
215 61
82 484
250 2
465 212
261 444
76 249
4 20
86 329
223 117
246 379
468 60
251 81
391 463
82 155
9 410
62 7
317 27
31 351
438 2
3 56
29 38
103 21
364 409
52 76
174 121
40 217
190 78
487 451
148 165
24 414
73 138
2 3
358 113
20 36
320 514
197 56
301 11
85 29
182 404
255 25
435 337
455 10
448 173
96 21
513 455
9 54
113 105
152 158
375 378
98 264
400 122
83 205
433 95
196 77
17 475
485 36
115 7
35 53
39 55
185 166
518 177
531 55
402 88
417 85
66 104
5 7
528 194
367 97
50 87
381 273
175 106
202 93
39 156
148 282
33 50
132 57
34 18
98 432
77 2
177 146
92 74
307 124
65 36
346 104
341 338
399 271
397 171
3 440
88 21
523 91
458 128
51 105
23 102
161 107
90 88
147 335
526 223
113 364
228 223
59 13
311 294
245 95
354 119
281 142
222 110
147 195
41 18
144 261
14 91
390 130
392 112
289 312
151 53
419 442
143 59
188 141
31 20
139 182
321 42
92 183
19 26
158 184
482 60
445 222
209 189
242 70
494 46
473 517
99 77
524 472
51 268
41 344
306 189
151 164
343 71
127 450
137 357
501 175
42 47
35 3
84 50
447 387
283 282
45 124
17 30
24 11
198 87
247 215
48 19
167 426
37 86
252 184
111 78
406 172
243 119
310 152
96 290
152 83
14 8
234 128
208 493
156 232
169 173
499 62
366 69
335 388
154 87
130 124
370 491
179 363
43 199
207 534
221 263
63 201
408 194
85 107
37 168
123 303
186 221
