1000 1000
-157 -141
-144 -52
146 148
54 -29
34 -48
34 18
37 -55
65 126
60 152
-189 16
-128 -3
-152 141
102 -75
-146 102
123 187
-93 104
172 26
-184 48
-74 -80
-37 153
53 -178
80 75
-169 121
180 85
8 165
-180 197
-149 -19
-100 -97
-190 -136
-18 136
-40 -195
103 -190
107 172
-11 -200
190 -10
-174 85
159 36
-140 -95
-163 162
-144 75
10 -120
-180 136
23 -143
87 -150
143 145
-188 135
-59 -105
90 -44
-59 9
192 -158
-184 40
-60 157
-43 105
-143 -185
37 199
48 -163
161 196
153 14
192 -51
-94 -68
-18 -80
41 -126
199 196
175 72
141 20
-56 41
-58 -79
36 21
-121 191
156 47
-194 -142
-184 -54
12 -81
-130 -179
-48 107
-59 -197
-120 153
-84 147
-128 -97
-44 113
-197 -190
-116 129
67 72
-189 102
81 108
4 -121
-132 -171
163 -60
-2 52
-107 -108
106 -182
-49 -48
-178 171
179 101
-112 63
176 -14
14 8
-148 18
1 162
32 96
-47 -60
-48 85
-154 -32
74 -93
191 105
-93 -114
-148 38
-123 -47
21 42
165 14
57 171
-96 147
-66 -64
107 -26
136 -51
-160 56
-199 90
-97 120
164 72
49 33
86 47
-31 147
-113 -32
-43 -155
-9 129
-122 -188
-84 -87
196 142
59 193
-33 -115
150 49
-27 184
31 -161
107 -161
76 -149
-147 29
-55 -51
101 23
42 72
-130 5
180 143
-92 164
-45 -196
-185 93
5 -160
-180 50
132 141
153 70
56 85
-11 -26
-1 -169
50 -187
-56 173
-47 27
-178 141
-199 -3
-144 -33
87 137
-198 -152
180 189
166 46
121 148
-22 49
-128 53
45 125
-111 102
-200 18
34 113
39 -25
178 103
-101 82
-65 92
-175 -7
-90 143
55 15
-40 -95
113 -133
7 -97
62 -165
-197 31
-120 16
54 132
-190 178
-12 -124
-138 43
140 -97
-186 64
174 6
-141 48
49 15
-76 56
116 182
-198 137
59 -137
56 -188
-163 -121
-5 -60
-93 -77
-180 -52
21 59
-31 21
191 -155
-28 95
-144 -173
118 197
62 -196
-174 54
-128 -52
-88 88
-86 -154
-142 -148
159 -116
-9 -88
33 198
169 146
-56 -80
-196 156
-126 -102
144 77
-108 170
-22 1
-39 -162
127 190
-155 -37
-106 112
183 -128
-38 -47
-11 -82
-66 -100
36 -152
54 158
-102 118
28 2
68 56
-25 188
-157 -97
-23 -14
149 100
-171 -78
-114 95
-45 165
175 -139
-79 149
-183 -161
145 -86
-168 108
61 151
-8 -146
-13 -167
-33 63
64 75
153 -87
83 4
-179 30
-70 65
-112 40
-55 5
1 28
-114 75
-12 13
169 -137
-19 -140
45 -57
-79 111
-61 54
11 168
-95 -48
136 172
139 -32
-26 -154
200 38
27 -17
30 -86
-189 137
-185 -127
149 116
120 -78
99 -156
184 193
198 -49
-92 97
-197 123
-51 -42
50 -102
-166 190
-14 148
30 69
-145 13
92 -23
33 -141
189 -136
-101 159
-81 -84
167 51
117 -32
124 -64
1 -169
168 -75
-109 75
-62 -153
72 -185
173 96
193 -77
159 -50
-104 179
-72 -22
-85 22
15 19
-108 -83
-78 28
-48 26
16 200
-184 106
140 106
81 36
161 -32
-136 103
83 61
-38 80
-99 48
138 -37
-45 -26
176 103
-101 22
-28 -81
161 -155
-128 -182
117 5
-63 -96
29 -30
64 -12
-69 -103
189 6
12 75
79 -18
187 -163
102 -57
-26 130
-102 190
-89 -32
-133 -8
12 96
-104 -16
-59 -200
-120 79
-157 -194
-115 71
129 189
22 82
-92 -93
69 50
-17 191
-115 -115
-130 -38
-17 -76
65 189
-105 -3
-68 140
-43 -78
-100 145
87 168
190 -49
-69 37
175 -187
-179 181
141 45
9 10
-99 132
8 -171
-168 -167
-168 19
-176 -84
-117 62
28 -148
127 41
-35 159
57 11
-103 170
-11 -97
4 -71
186 -97
165 182
-90 -74
159 -127
-156 -81
160 -191
-32 -120
36 179
22 160
37 -187
15 -113
-86 186
-78 21
140 178
-8 37
47 9
84 29
-26 94
16 167
-77 -103
23 -109
60 83
-194 -187
-28 -153
131 -198
96 46
27 -94
58 -102
143 -48
-138 -81
109 -37
58 86
-107 99
-148 95
88 158
-193 -96
154 -181
-165 6
-35 -56
-33 -81
-125 145
148 51
162 137
-115 191
-36 148
-155 -50
78 49
-72 -134
-84 168
-140 -152
83 -73
-131 163
-175 133
-118 0
-191 139
172 159
-118 173
-140 100
192 13
171 2
97 -62
-96 -35
-106 194
78 116
-78 79
170 -133
-62 192
-134 -112
-161 12
122 -170
113 92
-115 -130
1 7
-94 -53
186 124
17 -27
152 -125
15 176
-54 60
-15 106
-173 -145
176 -2
85 139
-96 -171
-30 176
-4 -65
-108 168
-111 -181
79 56
-79 10
99 73
85 135
81 -112
-109 182
-104 85
-108 -63
65 121
-195 -6
58 23
-121 137
67 176
158 36
197 113
-19 54
-57 -176
105 -96
-198 56
191 54
-111 156
29 -33
24 167
-41 -38
154 116
-160 82
-90 194
-82 -28
-112 158
71 -101
-125 105
-167 -125
106 -174
-4 -171
55 142
140 -149
-54 126
87 1
-80 199
-28 -24
166 -135
38 -100
-85 -190
192 -168
119 43
-70 150
-191 10
-10 -94
-88 173
82 -18
-125 -167
-3 -2
65 106
-117 125
-109 43
142 -169
-40 -105
-4 -139
80 121
167 -102
-9 -121
-174 113
18 -180
87 -113
74 -192
177 -157
30 -118
6 27
-51 187
-158 167
167 -135
-75 -106
64 175
-128 35
184 169
-6 29
14 -55
-66 17
-11 -112
196 78
92 46
11 -161
146 -80
-104 51
-154 32
-98 -134
12 -20
137 94
102 186
185 77
4 41
148 92
-7 -159
-120 -160
30 -126
-32 -62
65 -89
-196 91
193 146
12 181
148 -19
8 -97
65 -142
-46 -185
16 85
164 131
163 46
-95 57
85 -141
1 -32
9 -133
23 37
-166 -47
-38 28
-161 164
151 -69
-153 31
-93 -197
-61 33
45 -53
155 -146
181 13
158 -120
-6 -162
-115 -11
-132 -37
188 -59
193 139
151 94
-156 45
-120 -127
74 178
189 -63
198 183
109 128
-22 167
-17 145
-181 -37
104 143
-121 36
49 -100
-134 -58
73 100
71 75
-39 102
41 -35
-7 -42
-149 -109
19 -104
-53 -126
-24 -69
172 94
-118 75
-25 77
157 -28
-13 -64
115 119
-66 147
-77 123
19 188
38 99
-160 -136
188 62
120 79
-155 -191
67 21
184 -81
131 -23
182 191
9 -130
-43 101
-16 -65
-130 -146
-41 -200
-187 -150
-91 -121
-16 6
65 -97
-179 91
-114 130
1 -4
-135 -35
65 79
-162 179
-77 133
67 -13
109 84
-52 -189
9 109
-150 150
89 -9
102 -127
-174 -29
-32 143
195 -69
18 164
181 27
93 22
-95 -191
95 82
-196 -171
64 -88
-182 91
-70 -31
8 -100
-118 60
101 -21
-177 178
-121 161
-36 -193
-39 125
-5 149
-153 121
198 -44
-56 60
30 86
126 41
156 -184
141 -56
2 -137
-115 -82
107 -187
96 -55
34 -70
124 179
-174 -5
141 163
154 186
154 173
99 101
183 -141
-29 71
-82 37
123 106
-100 182
-9 -110
169 94
167 -44
-186 -135
-51 -196
162 180
56 -104
20 179
20 148
-126 17
-77 168
96 -40
-50 -79
180 -142
63 -196
-28 -109
71 -170
-37 179
1 -193
-87 -75
39 -50
103 0
46 104
14 101
74 72
-151 4
114 -88
-37 -177
191 -93
-144 4
-113 42
-163 -167
188 -134
-183 -40
-117 -122
-155 69
-184 -149
-104 10
103 -138
128 -146
-144 -111
-80 98
34 -176
193 23
-155 -90
130 -120
103 14
119 115
-8 27
-74 -111
140 -100
-178 -199
97 67
-102 -88
-177 -43
116 158
-67 103
80 146
92 87
166 128
-83 197
6 -103
-197 -155
169 92
-117 -82
189 162
-33 -173
13 152
-130 77
-38 -19
38 -182
-149 66
-35 -90
119 189
38 -73
-65 159
104 146
41 -130
92 -103
-173 183
-4 -96
71 -199
127 142
46 168
-190 -172
-127 -6
-7 9
-169 -198
-48 184
43 114
-159 -64
103 109
-134 -99
173 -162
136 -27
20 130
105 -191
-188 162
24 -125
126 -180
7 112
-131 6
79 108
-189 -186
10 188
-117 95
-47 74
-10 168
151 -196
96 48
24 39
131 -14
154 127
80 18
-11 -8
-143 -193
-120 -158
163 -41
146 18
-71 63
-200 135
-46 190
120 158
-199 -85
156 117
122 191
179 115
-94 -83
-147 172
67 194
-124 -66
-197 -166
186 196
177 163
4 140
-71 74
87 -12
122 117
150 141
-54 -46
-89 107
-38 67
162 27
130 -54
164 101
97 76
-103 15
-170 75
32 94
64 21
176 -23
178 -156
-129 -167
-55 53
85 -64
-121 44
-92 109
-93 -126
-184 10
-5 156
121 52
-107 160
-2 144
98 130
36 129
17 42
-51 105
99 -137
-105 187
9 -107
128 58
-192 130
-161 91
-100 22
66 -66
101 178
-70 93
20 -20
-196 2
93 167
19 47
125 146
-150 9
66 55
-37 172
-112 -88
78 9
-194 -10
-96 161
58 -66
-65 158
157 -5
-168 -137
-94 167
168 -118
-21 -16
-187 24
34 -84
137 -71
-113 -9
-13 22
-120 -29
140 -161
186 43
-199 182
140 71
51 -179
174 72
-106 152
-156 -183
-200 -16
57 186
-162 132
88 -4
-16 14
43 92
149 49
39 126
-138 138
24 -173
39 36
-106 -59
-140 24
-122 184
116 -56
95 -114
58 -41
-128 50
32 -33
83 12
-100 -75
17 0
-47 64
166 -187
118 -200
-20 105
123 -126
-109 7
42 74
-51 81
-180 -172
50 -24
46 49
173 166
89 115
-91 -175
155 -136
138 45
-177 -91
-158 -178
-139 -158
171 26
193 -30
95 165
-24 62
-120 89
171 -81
-159 144
-72 -71
-154 169
-81 92
113 -197
43 -152
14 -185
53 -125
-62 -150
-138 95
-135 162
185 82
-146 55
137 49
-140 -194
-120 -134
-9 -83
23 -56
-23 -19
-167 -30
39 47
17 -32
152 71
-11 34
-51 64
-177 -182
-26 -26
44 -144
-75 28
22 -164
199 96
188 -49
-57 -130
171 -152
159 -60
-158 128
-191 145
-44 -37
-41 -184
-151 7
-49 190
-195 85
26 -23
-128 -55
137 -152
-158 71
-60 62
74 -70
23 -91
57 -119
188 34
-1 147
-195 -54
-16 84
-130 -6
90 148
197 84
105 20
-91 -35
91 -27
-30 1
66 -51
-85 -116
-29 -141
-44 -91
81 -98
91 -55
-57 31
-164 107
44 73
102 152
-79 59
-107 87
148 123
146 -150
160 43
-48 189
-96 -155
-177 76
-83 -53
138 -162
-21 126
-188 40
-50 136
88 146
-30 126
-153 185
-106 48
158 -106
113 78
-44 58
-27 156
-97 58
70 76
-179 -38
32 -119
113 123
130 -188
-49 -14
-104 75
-175 -183
-128 130
56 109
-99 114
95 -181
-44 148
151 10
134 -115
-30 -54
58 -177
21 -76
145 112
86 15
-5 -193
-120 132
190 -66
-18 36
135 -85
200 -181
59 -79
-15 190
170 26
-104 -171
113 -2
25 147
-68 -124
-43 110
195 -156
57 -196
35 45
191 -50
-73 84
-138 68
154 76
135 56
113 -46
72 94
-25 -45
164 -53
-109 94
-67 139
-1 -146
-28 47
187 -47
24 47
108 24
102 -88
117 -148
143 99
-175 73
-159 -136
128 -87
148 33
-158 152
-161 -124
49 -89
-193 -35
187 185
51 -44
-86 65
170 -123
9 -15
119 38
57 117
171 82
-129 196
-133 153
139 19
-161 100
173 -99
-21 -3
187 118
29 33
-173 0
109 -97
-58 199
-43 -83
-129 -190
185 -200
-10 181
151 89
89 -136
77 24
159 -33
-170 -62
-106 -135
-16 -84
-161 -12
129 153
10 39
14 -131
-52 -150
-6 -108
-107 188
-18 -186
30 -92
-151 109
54 -174
112 -106
110 -75
-23 -30
172 -19
47 94
170 153
-173 -109
-186 -119
-67 34
-181 125
52 170
125 84
11 189
199 2
-163 -158
-196 -185
48 -183
-61 -1
59 57
29 141
102 -35
62 -135
-18 -200
-7 159
6 55
-112 99
169 192
191 10
23 -78
187 49
-69 8
-137 135
-160 -17
156 64
115 -47
-168 134
-69 -109
-110 -173
8 22
170 -136
160 78
-181 -197
165 81
-127 103
81 173
120 55
-164 47
-59 200
53 -196
170 -116
-49 131
-143 -112
-165 -87
142 126
23 -174
146 21
-88 -164
-169 42
70 -120
192 110
-172 189
160 -81
50 -84
161 -173
184 -116
-120 147
-195 92
-13 -62
88 -159
139 63
113 131
147 -34
-160 -198
79 191
-64 -146
67 22
-130 129
44 148
-177 52
-99 12
-133 163
50 30
155 0
93 -68
200 151
100 145
-128 74
-79 15
-67 101
171 130
4 -2
188 187
-65 -18
-194 146
51 179
-24 13
198 -102
58 -45
-86 -160
182 85
-33 186
-111 59
-178 20
122 -124
21 126
-110 177
-135 17
76 -91
152 4
180 -65
-139 -192
84 -128
-138 -37
-152 -38
-52 -19
-62 -144
129 17
-38 175
-146 154
-81 57
-175 -105
107 -124
-108 -146
-130 37
-98 66
-21 -74
115 39
65 149
-20 -85
115 -176
-88 -77
51 67
48 189
-180 184
-35 111
-113 -199
-156 124
-176 191
146 -188
140 159
-158 182
-148 115
-169 118
-72 6
52 -136
158 -76
92 44
-31 -75
-63 -21
7 -57
-114 104
159 84
-121 71
-161 26
-62 -161
-11 188
144 -193
-70 -27
-37 178
-30 90
-94 59
-156 7
-169 23
-68 -15
193 -140
142 -86
-81 -14
152 -147
-3 -44
161 -136
27 174
-174 155
-107 113
-185 51
156 -126
-189 -117
29 6
-127 82
77 137
149 134
19 -109
-134 120
-79 -101
90 14
68 188
-45 166
135 66
19 -138
-161 -149
-118 62
-153 -62
45 -34
121 123
-27 31
-167 176
157 -189
102 36
-9 188
-186 107
-169 30
122 -120
-78 158
142 -10
76 -6
-32 -164
-128 -114
-91 -9
-155 -48
141 -176
2 -14
-166 63
-101 140
-2 -145
-151 -154
-71 140
-74 15
189 -191
-6 -83
-58 -14
116 43
147 -130
5 17
44 172
148 -163
-134 -122
-144 -20
-78 -145
9 -171
12 -185
10 -181
127 72
174 -119
182 -192
19 109
-13 -68
17 -45
-146 164
91 -194
106 48
-24 -62
138 33
-185 -171
94 165
-106 12
2 -165
143 -196
51 -76
-122 151
-190 200
-135 33
-195 -63
-180 51
-14 28
-55 28
164 -25
-24 19
170 90
132 -180
158 -161
-178 -50
-163 -1
-172 -15
-1 98
-109 -157
-190 -82
-196 183
134 105
-46 -22
-69 200
38 -120
-63 11
-12 -149
160 133
175 82
102 28
118 -106
5 -108
-173 -146
-144 -1
80 -196
-150 17
19 -178
18 -170
-45 -101
183 -51
-136 -101
98 68
-179 120
159 162
177 -48
91 133
-53 161
17 -16
46 121
-158 111
-80 -24
172 123
-88 -178
159 76
55 -82
-108 11
154 34
-146 78
188 -119
75 127
43 -103
-73 83
189 -2
117 -179
28 -17
-22 -31
59 -1
61 -132
-72 -4
23 -52
108 -178
-122 -145
38 43
-173 168
146 19
-144 151
-186 72
-74 -106
-177 130
146 -108
151 136
116 -85
-149 -113
-105 68
85 -175
114 38
-193 119
72 -55
-192 119
-178 80
97 2
140 -147
-84 155
179 -71
-75 144
158 167
-150 -73
142 -42
-41 137
-162 194
-12 -134
65 -16
-167 18
-123 96
159 192
-67 89
200 139
121 191
-136 -158
-45 4
-141 49
6 -200
-46 -3
74 -63
77 146
-10 41
-170 -199
44 190
114 -148
36 -190
-3 136
-68 123
145 -144
28 51
-172 197
-86 134
66 -143
136 -193
-49 20
17 1
17 -78
3 178
33 -170
30 68
134 -132
-185 15
-5 -188
19 -44
-151 -184
-25 115
-152 -11
35 -96
55 -2
-132 -126
-73 183
-66 36
94 -25
-56 -3
-74 -177
-39 167
124 -109
-105 32
-54 87
96 18
14 43
-165 186
-36 3
68 -19
134 -168
65 -187
-145 107
-5 -39
-149 -162
21 -137
100 -105
-120 -172
155 95
-103 -110
-56 -167
-61 -93
61 93
21 -34
-20 147
162 106
-74 102
-138 125
-91 139
111 195
168 67
102 88
64 132
97 71
-111 174
4 90
56 -164
-162 -87
-111 113
167 -153
-123 57
-58 -173
98 13
-96 -96
125 196
-128 -175
-116 -45
-64 -84
-190 -103
130 -66
-116 124
123 85
-131 -69
-158 -127
175 -141
-40 185
185 138
-108 -174
-17 -2
40 -159
174 -147
101 -115
65 73
-78 142
-32 20
-190 -151
-153 168
-158 -84
-173 9
-89 76
16 -164
-16 -70
98 80
-53 -181
-130 -30
131 -108
124 -153
-114 -124
-36 -137
20 173
101 77
-123 -113
-146 2
-19 -32
-133 58
132 -70
-43 -112
13 -173
129 -77
-190 136
-83 73
-103 -200
-86 116
165 -99
117 -67
-9 -130
39 69
-61 56
87 -49
-59 84
-81 -199
141 -10
-135 -22
-165 17
-31 151
141 111
30 -112
-116 47
-30 136
113 53
95 -174
-44 -196
-169 108
-7 121
-11 190
158 -41
145 74
79 11
130 -140
107 158
-23 -173
-198 -186
101 -6
145 -60
-173 32
110 130
-67 -57
10 79
3 -198
132 1
-124 -74
164 -199
169 -46
-42 56
151 180
92 -137
71 -108
-66 -56
-197 116
-72 13
143 -85
188 185
168 37
-68 -142
-198 37
93 142
25 -149
-41 20
-140 -54
-122 133
142 -130
-82 25
139 -29
-120 -175
31 81
150 -155
16 189
-124 -5
38 7
-31 -158
144 3
70 -108
-187 186
-199 -152
-76 -117
-143 -141
-182 29
-115 184
-72 64
-99 -132
-84 -62
-2 96
-165 107
58 7
-181 16
-78 -196
-104 -129
82 159
-26 90
141 -179
1 0
-6 18
103 -147
102 17
-12 4
146 43
-135 -10
149 -131
-182 109
92 42
81 18
-154 161
-136 -39
-69 -143
142 128
111 -117
110 -2
-119 137
132 -44
-122 105
-1 -56
-73 -182
136 -170
-97 -96
10 -50
157 -33
-122 107
147 161
170 -115
32 -186
-188 -177
-121 73
199 -175
173 -44
-170 -64
9 -102
-98 80
-47 183
-94 -136
112 100
-155 54
-192 -1
-35 131
-62 -107
165 -84
-195 89
-30 180
-26 78
-132 -3
-191 -184
-158 97
-2 -80
8 41
195 -105
132 62
-15 -103
-165 -83
-29 98
-200 181
167 -60
-65 134
-122 -58
-185 17
157 -175
-134 108
93 -72
-112 -183
-9 176
-139 5
118 -105
126 187
103 83
-132 80
-118 96
-67 -166
19 -26
-143 -3
-180 -73
26 189
81 -117
169 -179
-78 191
-71 85
120 -191
177 -163
-160 136
-78 -149
18 105
-182 25
-120 -23
5 41
-17 -109
64 101
190 -108
-129 102
57 -7
150 -109
163 157
-81 20
-64 -151
135 149
-92 -80
119 -90
-124 -18
-103 52
33 -190
82 -158
102 23
191 101
75 -167
166 189
118 -184
-67 -174
43 -38
-118 -145
-137 -64
95 48
-132 145
116 87
-183 -198
-56 -124
-49 90
195 -7
68 -104
51 189
-160 194
-125 46
-92 -30
-38 -166
78 -66
10 -37
-132 174
-72 -146
117 -113
-30 177
-142 -15
183 71
-85 68
-22 -192
-5 -154
-158 148
-119 -35
-69 63
83 59
-97 27
54 -148
131 165
123 194
-12 188
-120 161
-145 -97
-91 45
-67 67
-172 104
42 116
173 -53
-167 -195
-34 -158
-28 3
111 29
89 1
-88 129
-41 -124
141 7
24 -178
-133 63
-174 -43
-163 -58
-161 -176
195 -76
19 105
111 44
-139 -116
117 -96
-170 71
148 -45
53 113
-97 -59
164 -118
166 20
-159 73
-55 -184
104 56
76 43
71 -117
-38 -167
169 -197
-115 -135
92 50
-107 21
-103 -137
-179 123
88 86
-116 -171
135 186
-121 -60
-88 -181
183 64
-199 -35
95 125
111 -167
-135 93
-119 -54
83 103
10 125
-133 62
-78 -173
-151 22
174 38
-107 -4
180 144
192 -30
-1 -160
-69 32
-68 154
58 -82
-129 123
191 8
69 -85
-122 9
62 -47
103 79
96 116
58 -145
27 -116
128 -55
-94 152
-53 145
76 72
-183 -102
-13 -90
-30 99
-147 176
-170 172
57 -158
137 78
79 92
-183 174
-21 -75
196 164
-36 90
-18 -183
-36 78
-69 -186
99 166
173 -101
41 165
-4 123
14 -12
-92 137
121 -40
40 -193
129 -21
41 60
1 -50
54 -11
81 109
16 53
-134 -181
52 -122
55 59
-36 141
-134 -138
-106 -40
-162 -138
109 160
-146 -94
140 81
-21 53
