5000
-10000 -10000
-10000 -9999
-10000 -9998
-10000 -9997
-10000 -9996
-10000 -9995
-10000 -9994
-10000 -9993
-10000 -9992
-10000 -9991
-10000 -9990
-10000 -9989
-10000 -9988
-10000 -9987
-10000 -9986
-10000 -9985
-10000 -9984
-10000 -9983
-10000 -9982
-10000 -9981
-10000 -9980
-10000 -9979
-10000 -9978
-10000 -9977
-10000 -9976
-10000 -9975
-10000 -9974
-10000 -9973
-10000 -9972
-10000 -9971
-10000 -9970
-10000 -9969
-10000 -9968
-10000 -9967
-10000 -9966
-10000 -9965
-10000 -9964
-10000 -9963
-10000 -9962
-10000 -9961
-10000 -9960
-10000 -9959
-10000 -9958
-10000 -9957
-10000 -9956
-10000 -9955
-10000 -9954
-10000 -9953
-10000 -9952
-10000 -9951
-10000 -9950
-10000 -9949
-10000 -9948
-10000 -9947
-10000 -9946
-10000 -9945
-10000 -9944
-10000 -9943
-10000 -9942
-10000 -9941
-10000 -9940
-10000 -9939
-10000 -9938
-10000 -9937
-10000 -9936
-10000 -9935
-10000 -9934
-10000 -9933
-10000 -9932
-10000 -9931
-10000 -9930
-10000 -9929
-10000 -9928
-10000 -9927
-10000 -9926
-10000 -9925
-10000 -9924
-10000 -9923
-10000 -9922
-10000 -9921
-10000 -9920
-10000 -9919
-10000 -9918
-10000 -9917
-10000 -9916
-10000 -9915
-10000 -9914
-10000 -9913
-10000 -9912
-10000 -9911
-10000 -9910
-10000 -9909
-10000 -9908
-10000 -9907
-10000 -9906
-10000 -9905
-10000 -9904
-10000 -9903
-10000 -9902
-10000 -9901
-10000 -9900
-10000 -9899
-10000 -9898
-10000 -9897
-10000 -9896
-10000 -9895
-10000 -9894
-10000 -9893
-10000 -9892
-10000 -9891
-10000 -9890
-10000 -9889
-10000 -9888
-10000 -9887
-10000 -9886
-10000 -9885
-10000 -9884
-10000 -9883
-10000 -9882
-10000 -9881
-10000 -9880
-10000 -9879
-10000 -9878
-10000 -9877
-10000 -9876
-10000 -9875
-10000 -9874
-10000 -9873
-10000 -9872
-10000 -9871
-10000 -9870
-10000 -9869
-10000 -9868
-10000 -9867
-10000 -9866
-10000 -9865
-10000 -9864
-10000 -9863
-10000 -9862
-10000 -9861
-10000 -9860
-10000 -9859
-10000 -9858
-10000 -9857
-10000 -9856
-10000 -9855
-10000 -9854
-10000 -9853
-10000 -9852
-10000 -9851
-10000 -9850
-10000 -9849
-10000 -9848
-10000 -9847
-10000 -9846
-10000 -9845
-10000 -9844
-10000 -9843
-10000 -9842
-10000 -9841
-10000 -9840
-10000 -9839
-10000 -9838
-10000 -9837
-10000 -9836
-10000 -9835
-10000 -9834
-10000 -9833
-10000 -9832
-10000 -9831
-10000 -9830
-10000 -9829
-10000 -9828
-10000 -9827
-10000 -9826
-10000 -9825
-10000 -9824
-10000 -9823
-10000 -9822
-10000 -9821
-10000 -9820
-10000 -9819
-10000 -9818
-10000 -9817
-10000 -9816
-10000 -9815
-10000 -9814
-10000 -9813
-10000 -9812
-10000 -9811
-10000 -9810
-10000 -9809
-10000 -9808
-10000 -9807
-10000 -9806
-10000 -9805
-10000 -9804
-10000 -9803
-10000 -9802
-10000 -9801
-10000 -9800
-10000 -9799
-10000 -9798
-10000 -9797
-10000 -9796
-10000 -9795
-10000 -9794
-10000 -9793
-10000 -9792
-10000 -9791
-10000 -9790
-10000 -9789
-10000 -9788
-10000 -9787
-10000 -9786
-10000 -9785
-10000 -9784
-10000 -9783
-10000 -9782
-10000 -9781
-10000 -9780
-10000 -9779
-10000 -9778
-10000 -9777
-10000 -9776
-10000 -9775
-10000 -9774
-10000 -9773
-10000 -9772
-10000 -9771
-10000 -9770
-10000 -9769
-10000 -9768
-10000 -9767
-10000 -9766
-10000 -9765
-10000 -9764
-10000 -9763
-10000 -9762
-10000 -9761
-10000 -9760
-10000 -9759
-10000 -9758
-10000 -9757
-10000 -9756
-10000 -9755
-10000 -9754
-10000 -9753
-10000 -9752
-10000 -9751
-10000 -9750
-10000 -9749
-10000 -9748
-10000 -9747
-10000 -9746
-10000 -9745
-10000 -9744
-10000 -9743
-10000 -9742
-10000 -9741
-10000 -9740
-10000 -9739
-10000 -9738
-10000 -9737
-10000 -9736
-10000 -9735
-10000 -9734
-10000 -9733
-10000 -9732
-10000 -9731
-10000 -9730
-10000 -9729
-10000 -9728
-10000 -9727
-10000 -9726
-10000 -9725
-10000 -9724
-10000 -9723
-10000 -9722
-10000 -9721
-10000 -9720
-10000 -9719
-10000 -9718
-10000 -9717
-10000 -9716
-10000 -9715
-10000 -9714
-10000 -9713
-10000 -9712
-10000 -9711
-10000 -9710
-10000 -9709
-10000 -9708
-10000 -9707
-10000 -9706
-10000 -9705
-10000 -9704
-10000 -9703
-10000 -9702
-10000 -9701
-10000 -9700
-10000 -9699
-10000 -9698
-10000 -9697
-10000 -9696
-10000 -9695
-10000 -9694
-10000 -9693
-10000 -9692
-10000 -9691
-10000 -9690
-10000 -9689
-10000 -9688
-10000 -9687
-10000 -9686
-10000 -9685
-10000 -9684
-10000 -9683
-10000 -9682
-10000 -9681
-10000 -9680
-10000 -9679
-10000 -9678
-10000 -9677
-10000 -9676
-10000 -9675
-10000 -9674
-10000 -9673
-10000 -9672
-10000 -9671
-10000 -9670
-10000 -9669
-10000 -9668
-10000 -9667
-10000 -9666
-10000 -9665
-10000 -9664
-10000 -9663
-10000 -9662
-10000 -9661
-10000 -9660
-10000 -9659
-10000 -9658
-10000 -9657
-10000 -9656
-10000 -9655
-10000 -9654
-10000 -9653
-10000 -9652
-10000 -9651
-10000 -9650
-10000 -9649
-10000 -9648
-10000 -9647
-10000 -9646
-10000 -9645
-10000 -9644
-10000 -9643
-10000 -9642
-10000 -9641
-10000 -9640
-10000 -9639
-10000 -9638
-10000 -9637
-10000 -9636
-10000 -9635
-10000 -9634
-10000 -9633
-10000 -9632
-10000 -9631
-10000 -9630
-10000 -9629
-10000 -9628
-10000 -9627
-10000 -9626
-10000 -9625
-10000 -9624
-10000 -9623
-10000 -9622
-10000 -9621
-10000 -9620
-10000 -9619
-10000 -9618
-10000 -9617
-10000 -9616
-10000 -9615
-10000 -9614
-10000 -9613
-10000 -9612
-10000 -9611
-10000 -9610
-10000 -9609
-10000 -9608
-10000 -9607
-10000 -9606
-10000 -9605
-10000 -9604
-10000 -9603
-10000 -9602
-10000 -9601
-10000 -9600
-10000 -9599
-10000 -9598
-10000 -9597
-10000 -9596
-10000 -9595
-10000 -9594
-10000 -9593
-10000 -9592
-10000 -9591
-10000 -9590
-10000 -9589
-10000 -9588
-10000 -9587
-10000 -9586
-10000 -9585
-10000 -9584
-10000 -9583
-10000 -9582
-10000 -9581
-10000 -9580
-10000 -9579
-10000 -9578
-10000 -9577
-10000 -9576
-10000 -9575
-10000 -9574
-10000 -9573
-10000 -9572
-10000 -9571
-10000 -9570
-10000 -9569
-10000 -9568
-10000 -9567
-10000 -9566
-10000 -9565
-10000 -9564
-10000 -9563
-10000 -9562
-10000 -9561
-10000 -9560
-10000 -9559
-10000 -9558
-10000 -9557
-10000 -9556
-10000 -9555
-10000 -9554
-10000 -9553
-10000 -9552
-10000 -9551
-10000 -9550
-10000 -9549
-10000 -9548
-10000 -9547
-10000 -9546
-10000 -9545
-10000 -9544
-10000 -9543
-10000 -9542
-10000 -9541
-10000 -9540
-10000 -9539
-10000 -9538
-10000 -9537
-10000 -9536
-10000 -9535
-10000 -9534
-10000 -9533
-10000 -9532
-10000 -9531
-10000 -9530
-10000 -9529
-10000 -9528
-10000 -9527
-10000 -9526
-10000 -9525
-10000 -9524
-10000 -9523
-10000 -9522
-10000 -9521
-10000 -9520
-10000 -9519
-10000 -9518
-10000 -9517
-10000 -9516
-10000 -9515
-10000 -9514
-10000 -9513
-10000 -9512
-10000 -9511
-10000 -9510
-10000 -9509
-10000 -9508
-10000 -9507
-10000 -9506
-10000 -9505
-10000 -9504
-10000 -9503
-10000 -9502
-10000 -9501
-10000 -9500
-10000 -9499
-10000 -9498
-10000 -9497
-10000 -9496
-10000 -9495
-10000 -9494
-10000 -9493
-10000 -9492
-10000 -9491
-10000 -9490
-10000 -9489
-10000 -9488
-10000 -9487
-10000 -9486
-10000 -9485
-10000 -9484
-10000 -9483
-10000 -9482
-10000 -9481
-10000 -9480
-10000 -9479
-10000 -9478
-10000 -9477
-10000 -9476
-10000 -9475
-10000 -9474
-10000 -9473
-10000 -9472
-10000 -9471
-10000 -9470
-10000 -9469
-10000 -9468
-10000 -9467
-10000 -9466
-10000 -9465
-10000 -9464
-10000 -9463
-10000 -9462
-10000 -9461
-10000 -9460
-10000 -9459
-10000 -9458
-10000 -9457
-10000 -9456
-10000 -9455
-10000 -9454
-10000 -9453
-10000 -9452
-10000 -9451
-10000 -9450
-10000 -9449
-10000 -9448
-10000 -9447
-10000 -9446
-10000 -9445
-10000 -9444
-10000 -9443
-10000 -9442
-10000 -9441
-10000 -9440
-10000 -9439
-10000 -9438
-10000 -9437
-10000 -9436
-10000 -9435
-10000 -9434
-10000 -9433
-10000 -9432
-10000 -9431
-10000 -9430
-10000 -9429
-10000 -9428
-10000 -9427
-10000 -9426
-10000 -9425
-10000 -9424
-10000 -9423
-10000 -9422
-10000 -9421
-10000 -9420
-10000 -9419
-10000 -9418
-10000 -9417
-10000 -9416
-10000 -9415
-10000 -9414
-10000 -9413
-10000 -9412
-10000 -9411
-10000 -9410
-10000 -9409
-10000 -9408
-10000 -9407
-10000 -9406
-10000 -9405
-10000 -9404
-10000 -9403
-10000 -9402
-10000 -9401
-10000 -9400
-10000 -9399
-10000 -9398
-10000 -9397
-10000 -9396
-10000 -9395
-10000 -9394
-10000 -9393
-10000 -9392
-10000 -9391
-10000 -9390
-10000 -9389
-10000 -9388
-10000 -9387
-10000 -9386
-10000 -9385
-10000 -9384
-10000 -9383
-10000 -9382
-10000 -9381
-10000 -9380
-10000 -9379
-10000 -9378
-10000 -9377
-10000 -9376
-10000 -9375
-10000 -9374
-10000 -9373
-10000 -9372
-10000 -9371
-10000 -9370
-10000 -9369
-10000 -9368
-10000 -9367
-10000 -9366
-10000 -9365
-10000 -9364
-10000 -9363
-10000 -9362
-10000 -9361
-10000 -9360
-10000 -9359
-10000 -9358
-10000 -9357
-10000 -9356
-10000 -9355
-10000 -9354
-10000 -9353
-10000 -9352
-10000 -9351
-10000 -9350
-10000 -9349
-10000 -9348
-10000 -9347
-10000 -9346
-10000 -9345
-10000 -9344
-10000 -9343
-10000 -9342
-10000 -9341
-10000 -9340
-10000 -9339
-10000 -9338
-10000 -9337
-10000 -9336
-10000 -9335
-10000 -9334
-10000 -9333
-10000 -9332
-10000 -9331
-10000 -9330
-10000 -9329
-10000 -9328
-10000 -9327
-10000 -9326
-10000 -9325
-10000 -9324
-10000 -9323
-10000 -9322
-10000 -9321
-10000 -9320
-10000 -9319
-10000 -9318
-10000 -9317
-10000 -9316
-10000 -9315
-10000 -9314
-10000 -9313
-10000 -9312
-10000 -9311
-10000 -9310
-10000 -9309
-10000 -9308
-10000 -9307
-10000 -9306
-10000 -9305
-10000 -9304
-10000 -9303
-10000 -9302
-10000 -9301
-10000 -9300
-10000 -9299
-10000 -9298
-10000 -9297
-10000 -9296
-10000 -9295
-10000 -9294
-10000 -9293
-10000 -9292
-10000 -9291
-10000 -9290
-10000 -9289
-10000 -9288
-10000 -9287
-10000 -9286
-10000 -9285
-10000 -9284
-10000 -9283
-10000 -9282
-10000 -9281
-10000 -9280
-10000 -9279
-10000 -9278
-10000 -9277
-10000 -9276
-10000 -9275
-10000 -9274
-10000 -9273
-10000 -9272
-10000 -9271
-10000 -9270
-10000 -9269
-10000 -9268
-10000 -9267
-10000 -9266
-10000 -9265
-10000 -9264
-10000 -9263
-10000 -9262
-10000 -9261
-10000 -9260
-10000 -9259
-10000 -9258
-10000 -9257
-10000 -9256
-10000 -9255
-10000 -9254
-10000 -9253
-10000 -9252
-10000 -9251
-10000 -9250
-10000 -9249
-10000 -9248
-10000 -9247
-10000 -9246
-10000 -9245
-10000 -9244
-10000 -9243
-10000 -9242
-10000 -9241
-10000 -9240
-10000 -9239
-10000 -9238
-10000 -9237
-10000 -9236
-10000 -9235
-10000 -9234
-10000 -9233
-10000 -9232
-10000 -9231
-10000 -9230
-10000 -9229
-10000 -9228
-10000 -9227
-10000 -9226
-10000 -9225
-10000 -9224
-10000 -9223
-10000 -9222
-10000 -9221
-10000 -9220
-10000 -9219
-10000 -9218
-10000 -9217
-10000 -9216
-10000 -9215
-10000 -9214
-10000 -9213
-10000 -9212
-10000 -9211
-10000 -9210
-10000 -9209
-10000 -9208
-10000 -9207
-10000 -9206
-10000 -9205
-10000 -9204
-10000 -9203
-10000 -9202
-10000 -9201
-10000 -9200
-10000 -9199
-10000 -9198
-10000 -9197
-10000 -9196
-10000 -9195
-10000 -9194
-10000 -9193
-10000 -9192
-10000 -9191
-10000 -9190
-10000 -9189
-10000 -9188
-10000 -9187
-10000 -9186
-10000 -9185
-10000 -9184
-10000 -9183
-10000 -9182
-10000 -9181
-10000 -9180
-10000 -9179
-10000 -9178
-10000 -9177
-10000 -9176
-10000 -9175
-10000 -9174
-10000 -9173
-10000 -9172
-10000 -9171
-10000 -9170
-10000 -9169
-10000 -9168
-10000 -9167
-10000 -9166
-10000 -9165
-10000 -9164
-10000 -9163
-10000 -9162
-10000 -9161
-10000 -9160
-10000 -9159
-10000 -9158
-10000 -9157
-10000 -9156
-10000 -9155
-10000 -9154
-10000 -9153
-10000 -9152
-10000 -9151
-10000 -9150
-10000 -9149
-10000 -9148
-10000 -9147
-10000 -9146
-10000 -9145
-10000 -9144
-10000 -9143
-10000 -9142
-10000 -9141
-10000 -9140
-10000 -9139
-10000 -9138
-10000 -9137
-10000 -9136
-10000 -9135
-10000 -9134
-10000 -9133
-10000 -9132
-10000 -9131
-10000 -9130
-10000 -9129
-10000 -9128
-10000 -9127
-10000 -9126
-10000 -9125
-10000 -9124
-10000 -9123
-10000 -9122
-10000 -9121
-10000 -9120
-10000 -9119
-10000 -9118
-10000 -9117
-10000 -9116
-10000 -9115
-10000 -9114
-10000 -9113
-10000 -9112
-10000 -9111
-10000 -9110
-10000 -9109
-10000 -9108
-10000 -9107
-10000 -9106
-10000 -9105
-10000 -9104
-10000 -9103
-10000 -9102
-10000 -9101
-10000 -9100
-10000 -9099
-10000 -9098
-10000 -9097
-10000 -9096
-10000 -9095
-10000 -9094
-10000 -9093
-10000 -9092
-10000 -9091
-10000 -9090
-10000 -9089
-10000 -9088
-10000 -9087
-10000 -9086
-10000 -9085
-10000 -9084
-10000 -9083
-10000 -9082
-10000 -9081
-10000 -9080
-10000 -9079
-10000 -9078
-10000 -9077
-10000 -9076
-10000 -9075
-10000 -9074
-10000 -9073
-10000 -9072
-10000 -9071
-10000 -9070
-10000 -9069
-10000 -9068
-10000 -9067
-10000 -9066
-10000 -9065
-10000 -9064
-10000 -9063
-10000 -9062
-10000 -9061
-10000 -9060
-10000 -9059
-10000 -9058
-10000 -9057
-10000 -9056
-10000 -9055
-10000 -9054
-10000 -9053
-10000 -9052
-10000 -9051
-10000 -9050
-10000 -9049
-10000 -9048
-10000 -9047
-10000 -9046
-10000 -9045
-10000 -9044
-10000 -9043
-10000 -9042
-10000 -9041
-10000 -9040
-10000 -9039
-10000 -9038
-10000 -9037
-10000 -9036
-10000 -9035
-10000 -9034
-10000 -9033
-10000 -9032
-10000 -9031
-10000 -9030
-10000 -9029
-10000 -9028
-10000 -9027
-10000 -9026
-10000 -9025
-10000 -9024
-10000 -9023
-10000 -9022
-10000 -9021
-10000 -9020
-10000 -9019
-10000 -9018
-10000 -9017
-10000 -9016
-10000 -9015
-10000 -9014
-10000 -9013
-10000 -9012
-10000 -9011
-10000 -9010
-10000 -9009
-10000 -9008
-10000 -9007
-10000 -9006
-10000 -9005
-10000 -9004
-10000 -9003
-10000 -9002
-10000 -9001
-10000 -9000
-10000 -8999
-10000 -8998
-10000 -8997
-10000 -8996
-10000 -8995
-10000 -8994
-10000 -8993
-10000 -8992
-10000 -8991
-10000 -8990
-10000 -8989
-10000 -8988
-10000 -8987
-10000 -8986
-10000 -8985
-10000 -8984
-10000 -8983
-10000 -8982
-10000 -8981
-10000 -8980
-10000 -8979
-10000 -8978
-10000 -8977
-10000 -8976
-10000 -8975
-10000 -8974
-10000 -8973
-10000 -8972
-10000 -8971
-10000 -8970
-10000 -8969
-10000 -8968
-10000 -8967
-10000 -8966
-10000 -8965
-10000 -8964
-10000 -8963
-10000 -8962
-10000 -8961
-10000 -8960
-10000 -8959
-10000 -8958
-10000 -8957
-10000 -8956
-10000 -8955
-10000 -8954
-10000 -8953
-10000 -8952
-10000 -8951
-10000 -8950
-10000 -8949
-10000 -8948
-10000 -8947
-10000 -8946
-10000 -8945
-10000 -8944
-10000 -8943
-10000 -8942
-10000 -8941
-10000 -8940
-10000 -8939
-10000 -8938
-10000 -8937
-10000 -8936
-10000 -8935
-10000 -8934
-10000 -8933
-10000 -8932
-10000 -8931
-10000 -8930
-10000 -8929
-10000 -8928
-10000 -8927
-10000 -8926
-10000 -8925
-10000 -8924
-10000 -8923
-10000 -8922
-10000 -8921
-10000 -8920
-10000 -8919
-10000 -8918
-10000 -8917
-10000 -8916
-10000 -8915
-10000 -8914
-10000 -8913
-10000 -8912
-10000 -8911
-10000 -8910
-10000 -8909
-10000 -8908
-10000 -8907
-10000 -8906
-10000 -8905
-10000 -8904
-10000 -8903
-10000 -8902
-10000 -8901
-10000 -8900
-10000 -8899
-10000 -8898
-10000 -8897
-10000 -8896
-10000 -8895
-10000 -8894
-10000 -8893
-10000 -8892
-10000 -8891
-10000 -8890
-10000 -8889
-10000 -8888
-10000 -8887
-10000 -8886
-10000 -8885
-10000 -8884
-10000 -8883
-10000 -8882
-10000 -8881
-10000 -8880
-10000 -8879
-10000 -8878
-10000 -8877
-10000 -8876
-10000 -8875
-10000 -8874
-10000 -8873
-10000 -8872
-10000 -8871
-10000 -8870
-10000 -8869
-10000 -8868
-10000 -8867
-10000 -8866
-10000 -8865
-10000 -8864
-10000 -8863
-10000 -8862
-10000 -8861
-10000 -8860
-10000 -8859
-10000 -8858
-10000 -8857
-10000 -8856
-10000 -8855
-10000 -8854
-10000 -8853
-10000 -8852
-10000 -8851
-10000 -8850
-10000 -8849
-10000 -8848
-10000 -8847
-10000 -8846
-10000 -8845
-10000 -8844
-10000 -8843
-10000 -8842
-10000 -8841
-10000 -8840
-10000 -8839
-10000 -8838
-10000 -8837
-10000 -8836
-10000 -8835
-10000 -8834
-10000 -8833
-10000 -8832
-10000 -8831
-10000 -8830
-10000 -8829
-10000 -8828
-10000 -8827
-10000 -8826
-10000 -8825
-10000 -8824
-10000 -8823
-10000 -8822
-10000 -8821
-10000 -8820
-10000 -8819
-10000 -8818
-10000 -8817
-10000 -8816
-10000 -8815
-10000 -8814
-10000 -8813
-10000 -8812
-10000 -8811
-10000 -8810
-10000 -8809
-10000 -8808
-10000 -8807
-10000 -8806
-10000 -8805
-10000 -8804
-10000 -8803
-10000 -8802
-10000 -8801
-10000 -8800
-10000 -8799
-10000 -8798
-10000 -8797
-10000 -8796
-10000 -8795
-10000 -8794
-10000 -8793
-10000 -8792
-10000 -8791
-10000 -8790
-10000 -8789
-10000 -8788
-10000 -8787
-10000 -8786
-10000 -8785
-10000 -8784
-10000 -8783
-10000 -8782
-10000 -8781
-10000 -8780
-10000 -8779
-10000 -8778
-10000 -8777
-10000 -8776
-10000 -8775
-10000 -8774
-10000 -8773
-10000 -8772
-10000 -8771
-10000 -8770
-10000 -8769
-10000 -8768
-10000 -8767
-10000 -8766
-10000 -8765
-10000 -8764
-10000 -8763
-10000 -8762
-10000 -8761
-10000 -8760
-10000 -8759
-10000 -8758
-10000 -8757
-10000 -8756
-10000 -8755
-10000 -8754
-10000 -8753
-10000 -8752
-10000 -8751
-10000 -8750
-10000 -8749
-10000 -8748
-10000 -8747
-10000 -8746
-10000 -8745
-10000 -8744
-10000 -8743
-10000 -8742
-10000 -8741
-10000 -8740
-10000 -8739
-10000 -8738
-10000 -8737
-10000 -8736
-10000 -8735
-10000 -8734
-10000 -8733
-10000 -8732
-10000 -8731
-10000 -8730
-10000 -8729
-10000 -8728
-10000 -8727
-10000 -8726
-10000 -8725
-10000 -8724
-10000 -8723
-10000 -8722
-10000 -8721
-10000 -8720
-10000 -8719
-10000 -8718
-10000 -8717
-10000 -8716
-10000 -8715
-10000 -8714
-10000 -8713
-10000 -8712
-10000 -8711
-10000 -8710
-10000 -8709
-10000 -8708
-10000 -8707
-10000 -8706
-10000 -8705
-10000 -8704
-10000 -8703
-10000 -8702
-10000 -8701
-10000 -8700
-10000 -8699
-10000 -8698
-10000 -8697
-10000 -8696
-10000 -8695
-10000 -8694
-10000 -8693
-10000 -8692
-10000 -8691
-10000 -8690
-10000 -8689
-10000 -8688
-10000 -8687
-10000 -8686
-10000 -8685
-10000 -8684
-10000 -8683
-10000 -8682
-10000 -8681
-10000 -8680
-10000 -8679
-10000 -8678
-10000 -8677
-10000 -8676
-10000 -8675
-10000 -8674
-10000 -8673
-10000 -8672
-10000 -8671
-10000 -8670
-10000 -8669
-10000 -8668
-10000 -8667
-10000 -8666
-10000 -8665
-10000 -8664
-10000 -8663
-10000 -8662
-10000 -8661
-10000 -8660
-10000 -8659
-10000 -8658
-10000 -8657
-10000 -8656
-10000 -8655
-10000 -8654
-10000 -8653
-10000 -8652
-10000 -8651
-10000 -8650
-10000 -8649
-10000 -8648
-10000 -8647
-10000 -8646
-10000 -8645
-10000 -8644
-10000 -8643
-10000 -8642
-10000 -8641
-10000 -8640
-10000 -8639
-10000 -8638
-10000 -8637
-10000 -8636
-10000 -8635
-10000 -8634
-10000 -8633
-10000 -8632
-10000 -8631
-10000 -8630
-10000 -8629
-10000 -8628
-10000 -8627
-10000 -8626
-10000 -8625
-10000 -8624
-10000 -8623
-10000 -8622
-10000 -8621
-10000 -8620
-10000 -8619
-10000 -8618
-10000 -8617
-10000 -8616
-10000 -8615
-10000 -8614
-10000 -8613
-10000 -8612
-10000 -8611
-10000 -8610
-10000 -8609
-10000 -8608
-10000 -8607
-10000 -8606
-10000 -8605
-10000 -8604
-10000 -8603
-10000 -8602
-10000 -8601
-10000 -8600
-10000 -8599
-10000 -8598
-10000 -8597
-10000 -8596
-10000 -8595
-10000 -8594
-10000 -8593
-10000 -8592
-10000 -8591
-10000 -8590
-10000 -8589
-10000 -8588
-10000 -8587
-10000 -8586
-10000 -8585
-10000 -8584
-10000 -8583
-10000 -8582
-10000 -8581
-10000 -8580
-10000 -8579
-10000 -8578
-10000 -8577
-10000 -8576
-10000 -8575
-10000 -8574
-10000 -8573
-10000 -8572
-10000 -8571
-10000 -8570
-10000 -8569
-10000 -8568
-10000 -8567
-10000 -8566
-10000 -8565
-10000 -8564
-10000 -8563
-10000 -8562
-10000 -8561
-10000 -8560
-10000 -8559
-10000 -8558
-10000 -8557
-10000 -8556
-10000 -8555
-10000 -8554
-10000 -8553
-10000 -8552
-10000 -8551
-10000 -8550
-10000 -8549
-10000 -8548
-10000 -8547
-10000 -8546
-10000 -8545
-10000 -8544
-10000 -8543
-10000 -8542
-10000 -8541
-10000 -8540
-10000 -8539
-10000 -8538
-10000 -8537
-10000 -8536
-10000 -8535
-10000 -8534
-10000 -8533
-10000 -8532
-10000 -8531
-10000 -8530
-10000 -8529
-10000 -8528
-10000 -8527
-10000 -8526
-10000 -8525
-10000 -8524
-10000 -8523
-10000 -8522
-10000 -8521
-10000 -8520
-10000 -8519
-10000 -8518
-10000 -8517
-10000 -8516
-10000 -8515
-10000 -8514
-10000 -8513
-10000 -8512
-10000 -8511
-10000 -8510
-10000 -8509
-10000 -8508
-10000 -8507
-10000 -8506
-10000 -8505
-10000 -8504
-10000 -8503
-10000 -8502
-10000 -8501
-10000 -8500
-10000 -8499
-10000 -8498
-10000 -8497
-10000 -8496
-10000 -8495
-10000 -8494
-10000 -8493
-10000 -8492
-10000 -8491
-10000 -8490
-10000 -8489
-10000 -8488
-10000 -8487
-10000 -8486
-10000 -8485
-10000 -8484
-10000 -8483
-10000 -8482
-10000 -8481
-10000 -8480
-10000 -8479
-10000 -8478
-10000 -8477
-10000 -8476
-10000 -8475
-10000 -8474
-10000 -8473
-10000 -8472
-10000 -8471
-10000 -8470
-10000 -8469
-10000 -8468
-10000 -8467
-10000 -8466
-10000 -8465
-10000 -8464
-10000 -8463
-10000 -8462
-10000 -8461
-10000 -8460
-10000 -8459
-10000 -8458
-10000 -8457
-10000 -8456
-10000 -8455
-10000 -8454
-10000 -8453
-10000 -8452
-10000 -8451
-10000 -8450
-10000 -8449
-10000 -8448
-10000 -8447
-10000 -8446
-10000 -8445
-10000 -8444
-10000 -8443
-10000 -8442
-10000 -8441
-10000 -8440
-10000 -8439
-10000 -8438
-10000 -8437
-10000 -8436
-10000 -8435
-10000 -8434
-10000 -8433
-10000 -8432
-10000 -8431
-10000 -8430
-10000 -8429
-10000 -8428
-10000 -8427
-10000 -8426
-10000 -8425
-10000 -8424
-10000 -8423
-10000 -8422
-10000 -8421
-10000 -8420
-10000 -8419
-10000 -8418
-10000 -8417
-10000 -8416
-10000 -8415
-10000 -8414
-10000 -8413
-10000 -8412
-10000 -8411
-10000 -8410
-10000 -8409
-10000 -8408
-10000 -8407
-10000 -8406
-10000 -8405
-10000 -8404
-10000 -8403
-10000 -8402
-10000 -8401
-10000 -8400
-10000 -8399
-10000 -8398
-10000 -8397
-10000 -8396
-10000 -8395
-10000 -8394
-10000 -8393
-10000 -8392
-10000 -8391
-10000 -8390
-10000 -8389
-10000 -8388
-10000 -8387
-10000 -8386
-10000 -8385
-10000 -8384
-10000 -8383
-10000 -8382
-10000 -8381
-10000 -8380
-10000 -8379
-10000 -8378
-10000 -8377
-10000 -8376
-10000 -8375
-10000 -8374
-10000 -8373
-10000 -8372
-10000 -8371
-10000 -8370
-10000 -8369
-10000 -8368
-10000 -8367
-10000 -8366
-10000 -8365
-10000 -8364
-10000 -8363
-10000 -8362
-10000 -8361
-10000 -8360
-10000 -8359
-10000 -8358
-10000 -8357
-10000 -8356
-10000 -8355
-10000 -8354
-10000 -8353
-10000 -8352
-10000 -8351
-10000 -8350
-10000 -8349
-10000 -8348
-10000 -8347
-10000 -8346
-10000 -8345
-10000 -8344
-10000 -8343
-10000 -8342
-10000 -8341
-10000 -8340
-10000 -8339
-10000 -8338
-10000 -8337
-10000 -8336
-10000 -8335
-10000 -8334
-10000 -8333
-10000 -8332
-10000 -8331
-10000 -8330
-10000 -8329
-10000 -8328
-10000 -8327
-10000 -8326
-10000 -8325
-10000 -8324
-10000 -8323
-10000 -8322
-10000 -8321
-10000 -8320
-10000 -8319
-10000 -8318
-10000 -8317
-10000 -8316
-10000 -8315
-10000 -8314
-10000 -8313
-10000 -8312
-10000 -8311
-10000 -8310
-10000 -8309
-10000 -8308
-10000 -8307
-10000 -8306
-10000 -8305
-10000 -8304
-10000 -8303
-10000 -8302
-10000 -8301
-10000 -8300
-10000 -8299
-10000 -8298
-10000 -8297
-10000 -8296
-10000 -8295
-10000 -8294
-10000 -8293
-10000 -8292
-10000 -8291
-10000 -8290
-10000 -8289
-10000 -8288
-10000 -8287
-10000 -8286
-10000 -8285
-10000 -8284
-10000 -8283
-10000 -8282
-10000 -8281
-10000 -8280
-10000 -8279
-10000 -8278
-10000 -8277
-10000 -8276
-10000 -8275
-10000 -8274
-10000 -8273
-10000 -8272
-10000 -8271
-10000 -8270
-10000 -8269
-10000 -8268
-10000 -8267
-10000 -8266
-10000 -8265
-10000 -8264
-10000 -8263
-10000 -8262
-10000 -8261
-10000 -8260
-10000 -8259
-10000 -8258
-10000 -8257
-10000 -8256
-10000 -8255
-10000 -8254
-10000 -8253
-10000 -8252
-10000 -8251
-10000 -8250
-10000 -8249
-10000 -8248
-10000 -8247
-10000 -8246
-10000 -8245
-10000 -8244
-10000 -8243
-10000 -8242
-10000 -8241
-10000 -8240
-10000 -8239
-10000 -8238
-10000 -8237
-10000 -8236
-10000 -8235
-10000 -8234
-10000 -8233
-10000 -8232
-10000 -8231
-10000 -8230
-10000 -8229
-10000 -8228
-10000 -8227
-10000 -8226
-10000 -8225
-10000 -8224
-10000 -8223
-10000 -8222
-10000 -8221
-10000 -8220
-10000 -8219
-10000 -8218
-10000 -8217
-10000 -8216
-10000 -8215
-10000 -8214
-10000 -8213
-10000 -8212
-10000 -8211
-10000 -8210
-10000 -8209
-10000 -8208
-10000 -8207
-10000 -8206
-10000 -8205
-10000 -8204
-10000 -8203
-10000 -8202
-10000 -8201
-10000 -8200
-10000 -8199
-10000 -8198
-10000 -8197
-10000 -8196
-10000 -8195
-10000 -8194
-10000 -8193
-10000 -8192
-10000 -8191
-10000 -8190
-10000 -8189
-10000 -8188
-10000 -8187
-10000 -8186
-10000 -8185
-10000 -8184
-10000 -8183
-10000 -8182
-10000 -8181
-10000 -8180
-10000 -8179
-10000 -8178
-10000 -8177
-10000 -8176
-10000 -8175
-10000 -8174
-10000 -8173
-10000 -8172
-10000 -8171
-10000 -8170
-10000 -8169
-10000 -8168
-10000 -8167
-10000 -8166
-10000 -8165
-10000 -8164
-10000 -8163
-10000 -8162
-10000 -8161
-10000 -8160
-10000 -8159
-10000 -8158
-10000 -8157
-10000 -8156
-10000 -8155
-10000 -8154
-10000 -8153
-10000 -8152
-10000 -8151
-10000 -8150
-10000 -8149
-10000 -8148
-10000 -8147
-10000 -8146
-10000 -8145
-10000 -8144
-10000 -8143
-10000 -8142
-10000 -8141
-10000 -8140
-10000 -8139
-10000 -8138
-10000 -8137
-10000 -8136
-10000 -8135
-10000 -8134
-10000 -8133
-10000 -8132
-10000 -8131
-10000 -8130
-10000 -8129
-10000 -8128
-10000 -8127
-10000 -8126
-10000 -8125
-10000 -8124
-10000 -8123
-10000 -8122
-10000 -8121
-10000 -8120
-10000 -8119
-10000 -8118
-10000 -8117
-10000 -8116
-10000 -8115
-10000 -8114
-10000 -8113
-10000 -8112
-10000 -8111
-10000 -8110
-10000 -8109
-10000 -8108
-10000 -8107
-10000 -8106
-10000 -8105
-10000 -8104
-10000 -8103
-10000 -8102
-10000 -8101
-10000 -8100
-10000 -8099
-10000 -8098
-10000 -8097
-10000 -8096
-10000 -8095
-10000 -8094
-10000 -8093
-10000 -8092
-10000 -8091
-10000 -8090
-10000 -8089
-10000 -8088
-10000 -8087
-10000 -8086
-10000 -8085
-10000 -8084
-10000 -8083
-10000 -8082
-10000 -8081
-10000 -8080
-10000 -8079
-10000 -8078
-10000 -8077
-10000 -8076
-10000 -8075
-10000 -8074
-10000 -8073
-10000 -8072
-10000 -8071
-10000 -8070
-10000 -8069
-10000 -8068
-10000 -8067
-10000 -8066
-10000 -8065
-10000 -8064
-10000 -8063
-10000 -8062
-10000 -8061
-10000 -8060
-10000 -8059
-10000 -8058
-10000 -8057
-10000 -8056
-10000 -8055
-10000 -8054
-10000 -8053
-10000 -8052
-10000 -8051
-10000 -8050
-10000 -8049
-10000 -8048
-10000 -8047
-10000 -8046
-10000 -8045
-10000 -8044
-10000 -8043
-10000 -8042
-10000 -8041
-10000 -8040
-10000 -8039
-10000 -8038
-10000 -8037
-10000 -8036
-10000 -8035
-10000 -8034
-10000 -8033
-10000 -8032
-10000 -8031
-10000 -8030
-10000 -8029
-10000 -8028
-10000 -8027
-10000 -8026
-10000 -8025
-10000 -8024
-10000 -8023
-10000 -8022
-10000 -8021
-10000 -8020
-10000 -8019
-10000 -8018
-10000 -8017
-10000 -8016
-10000 -8015
-10000 -8014
-10000 -8013
-10000 -8012
-10000 -8011
-10000 -8010
-10000 -8009
-10000 -8008
-10000 -8007
-10000 -8006
-10000 -8005
-10000 -8004
-10000 -8003
-10000 -8002
-10000 -8001
-10000 -8000
-10000 -7999
-10000 -7998
-10000 -7997
-10000 -7996
-10000 -7995
-10000 -7994
-10000 -7993
-10000 -7992
-10000 -7991
-10000 -7990
-10000 -7989
-10000 -7988
-10000 -7987
-10000 -7986
-10000 -7985
-10000 -7984
-10000 -7983
-10000 -7982
-10000 -7981
-10000 -7980
-10000 -7979
-10000 -7978
-10000 -7977
-10000 -7976
-10000 -7975
-10000 -7974
-10000 -7973
-10000 -7972
-10000 -7971
-10000 -7970
-10000 -7969
-10000 -7968
-10000 -7967
-10000 -7966
-10000 -7965
-10000 -7964
-10000 -7963
-10000 -7962
-10000 -7961
-10000 -7960
-10000 -7959
-10000 -7958
-10000 -7957
-10000 -7956
-10000 -7955
-10000 -7954
-10000 -7953
-10000 -7952
-10000 -7951
-10000 -7950
-10000 -7949
-10000 -7948
-10000 -7947
-10000 -7946
-10000 -7945
-10000 -7944
-10000 -7943
-10000 -7942
-10000 -7941
-10000 -7940
-10000 -7939
-10000 -7938
-10000 -7937
-10000 -7936
-10000 -7935
-10000 -7934
-10000 -7933
-10000 -7932
-10000 -7931
-10000 -7930
-10000 -7929
-10000 -7928
-10000 -7927
-10000 -7926
-10000 -7925
-10000 -7924
-10000 -7923
-10000 -7922
-10000 -7921
-10000 -7920
-10000 -7919
-10000 -7918
-10000 -7917
-10000 -7916
-10000 -7915
-10000 -7914
-10000 -7913
-10000 -7912
-10000 -7911
-10000 -7910
-10000 -7909
-10000 -7908
-10000 -7907
-10000 -7906
-10000 -7905
-10000 -7904
-10000 -7903
-10000 -7902
-10000 -7901
-10000 -7900
-10000 -7899
-10000 -7898
-10000 -7897
-10000 -7896
-10000 -7895
-10000 -7894
-10000 -7893
-10000 -7892
-10000 -7891
-10000 -7890
-10000 -7889
-10000 -7888
-10000 -7887
-10000 -7886
-10000 -7885
-10000 -7884
-10000 -7883
-10000 -7882
-10000 -7881
-10000 -7880
-10000 -7879
-10000 -7878
-10000 -7877
-10000 -7876
-10000 -7875
-10000 -7874
-10000 -7873
-10000 -7872
-10000 -7871
-10000 -7870
-10000 -7869
-10000 -7868
-10000 -7867
-10000 -7866
-10000 -7865
-10000 -7864
-10000 -7863
-10000 -7862
-10000 -7861
-10000 -7860
-10000 -7859
-10000 -7858
-10000 -7857
-10000 -7856
-10000 -7855
-10000 -7854
-10000 -7853
-10000 -7852
-10000 -7851
-10000 -7850
-10000 -7849
-10000 -7848
-10000 -7847
-10000 -7846
-10000 -7845
-10000 -7844
-10000 -7843
-10000 -7842
-10000 -7841
-10000 -7840
-10000 -7839
-10000 -7838
-10000 -7837
-10000 -7836
-10000 -7835
-10000 -7834
-10000 -7833
-10000 -7832
-10000 -7831
-10000 -7830
-10000 -7829
-10000 -7828
-10000 -7827
-10000 -7826
-10000 -7825
-10000 -7824
-10000 -7823
-10000 -7822
-10000 -7821
-10000 -7820
-10000 -7819
-10000 -7818
-10000 -7817
-10000 -7816
-10000 -7815
-10000 -7814
-10000 -7813
-10000 -7812
-10000 -7811
-10000 -7810
-10000 -7809
-10000 -7808
-10000 -7807
-10000 -7806
-10000 -7805
-10000 -7804
-10000 -7803
-10000 -7802
-10000 -7801
-10000 -7800
-10000 -7799
-10000 -7798
-10000 -7797
-10000 -7796
-10000 -7795
-10000 -7794
-10000 -7793
-10000 -7792
-10000 -7791
-10000 -7790
-10000 -7789
-10000 -7788
-10000 -7787
-10000 -7786
-10000 -7785
-10000 -7784
-10000 -7783
-10000 -7782
-10000 -7781
-10000 -7780
-10000 -7779
-10000 -7778
-10000 -7777
-10000 -7776
-10000 -7775
-10000 -7774
-10000 -7773
-10000 -7772
-10000 -7771
-10000 -7770
-10000 -7769
-10000 -7768
-10000 -7767
-10000 -7766
-10000 -7765
-10000 -7764
-10000 -7763
-10000 -7762
-10000 -7761
-10000 -7760
-10000 -7759
-10000 -7758
-10000 -7757
-10000 -7756
-10000 -7755
-10000 -7754
-10000 -7753
-10000 -7752
-10000 -7751
-10000 -7750
-10000 -7749
-10000 -7748
-10000 -7747
-10000 -7746
-10000 -7745
-10000 -7744
-10000 -7743
-10000 -7742
-10000 -7741
-10000 -7740
-10000 -7739
-10000 -7738
-10000 -7737
-10000 -7736
-10000 -7735
-10000 -7734
-10000 -7733
-10000 -7732
-10000 -7731
-10000 -7730
-10000 -7729
-10000 -7728
-10000 -7727
-10000 -7726
-10000 -7725
-10000 -7724
-10000 -7723
-10000 -7722
-10000 -7721
-10000 -7720
-10000 -7719
-10000 -7718
-10000 -7717
-10000 -7716
-10000 -7715
-10000 -7714
-10000 -7713
-10000 -7712
-10000 -7711
-10000 -7710
-10000 -7709
-10000 -7708
-10000 -7707
-10000 -7706
-10000 -7705
-10000 -7704
-10000 -7703
-10000 -7702
-10000 -7701
-10000 -7700
-10000 -7699
-10000 -7698
-10000 -7697
-10000 -7696
-10000 -7695
-10000 -7694
-10000 -7693
-10000 -7692
-10000 -7691
-10000 -7690
-10000 -7689
-10000 -7688
-10000 -7687
-10000 -7686
-10000 -7685
-10000 -7684
-10000 -7683
-10000 -7682
-10000 -7681
-10000 -7680
-10000 -7679
-10000 -7678
-10000 -7677
-10000 -7676
-10000 -7675
-10000 -7674
-10000 -7673
-10000 -7672
-10000 -7671
-10000 -7670
-10000 -7669
-10000 -7668
-10000 -7667
-10000 -7666
-10000 -7665
-10000 -7664
-10000 -7663
-10000 -7662
-10000 -7661
-10000 -7660
-10000 -7659
-10000 -7658
-10000 -7657
-10000 -7656
-10000 -7655
-10000 -7654
-10000 -7653
-10000 -7652
-10000 -7651
-10000 -7650
-10000 -7649
-10000 -7648
-10000 -7647
-10000 -7646
-10000 -7645
-10000 -7644
-10000 -7643
-10000 -7642
-10000 -7641
-10000 -7640
-10000 -7639
-10000 -7638
-10000 -7637
-10000 -7636
-10000 -7635
-10000 -7634
-10000 -7633
-10000 -7632
-10000 -7631
-10000 -7630
-10000 -7629
-10000 -7628
-10000 -7627
-10000 -7626
-10000 -7625
-10000 -7624
-10000 -7623
-10000 -7622
-10000 -7621
-10000 -7620
-10000 -7619
-10000 -7618
-10000 -7617
-10000 -7616
-10000 -7615
-10000 -7614
-10000 -7613
-10000 -7612
-10000 -7611
-10000 -7610
-10000 -7609
-10000 -7608
-10000 -7607
-10000 -7606
-10000 -7605
-10000 -7604
-10000 -7603
-10000 -7602
-10000 -7601
-10000 -7600
-10000 -7599
-10000 -7598
-10000 -7597
-10000 -7596
-10000 -7595
-10000 -7594
-10000 -7593
-10000 -7592
-10000 -7591
-10000 -7590
-10000 -7589
-10000 -7588
-10000 -7587
-10000 -7586
-10000 -7585
-10000 -7584
-10000 -7583
-10000 -7582
-10000 -7581
-10000 -7580
-10000 -7579
-10000 -7578
-10000 -7577
-10000 -7576
-10000 -7575
-10000 -7574
-10000 -7573
-10000 -7572
-10000 -7571
-10000 -7570
-10000 -7569
-10000 -7568
-10000 -7567
-10000 -7566
-10000 -7565
-10000 -7564
-10000 -7563
-10000 -7562
-10000 -7561
-10000 -7560
-10000 -7559
-10000 -7558
-10000 -7557
-10000 -7556
-10000 -7555
-10000 -7554
-10000 -7553
-10000 -7552
-10000 -7551
-10000 -7550
-10000 -7549
-10000 -7548
-10000 -7547
-10000 -7546
-10000 -7545
-10000 -7544
-10000 -7543
-10000 -7542
-10000 -7541
-10000 -7540
-10000 -7539
-10000 -7538
-10000 -7537
-10000 -7536
-10000 -7535
-10000 -7534
-10000 -7533
-10000 -7532
-10000 -7531
-10000 -7530
-10000 -7529
-10000 -7528
-10000 -7527
-10000 -7526
-10000 -7525
-10000 -7524
-10000 -7523
-10000 -7522
-10000 -7521
-10000 -7520
-10000 -7519
-10000 -7518
-10000 -7517
-10000 -7516
-10000 -7515
-10000 -7514
-10000 -7513
-10000 -7512
-10000 -7511
-10000 -7510
-10000 -7509
-10000 -7508
-10000 -7507
-10000 -7506
-10000 -7505
-10000 -7504
-10000 -7503
-10000 -7502
-10000 -7501
-9999 -10000
-9998 -10000
-9997 -10000
-9996 -10000
-9995 -10000
-9994 -10000
-9993 -10000
-9992 -10000
-9991 -10000
-9990 -10000
-9989 -10000
-9988 -10000
-9987 -10000
-9986 -10000
-9985 -10000
-9984 -10000
-9983 -10000
-9982 -10000
-9981 -10000
-9980 -10000
-9979 -10000
-9978 -10000
-9977 -10000
-9976 -10000
-9975 -10000
-9974 -10000
-9973 -10000
-9972 -10000
-9971 -10000
-9970 -10000
-9969 -10000
-9968 -10000
-9967 -10000
-9966 -10000
-9965 -10000
-9964 -10000
-9963 -10000
-9962 -10000
-9961 -10000
-9960 -10000
-9959 -10000
-9958 -10000
-9957 -10000
-9956 -10000
-9955 -10000
-9954 -10000
-9953 -10000
-9952 -10000
-9951 -10000
-9950 -10000
-9949 -10000
-9948 -10000
-9947 -10000
-9946 -10000
-9945 -10000
-9944 -10000
-9943 -10000
-9942 -10000
-9941 -10000
-9940 -10000
-9939 -10000
-9938 -10000
-9937 -10000
-9936 -10000
-9935 -10000
-9934 -10000
-9933 -10000
-9932 -10000
-9931 -10000
-9930 -10000
-9929 -10000
-9928 -10000
-9927 -10000
-9926 -10000
-9925 -10000
-9924 -10000
-9923 -10000
-9922 -10000
-9921 -10000
-9920 -10000
-9919 -10000
-9918 -10000
-9917 -10000
-9916 -10000
-9915 -10000
-9914 -10000
-9913 -10000
-9912 -10000
-9911 -10000
-9910 -10000
-9909 -10000
-9908 -10000
-9907 -10000
-9906 -10000
-9905 -10000
-9904 -10000
-9903 -10000
-9902 -10000
-9901 -10000
-9900 -10000
-9899 -10000
-9898 -10000
-9897 -10000
-9896 -10000
-9895 -10000
-9894 -10000
-9893 -10000
-9892 -10000
-9891 -10000
-9890 -10000
-9889 -10000
-9888 -10000
-9887 -10000
-9886 -10000
-9885 -10000
-9884 -10000
-9883 -10000
-9882 -10000
-9881 -10000
-9880 -10000
-9879 -10000
-9878 -10000
-9877 -10000
-9876 -10000
-9875 -10000
-9874 -10000
-9873 -10000
-9872 -10000
-9871 -10000
-9870 -10000
-9869 -10000
-9868 -10000
-9867 -10000
-9866 -10000
-9865 -10000
-9864 -10000
-9863 -10000
-9862 -10000
-9861 -10000
-9860 -10000
-9859 -10000
-9858 -10000
-9857 -10000
-9856 -10000
-9855 -10000
-9854 -10000
-9853 -10000
-9852 -10000
-9851 -10000
-9850 -10000
-9849 -10000
-9848 -10000
-9847 -10000
-9846 -10000
-9845 -10000
-9844 -10000
-9843 -10000
-9842 -10000
-9841 -10000
-9840 -10000
-9839 -10000
-9838 -10000
-9837 -10000
-9836 -10000
-9835 -10000
-9834 -10000
-9833 -10000
-9832 -10000
-9831 -10000
-9830 -10000
-9829 -10000
-9828 -10000
-9827 -10000
-9826 -10000
-9825 -10000
-9824 -10000
-9823 -10000
-9822 -10000
-9821 -10000
-9820 -10000
-9819 -10000
-9818 -10000
-9817 -10000
-9816 -10000
-9815 -10000
-9814 -10000
-9813 -10000
-9812 -10000
-9811 -10000
-9810 -10000
-9809 -10000
-9808 -10000
-9807 -10000
-9806 -10000
-9805 -10000
-9804 -10000
-9803 -10000
-9802 -10000
-9801 -10000
-9800 -10000
-9799 -10000
-9798 -10000
-9797 -10000
-9796 -10000
-9795 -10000
-9794 -10000
-9793 -10000
-9792 -10000
-9791 -10000
-9790 -10000
-9789 -10000
-9788 -10000
-9787 -10000
-9786 -10000
-9785 -10000
-9784 -10000
-9783 -10000
-9782 -10000
-9781 -10000
-9780 -10000
-9779 -10000
-9778 -10000
-9777 -10000
-9776 -10000
-9775 -10000
-9774 -10000
-9773 -10000
-9772 -10000
-9771 -10000
-9770 -10000
-9769 -10000
-9768 -10000
-9767 -10000
-9766 -10000
-9765 -10000
-9764 -10000
-9763 -10000
-9762 -10000
-9761 -10000
-9760 -10000
-9759 -10000
-9758 -10000
-9757 -10000
-9756 -10000
-9755 -10000
-9754 -10000
-9753 -10000
-9752 -10000
-9751 -10000
-9750 -10000
-9749 -10000
-9748 -10000
-9747 -10000
-9746 -10000
-9745 -10000
-9744 -10000
-9743 -10000
-9742 -10000
-9741 -10000
-9740 -10000
-9739 -10000
-9738 -10000
-9737 -10000
-9736 -10000
-9735 -10000
-9734 -10000
-9733 -10000
-9732 -10000
-9731 -10000
-9730 -10000
-9729 -10000
-9728 -10000
-9727 -10000
-9726 -10000
-9725 -10000
-9724 -10000
-9723 -10000
-9722 -10000
-9721 -10000
-9720 -10000
-9719 -10000
-9718 -10000
-9717 -10000
-9716 -10000
-9715 -10000
-9714 -10000
-9713 -10000
-9712 -10000
-9711 -10000
-9710 -10000
-9709 -10000
-9708 -10000
-9707 -10000
-9706 -10000
-9705 -10000
-9704 -10000
-9703 -10000
-9702 -10000
-9701 -10000
-9700 -10000
-9699 -10000
-9698 -10000
-9697 -10000
-9696 -10000
-9695 -10000
-9694 -10000
-9693 -10000
-9692 -10000
-9691 -10000
-9690 -10000
-9689 -10000
-9688 -10000
-9687 -10000
-9686 -10000
-9685 -10000
-9684 -10000
-9683 -10000
-9682 -10000
-9681 -10000
-9680 -10000
-9679 -10000
-9678 -10000
-9677 -10000
-9676 -10000
-9675 -10000
-9674 -10000
-9673 -10000
-9672 -10000
-9671 -10000
-9670 -10000
-9669 -10000
-9668 -10000
-9667 -10000
-9666 -10000
-9665 -10000
-9664 -10000
-9663 -10000
-9662 -10000
-9661 -10000
-9660 -10000
-9659 -10000
-9658 -10000
-9657 -10000
-9656 -10000
-9655 -10000
-9654 -10000
-9653 -10000
-9652 -10000
-9651 -10000
-9650 -10000
-9649 -10000
-9648 -10000
-9647 -10000
-9646 -10000
-9645 -10000
-9644 -10000
-9643 -10000
-9642 -10000
-9641 -10000
-9640 -10000
-9639 -10000
-9638 -10000
-9637 -10000
-9636 -10000
-9635 -10000
-9634 -10000
-9633 -10000
-9632 -10000
-9631 -10000
-9630 -10000
-9629 -10000
-9628 -10000
-9627 -10000
-9626 -10000
-9625 -10000
-9624 -10000
-9623 -10000
-9622 -10000
-9621 -10000
-9620 -10000
-9619 -10000
-9618 -10000
-9617 -10000
-9616 -10000
-9615 -10000
-9614 -10000
-9613 -10000
-9612 -10000
-9611 -10000
-9610 -10000
-9609 -10000
-9608 -10000
-9607 -10000
-9606 -10000
-9605 -10000
-9604 -10000
-9603 -10000
-9602 -10000
-9601 -10000
-9600 -10000
-9599 -10000
-9598 -10000
-9597 -10000
-9596 -10000
-9595 -10000
-9594 -10000
-9593 -10000
-9592 -10000
-9591 -10000
-9590 -10000
-9589 -10000
-9588 -10000
-9587 -10000
-9586 -10000
-9585 -10000
-9584 -10000
-9583 -10000
-9582 -10000
-9581 -10000
-9580 -10000
-9579 -10000
-9578 -10000
-9577 -10000
-9576 -10000
-9575 -10000
-9574 -10000
-9573 -10000
-9572 -10000
-9571 -10000
-9570 -10000
-9569 -10000
-9568 -10000
-9567 -10000
-9566 -10000
-9565 -10000
-9564 -10000
-9563 -10000
-9562 -10000
-9561 -10000
-9560 -10000
-9559 -10000
-9558 -10000
-9557 -10000
-9556 -10000
-9555 -10000
-9554 -10000
-9553 -10000
-9552 -10000
-9551 -10000
-9550 -10000
-9549 -10000
-9548 -10000
-9547 -10000
-9546 -10000
-9545 -10000
-9544 -10000
-9543 -10000
-9542 -10000
-9541 -10000
-9540 -10000
-9539 -10000
-9538 -10000
-9537 -10000
-9536 -10000
-9535 -10000
-9534 -10000
-9533 -10000
-9532 -10000
-9531 -10000
-9530 -10000
-9529 -10000
-9528 -10000
-9527 -10000
-9526 -10000
-9525 -10000
-9524 -10000
-9523 -10000
-9522 -10000
-9521 -10000
-9520 -10000
-9519 -10000
-9518 -10000
-9517 -10000
-9516 -10000
-9515 -10000
-9514 -10000
-9513 -10000
-9512 -10000
-9511 -10000
-9510 -10000
-9509 -10000
-9508 -10000
-9507 -10000
-9506 -10000
-9505 -10000
-9504 -10000
-9503 -10000
-9502 -10000
-9501 -10000
-9500 -10000
-9499 -10000
-9498 -10000
-9497 -10000
-9496 -10000
-9495 -10000
-9494 -10000
-9493 -10000
-9492 -10000
-9491 -10000
-9490 -10000
-9489 -10000
-9488 -10000
-9487 -10000
-9486 -10000
-9485 -10000
-9484 -10000
-9483 -10000
-9482 -10000
-9481 -10000
-9480 -10000
-9479 -10000
-9478 -10000
-9477 -10000
-9476 -10000
-9475 -10000
-9474 -10000
-9473 -10000
-9472 -10000
-9471 -10000
-9470 -10000
-9469 -10000
-9468 -10000
-9467 -10000
-9466 -10000
-9465 -10000
-9464 -10000
-9463 -10000
-9462 -10000
-9461 -10000
-9460 -10000
-9459 -10000
-9458 -10000
-9457 -10000
-9456 -10000
-9455 -10000
-9454 -10000
-9453 -10000
-9452 -10000
-9451 -10000
-9450 -10000
-9449 -10000
-9448 -10000
-9447 -10000
-9446 -10000
-9445 -10000
-9444 -10000
-9443 -10000
-9442 -10000
-9441 -10000
-9440 -10000
-9439 -10000
-9438 -10000
-9437 -10000
-9436 -10000
-9435 -10000
-9434 -10000
-9433 -10000
-9432 -10000
-9431 -10000
-9430 -10000
-9429 -10000
-9428 -10000
-9427 -10000
-9426 -10000
-9425 -10000
-9424 -10000
-9423 -10000
-9422 -10000
-9421 -10000
-9420 -10000
-9419 -10000
-9418 -10000
-9417 -10000
-9416 -10000
-9415 -10000
-9414 -10000
-9413 -10000
-9412 -10000
-9411 -10000
-9410 -10000
-9409 -10000
-9408 -10000
-9407 -10000
-9406 -10000
-9405 -10000
-9404 -10000
-9403 -10000
-9402 -10000
-9401 -10000
-9400 -10000
-9399 -10000
-9398 -10000
-9397 -10000
-9396 -10000
-9395 -10000
-9394 -10000
-9393 -10000
-9392 -10000
-9391 -10000
-9390 -10000
-9389 -10000
-9388 -10000
-9387 -10000
-9386 -10000
-9385 -10000
-9384 -10000
-9383 -10000
-9382 -10000
-9381 -10000
-9380 -10000
-9379 -10000
-9378 -10000
-9377 -10000
-9376 -10000
-9375 -10000
-9374 -10000
-9373 -10000
-9372 -10000
-9371 -10000
-9370 -10000
-9369 -10000
-9368 -10000
-9367 -10000
-9366 -10000
-9365 -10000
-9364 -10000
-9363 -10000
-9362 -10000
-9361 -10000
-9360 -10000
-9359 -10000
-9358 -10000
-9357 -10000
-9356 -10000
-9355 -10000
-9354 -10000
-9353 -10000
-9352 -10000
-9351 -10000
-9350 -10000
-9349 -10000
-9348 -10000
-9347 -10000
-9346 -10000
-9345 -10000
-9344 -10000
-9343 -10000
-9342 -10000
-9341 -10000
-9340 -10000
-9339 -10000
-9338 -10000
-9337 -10000
-9336 -10000
-9335 -10000
-9334 -10000
-9333 -10000
-9332 -10000
-9331 -10000
-9330 -10000
-9329 -10000
-9328 -10000
-9327 -10000
-9326 -10000
-9325 -10000
-9324 -10000
-9323 -10000
-9322 -10000
-9321 -10000
-9320 -10000
-9319 -10000
-9318 -10000
-9317 -10000
-9316 -10000
-9315 -10000
-9314 -10000
-9313 -10000
-9312 -10000
-9311 -10000
-9310 -10000
-9309 -10000
-9308 -10000
-9307 -10000
-9306 -10000
-9305 -10000
-9304 -10000
-9303 -10000
-9302 -10000
-9301 -10000
-9300 -10000
-9299 -10000
-9298 -10000
-9297 -10000
-9296 -10000
-9295 -10000
-9294 -10000
-9293 -10000
-9292 -10000
-9291 -10000
-9290 -10000
-9289 -10000
-9288 -10000
-9287 -10000
-9286 -10000
-9285 -10000
-9284 -10000
-9283 -10000
-9282 -10000
-9281 -10000
-9280 -10000
-9279 -10000
-9278 -10000
-9277 -10000
-9276 -10000
-9275 -10000
-9274 -10000
-9273 -10000
-9272 -10000
-9271 -10000
-9270 -10000
-9269 -10000
-9268 -10000
-9267 -10000
-9266 -10000
-9265 -10000
-9264 -10000
-9263 -10000
-9262 -10000
-9261 -10000
-9260 -10000
-9259 -10000
-9258 -10000
-9257 -10000
-9256 -10000
-9255 -10000
-9254 -10000
-9253 -10000
-9252 -10000
-9251 -10000
-9250 -10000
-9249 -10000
-9248 -10000
-9247 -10000
-9246 -10000
-9245 -10000
-9244 -10000
-9243 -10000
-9242 -10000
-9241 -10000
-9240 -10000
-9239 -10000
-9238 -10000
-9237 -10000
-9236 -10000
-9235 -10000
-9234 -10000
-9233 -10000
-9232 -10000
-9231 -10000
-9230 -10000
-9229 -10000
-9228 -10000
-9227 -10000
-9226 -10000
-9225 -10000
-9224 -10000
-9223 -10000
-9222 -10000
-9221 -10000
-9220 -10000
-9219 -10000
-9218 -10000
-9217 -10000
-9216 -10000
-9215 -10000
-9214 -10000
-9213 -10000
-9212 -10000
-9211 -10000
-9210 -10000
-9209 -10000
-9208 -10000
-9207 -10000
-9206 -10000
-9205 -10000
-9204 -10000
-9203 -10000
-9202 -10000
-9201 -10000
-9200 -10000
-9199 -10000
-9198 -10000
-9197 -10000
-9196 -10000
-9195 -10000
-9194 -10000
-9193 -10000
-9192 -10000
-9191 -10000
-9190 -10000
-9189 -10000
-9188 -10000
-9187 -10000
-9186 -10000
-9185 -10000
-9184 -10000
-9183 -10000
-9182 -10000
-9181 -10000
-9180 -10000
-9179 -10000
-9178 -10000
-9177 -10000
-9176 -10000
-9175 -10000
-9174 -10000
-9173 -10000
-9172 -10000
-9171 -10000
-9170 -10000
-9169 -10000
-9168 -10000
-9167 -10000
-9166 -10000
-9165 -10000
-9164 -10000
-9163 -10000
-9162 -10000
-9161 -10000
-9160 -10000
-9159 -10000
-9158 -10000
-9157 -10000
-9156 -10000
-9155 -10000
-9154 -10000
-9153 -10000
-9152 -10000
-9151 -10000
-9150 -10000
-9149 -10000
-9148 -10000
-9147 -10000
-9146 -10000
-9145 -10000
-9144 -10000
-9143 -10000
-9142 -10000
-9141 -10000
-9140 -10000
-9139 -10000
-9138 -10000
-9137 -10000
-9136 -10000
-9135 -10000
-9134 -10000
-9133 -10000
-9132 -10000
-9131 -10000
-9130 -10000
-9129 -10000
-9128 -10000
-9127 -10000
-9126 -10000
-9125 -10000
-9124 -10000
-9123 -10000
-9122 -10000
-9121 -10000
-9120 -10000
-9119 -10000
-9118 -10000
-9117 -10000
-9116 -10000
-9115 -10000
-9114 -10000
-9113 -10000
-9112 -10000
-9111 -10000
-9110 -10000
-9109 -10000
-9108 -10000
-9107 -10000
-9106 -10000
-9105 -10000
-9104 -10000
-9103 -10000
-9102 -10000
-9101 -10000
-9100 -10000
-9099 -10000
-9098 -10000
-9097 -10000
-9096 -10000
-9095 -10000
-9094 -10000
-9093 -10000
-9092 -10000
-9091 -10000
-9090 -10000
-9089 -10000
-9088 -10000
-9087 -10000
-9086 -10000
-9085 -10000
-9084 -10000
-9083 -10000
-9082 -10000
-9081 -10000
-9080 -10000
-9079 -10000
-9078 -10000
-9077 -10000
-9076 -10000
-9075 -10000
-9074 -10000
-9073 -10000
-9072 -10000
-9071 -10000
-9070 -10000
-9069 -10000
-9068 -10000
-9067 -10000
-9066 -10000
-9065 -10000
-9064 -10000
-9063 -10000
-9062 -10000
-9061 -10000
-9060 -10000
-9059 -10000
-9058 -10000
-9057 -10000
-9056 -10000
-9055 -10000
-9054 -10000
-9053 -10000
-9052 -10000
-9051 -10000
-9050 -10000
-9049 -10000
-9048 -10000
-9047 -10000
-9046 -10000
-9045 -10000
-9044 -10000
-9043 -10000
-9042 -10000
-9041 -10000
-9040 -10000
-9039 -10000
-9038 -10000
-9037 -10000
-9036 -10000
-9035 -10000
-9034 -10000
-9033 -10000
-9032 -10000
-9031 -10000
-9030 -10000
-9029 -10000
-9028 -10000
-9027 -10000
-9026 -10000
-9025 -10000
-9024 -10000
-9023 -10000
-9022 -10000
-9021 -10000
-9020 -10000
-9019 -10000
-9018 -10000
-9017 -10000
-9016 -10000
-9015 -10000
-9014 -10000
-9013 -10000
-9012 -10000
-9011 -10000
-9010 -10000
-9009 -10000
-9008 -10000
-9007 -10000
-9006 -10000
-9005 -10000
-9004 -10000
-9003 -10000
-9002 -10000
-9001 -10000
-9000 -10000
-8999 -10000
-8998 -10000
-8997 -10000
-8996 -10000
-8995 -10000
-8994 -10000
-8993 -10000
-8992 -10000
-8991 -10000
-8990 -10000
-8989 -10000
-8988 -10000
-8987 -10000
-8986 -10000
-8985 -10000
-8984 -10000
-8983 -10000
-8982 -10000
-8981 -10000
-8980 -10000
-8979 -10000
-8978 -10000
-8977 -10000
-8976 -10000
-8975 -10000
-8974 -10000
-8973 -10000
-8972 -10000
-8971 -10000
-8970 -10000
-8969 -10000
-8968 -10000
-8967 -10000
-8966 -10000
-8965 -10000
-8964 -10000
-8963 -10000
-8962 -10000
-8961 -10000
-8960 -10000
-8959 -10000
-8958 -10000
-8957 -10000
-8956 -10000
-8955 -10000
-8954 -10000
-8953 -10000
-8952 -10000
-8951 -10000
-8950 -10000
-8949 -10000
-8948 -10000
-8947 -10000
-8946 -10000
-8945 -10000
-8944 -10000
-8943 -10000
-8942 -10000
-8941 -10000
-8940 -10000
-8939 -10000
-8938 -10000
-8937 -10000
-8936 -10000
-8935 -10000
-8934 -10000
-8933 -10000
-8932 -10000
-8931 -10000
-8930 -10000
-8929 -10000
-8928 -10000
-8927 -10000
-8926 -10000
-8925 -10000
-8924 -10000
-8923 -10000
-8922 -10000
-8921 -10000
-8920 -10000
-8919 -10000
-8918 -10000
-8917 -10000
-8916 -10000
-8915 -10000
-8914 -10000
-8913 -10000
-8912 -10000
-8911 -10000
-8910 -10000
-8909 -10000
-8908 -10000
-8907 -10000
-8906 -10000
-8905 -10000
-8904 -10000
-8903 -10000
-8902 -10000
-8901 -10000
-8900 -10000
-8899 -10000
-8898 -10000
-8897 -10000
-8896 -10000
-8895 -10000
-8894 -10000
-8893 -10000
-8892 -10000
-8891 -10000
-8890 -10000
-8889 -10000
-8888 -10000
-8887 -10000
-8886 -10000
-8885 -10000
-8884 -10000
-8883 -10000
-8882 -10000
-8881 -10000
-8880 -10000
-8879 -10000
-8878 -10000
-8877 -10000
-8876 -10000
-8875 -10000
-8874 -10000
-8873 -10000
-8872 -10000
-8871 -10000
-8870 -10000
-8869 -10000
-8868 -10000
-8867 -10000
-8866 -10000
-8865 -10000
-8864 -10000
-8863 -10000
-8862 -10000
-8861 -10000
-8860 -10000
-8859 -10000
-8858 -10000
-8857 -10000
-8856 -10000
-8855 -10000
-8854 -10000
-8853 -10000
-8852 -10000
-8851 -10000
-8850 -10000
-8849 -10000
-8848 -10000
-8847 -10000
-8846 -10000
-8845 -10000
-8844 -10000
-8843 -10000
-8842 -10000
-8841 -10000
-8840 -10000
-8839 -10000
-8838 -10000
-8837 -10000
-8836 -10000
-8835 -10000
-8834 -10000
-8833 -10000
-8832 -10000
-8831 -10000
-8830 -10000
-8829 -10000
-8828 -10000
-8827 -10000
-8826 -10000
-8825 -10000
-8824 -10000
-8823 -10000
-8822 -10000
-8821 -10000
-8820 -10000
-8819 -10000
-8818 -10000
-8817 -10000
-8816 -10000
-8815 -10000
-8814 -10000
-8813 -10000
-8812 -10000
-8811 -10000
-8810 -10000
-8809 -10000
-8808 -10000
-8807 -10000
-8806 -10000
-8805 -10000
-8804 -10000
-8803 -10000
-8802 -10000
-8801 -10000
-8800 -10000
-8799 -10000
-8798 -10000
-8797 -10000
-8796 -10000
-8795 -10000
-8794 -10000
-8793 -10000
-8792 -10000
-8791 -10000
-8790 -10000
-8789 -10000
-8788 -10000
-8787 -10000
-8786 -10000
-8785 -10000
-8784 -10000
-8783 -10000
-8782 -10000
-8781 -10000
-8780 -10000
-8779 -10000
-8778 -10000
-8777 -10000
-8776 -10000
-8775 -10000
-8774 -10000
-8773 -10000
-8772 -10000
-8771 -10000
-8770 -10000
-8769 -10000
-8768 -10000
-8767 -10000
-8766 -10000
-8765 -10000
-8764 -10000
-8763 -10000
-8762 -10000
-8761 -10000
-8760 -10000
-8759 -10000
-8758 -10000
-8757 -10000
-8756 -10000
-8755 -10000
-8754 -10000
-8753 -10000
-8752 -10000
-8751 -10000
-8750 -10000
-8749 -10000
-8748 -10000
-8747 -10000
-8746 -10000
-8745 -10000
-8744 -10000
-8743 -10000
-8742 -10000
-8741 -10000
-8740 -10000
-8739 -10000
-8738 -10000
-8737 -10000
-8736 -10000
-8735 -10000
-8734 -10000
-8733 -10000
-8732 -10000
-8731 -10000
-8730 -10000
-8729 -10000
-8728 -10000
-8727 -10000
-8726 -10000
-8725 -10000
-8724 -10000
-8723 -10000
-8722 -10000
-8721 -10000
-8720 -10000
-8719 -10000
-8718 -10000
-8717 -10000
-8716 -10000
-8715 -10000
-8714 -10000
-8713 -10000
-8712 -10000
-8711 -10000
-8710 -10000
-8709 -10000
-8708 -10000
-8707 -10000
-8706 -10000
-8705 -10000
-8704 -10000
-8703 -10000
-8702 -10000
-8701 -10000
-8700 -10000
-8699 -10000
-8698 -10000
-8697 -10000
-8696 -10000
-8695 -10000
-8694 -10000
-8693 -10000
-8692 -10000
-8691 -10000
-8690 -10000
-8689 -10000
-8688 -10000
-8687 -10000
-8686 -10000
-8685 -10000
-8684 -10000
-8683 -10000
-8682 -10000
-8681 -10000
-8680 -10000
-8679 -10000
-8678 -10000
-8677 -10000
-8676 -10000
-8675 -10000
-8674 -10000
-8673 -10000
-8672 -10000
-8671 -10000
-8670 -10000
-8669 -10000
-8668 -10000
-8667 -10000
-8666 -10000
-8665 -10000
-8664 -10000
-8663 -10000
-8662 -10000
-8661 -10000
-8660 -10000
-8659 -10000
-8658 -10000
-8657 -10000
-8656 -10000
-8655 -10000
-8654 -10000
-8653 -10000
-8652 -10000
-8651 -10000
-8650 -10000
-8649 -10000
-8648 -10000
-8647 -10000
-8646 -10000
-8645 -10000
-8644 -10000
-8643 -10000
-8642 -10000
-8641 -10000
-8640 -10000
-8639 -10000
-8638 -10000
-8637 -10000
-8636 -10000
-8635 -10000
-8634 -10000
-8633 -10000
-8632 -10000
-8631 -10000
-8630 -10000
-8629 -10000
-8628 -10000
-8627 -10000
-8626 -10000
-8625 -10000
-8624 -10000
-8623 -10000
-8622 -10000
-8621 -10000
-8620 -10000
-8619 -10000
-8618 -10000
-8617 -10000
-8616 -10000
-8615 -10000
-8614 -10000
-8613 -10000
-8612 -10000
-8611 -10000
-8610 -10000
-8609 -10000
-8608 -10000
-8607 -10000
-8606 -10000
-8605 -10000
-8604 -10000
-8603 -10000
-8602 -10000
-8601 -10000
-8600 -10000
-8599 -10000
-8598 -10000
-8597 -10000
-8596 -10000
-8595 -10000
-8594 -10000
-8593 -10000
-8592 -10000
-8591 -10000
-8590 -10000
-8589 -10000
-8588 -10000
-8587 -10000
-8586 -10000
-8585 -10000
-8584 -10000
-8583 -10000
-8582 -10000
-8581 -10000
-8580 -10000
-8579 -10000
-8578 -10000
-8577 -10000
-8576 -10000
-8575 -10000
-8574 -10000
-8573 -10000
-8572 -10000
-8571 -10000
-8570 -10000
-8569 -10000
-8568 -10000
-8567 -10000
-8566 -10000
-8565 -10000
-8564 -10000
-8563 -10000
-8562 -10000
-8561 -10000
-8560 -10000
-8559 -10000
-8558 -10000
-8557 -10000
-8556 -10000
-8555 -10000
-8554 -10000
-8553 -10000
-8552 -10000
-8551 -10000
-8550 -10000
-8549 -10000
-8548 -10000
-8547 -10000
-8546 -10000
-8545 -10000
-8544 -10000
-8543 -10000
-8542 -10000
-8541 -10000
-8540 -10000
-8539 -10000
-8538 -10000
-8537 -10000
-8536 -10000
-8535 -10000
-8534 -10000
-8533 -10000
-8532 -10000
-8531 -10000
-8530 -10000
-8529 -10000
-8528 -10000
-8527 -10000
-8526 -10000
-8525 -10000
-8524 -10000
-8523 -10000
-8522 -10000
-8521 -10000
-8520 -10000
-8519 -10000
-8518 -10000
-8517 -10000
-8516 -10000
-8515 -10000
-8514 -10000
-8513 -10000
-8512 -10000
-8511 -10000
-8510 -10000
-8509 -10000
-8508 -10000
-8507 -10000
-8506 -10000
-8505 -10000
-8504 -10000
-8503 -10000
-8502 -10000
-8501 -10000
-8500 -10000
-8499 -10000
-8498 -10000
-8497 -10000
-8496 -10000
-8495 -10000
-8494 -10000
-8493 -10000
-8492 -10000
-8491 -10000
-8490 -10000
-8489 -10000
-8488 -10000
-8487 -10000
-8486 -10000
-8485 -10000
-8484 -10000
-8483 -10000
-8482 -10000
-8481 -10000
-8480 -10000
-8479 -10000
-8478 -10000
-8477 -10000
-8476 -10000
-8475 -10000
-8474 -10000
-8473 -10000
-8472 -10000
-8471 -10000
-8470 -10000
-8469 -10000
-8468 -10000
-8467 -10000
-8466 -10000
-8465 -10000
-8464 -10000
-8463 -10000
-8462 -10000
-8461 -10000
-8460 -10000
-8459 -10000
-8458 -10000
-8457 -10000
-8456 -10000
-8455 -10000
-8454 -10000
-8453 -10000
-8452 -10000
-8451 -10000
-8450 -10000
-8449 -10000
-8448 -10000
-8447 -10000
-8446 -10000
-8445 -10000
-8444 -10000
-8443 -10000
-8442 -10000
-8441 -10000
-8440 -10000
-8439 -10000
-8438 -10000
-8437 -10000
-8436 -10000
-8435 -10000
-8434 -10000
-8433 -10000
-8432 -10000
-8431 -10000
-8430 -10000
-8429 -10000
-8428 -10000
-8427 -10000
-8426 -10000
-8425 -10000
-8424 -10000
-8423 -10000
-8422 -10000
-8421 -10000
-8420 -10000
-8419 -10000
-8418 -10000
-8417 -10000
-8416 -10000
-8415 -10000
-8414 -10000
-8413 -10000
-8412 -10000
-8411 -10000
-8410 -10000
-8409 -10000
-8408 -10000
-8407 -10000
-8406 -10000
-8405 -10000
-8404 -10000
-8403 -10000
-8402 -10000
-8401 -10000
-8400 -10000
-8399 -10000
-8398 -10000
-8397 -10000
-8396 -10000
-8395 -10000
-8394 -10000
-8393 -10000
-8392 -10000
-8391 -10000
-8390 -10000
-8389 -10000
-8388 -10000
-8387 -10000
-8386 -10000
-8385 -10000
-8384 -10000
-8383 -10000
-8382 -10000
-8381 -10000
-8380 -10000
-8379 -10000
-8378 -10000
-8377 -10000
-8376 -10000
-8375 -10000
-8374 -10000
-8373 -10000
-8372 -10000
-8371 -10000
-8370 -10000
-8369 -10000
-8368 -10000
-8367 -10000
-8366 -10000
-8365 -10000
-8364 -10000
-8363 -10000
-8362 -10000
-8361 -10000
-8360 -10000
-8359 -10000
-8358 -10000
-8357 -10000
-8356 -10000
-8355 -10000
-8354 -10000
-8353 -10000
-8352 -10000
-8351 -10000
-8350 -10000
-8349 -10000
-8348 -10000
-8347 -10000
-8346 -10000
-8345 -10000
-8344 -10000
-8343 -10000
-8342 -10000
-8341 -10000
-8340 -10000
-8339 -10000
-8338 -10000
-8337 -10000
-8336 -10000
-8335 -10000
-8334 -10000
-8333 -10000
-8332 -10000
-8331 -10000
-8330 -10000
-8329 -10000
-8328 -10000
-8327 -10000
-8326 -10000
-8325 -10000
-8324 -10000
-8323 -10000
-8322 -10000
-8321 -10000
-8320 -10000
-8319 -10000
-8318 -10000
-8317 -10000
-8316 -10000
-8315 -10000
-8314 -10000
-8313 -10000
-8312 -10000
-8311 -10000
-8310 -10000
-8309 -10000
-8308 -10000
-8307 -10000
-8306 -10000
-8305 -10000
-8304 -10000
-8303 -10000
-8302 -10000
-8301 -10000
-8300 -10000
-8299 -10000
-8298 -10000
-8297 -10000
-8296 -10000
-8295 -10000
-8294 -10000
-8293 -10000
-8292 -10000
-8291 -10000
-8290 -10000
-8289 -10000
-8288 -10000
-8287 -10000
-8286 -10000
-8285 -10000
-8284 -10000
-8283 -10000
-8282 -10000
-8281 -10000
-8280 -10000
-8279 -10000
-8278 -10000
-8277 -10000
-8276 -10000
-8275 -10000
-8274 -10000
-8273 -10000
-8272 -10000
-8271 -10000
-8270 -10000
-8269 -10000
-8268 -10000
-8267 -10000
-8266 -10000
-8265 -10000
-8264 -10000
-8263 -10000
-8262 -10000
-8261 -10000
-8260 -10000
-8259 -10000
-8258 -10000
-8257 -10000
-8256 -10000
-8255 -10000
-8254 -10000
-8253 -10000
-8252 -10000
-8251 -10000
-8250 -10000
-8249 -10000
-8248 -10000
-8247 -10000
-8246 -10000
-8245 -10000
-8244 -10000
-8243 -10000
-8242 -10000
-8241 -10000
-8240 -10000
-8239 -10000
-8238 -10000
-8237 -10000
-8236 -10000
-8235 -10000
-8234 -10000
-8233 -10000
-8232 -10000
-8231 -10000
-8230 -10000
-8229 -10000
-8228 -10000
-8227 -10000
-8226 -10000
-8225 -10000
-8224 -10000
-8223 -10000
-8222 -10000
-8221 -10000
-8220 -10000
-8219 -10000
-8218 -10000
-8217 -10000
-8216 -10000
-8215 -10000
-8214 -10000
-8213 -10000
-8212 -10000
-8211 -10000
-8210 -10000
-8209 -10000
-8208 -10000
-8207 -10000
-8206 -10000
-8205 -10000
-8204 -10000
-8203 -10000
-8202 -10000
-8201 -10000
-8200 -10000
-8199 -10000
-8198 -10000
-8197 -10000
-8196 -10000
-8195 -10000
-8194 -10000
-8193 -10000
-8192 -10000
-8191 -10000
-8190 -10000
-8189 -10000
-8188 -10000
-8187 -10000
-8186 -10000
-8185 -10000
-8184 -10000
-8183 -10000
-8182 -10000
-8181 -10000
-8180 -10000
-8179 -10000
-8178 -10000
-8177 -10000
-8176 -10000
-8175 -10000
-8174 -10000
-8173 -10000
-8172 -10000
-8171 -10000
-8170 -10000
-8169 -10000
-8168 -10000
-8167 -10000
-8166 -10000
-8165 -10000
-8164 -10000
-8163 -10000
-8162 -10000
-8161 -10000
-8160 -10000
-8159 -10000
-8158 -10000
-8157 -10000
-8156 -10000
-8155 -10000
-8154 -10000
-8153 -10000
-8152 -10000
-8151 -10000
-8150 -10000
-8149 -10000
-8148 -10000
-8147 -10000
-8146 -10000
-8145 -10000
-8144 -10000
-8143 -10000
-8142 -10000
-8141 -10000
-8140 -10000
-8139 -10000
-8138 -10000
-8137 -10000
-8136 -10000
-8135 -10000
-8134 -10000
-8133 -10000
-8132 -10000
-8131 -10000
-8130 -10000
-8129 -10000
-8128 -10000
-8127 -10000
-8126 -10000
-8125 -10000
-8124 -10000
-8123 -10000
-8122 -10000
-8121 -10000
-8120 -10000
-8119 -10000
-8118 -10000
-8117 -10000
-8116 -10000
-8115 -10000
-8114 -10000
-8113 -10000
-8112 -10000
-8111 -10000
-8110 -10000
-8109 -10000
-8108 -10000
-8107 -10000
-8106 -10000
-8105 -10000
-8104 -10000
-8103 -10000
-8102 -10000
-8101 -10000
-8100 -10000
-8099 -10000
-8098 -10000
-8097 -10000
-8096 -10000
-8095 -10000
-8094 -10000
-8093 -10000
-8092 -10000
-8091 -10000
-8090 -10000
-8089 -10000
-8088 -10000
-8087 -10000
-8086 -10000
-8085 -10000
-8084 -10000
-8083 -10000
-8082 -10000
-8081 -10000
-8080 -10000
-8079 -10000
-8078 -10000
-8077 -10000
-8076 -10000
-8075 -10000
-8074 -10000
-8073 -10000
-8072 -10000
-8071 -10000
-8070 -10000
-8069 -10000
-8068 -10000
-8067 -10000
-8066 -10000
-8065 -10000
-8064 -10000
-8063 -10000
-8062 -10000
-8061 -10000
-8060 -10000
-8059 -10000
-8058 -10000
-8057 -10000
-8056 -10000
-8055 -10000
-8054 -10000
-8053 -10000
-8052 -10000
-8051 -10000
-8050 -10000
-8049 -10000
-8048 -10000
-8047 -10000
-8046 -10000
-8045 -10000
-8044 -10000
-8043 -10000
-8042 -10000
-8041 -10000
-8040 -10000
-8039 -10000
-8038 -10000
-8037 -10000
-8036 -10000
-8035 -10000
-8034 -10000
-8033 -10000
-8032 -10000
-8031 -10000
-8030 -10000
-8029 -10000
-8028 -10000
-8027 -10000
-8026 -10000
-8025 -10000
-8024 -10000
-8023 -10000
-8022 -10000
-8021 -10000
-8020 -10000
-8019 -10000
-8018 -10000
-8017 -10000
-8016 -10000
-8015 -10000
-8014 -10000
-8013 -10000
-8012 -10000
-8011 -10000
-8010 -10000
-8009 -10000
-8008 -10000
-8007 -10000
-8006 -10000
-8005 -10000
-8004 -10000
-8003 -10000
-8002 -10000
-8001 -10000
-8000 -10000
-7999 -10000
-7998 -10000
-7997 -10000
-7996 -10000
-7995 -10000
-7994 -10000
-7993 -10000
-7992 -10000
-7991 -10000
-7990 -10000
-7989 -10000
-7988 -10000
-7987 -10000
-7986 -10000
-7985 -10000
-7984 -10000
-7983 -10000
-7982 -10000
-7981 -10000
-7980 -10000
-7979 -10000
-7978 -10000
-7977 -10000
-7976 -10000
-7975 -10000
-7974 -10000
-7973 -10000
-7972 -10000
-7971 -10000
-7970 -10000
-7969 -10000
-7968 -10000
-7967 -10000
-7966 -10000
-7965 -10000
-7964 -10000
-7963 -10000
-7962 -10000
-7961 -10000
-7960 -10000
-7959 -10000
-7958 -10000
-7957 -10000
-7956 -10000
-7955 -10000
-7954 -10000
-7953 -10000
-7952 -10000
-7951 -10000
-7950 -10000
-7949 -10000
-7948 -10000
-7947 -10000
-7946 -10000
-7945 -10000
-7944 -10000
-7943 -10000
-7942 -10000
-7941 -10000
-7940 -10000
-7939 -10000
-7938 -10000
-7937 -10000
-7936 -10000
-7935 -10000
-7934 -10000
-7933 -10000
-7932 -10000
-7931 -10000
-7930 -10000
-7929 -10000
-7928 -10000
-7927 -10000
-7926 -10000
-7925 -10000
-7924 -10000
-7923 -10000
-7922 -10000
-7921 -10000
-7920 -10000
-7919 -10000
-7918 -10000
-7917 -10000
-7916 -10000
-7915 -10000
-7914 -10000
-7913 -10000
-7912 -10000
-7911 -10000
-7910 -10000
-7909 -10000
-7908 -10000
-7907 -10000
-7906 -10000
-7905 -10000
-7904 -10000
-7903 -10000
-7902 -10000
-7901 -10000
-7900 -10000
-7899 -10000
-7898 -10000
-7897 -10000
-7896 -10000
-7895 -10000
-7894 -10000
-7893 -10000
-7892 -10000
-7891 -10000
-7890 -10000
-7889 -10000
-7888 -10000
-7887 -10000
-7886 -10000
-7885 -10000
-7884 -10000
-7883 -10000
-7882 -10000
-7881 -10000
-7880 -10000
-7879 -10000
-7878 -10000
-7877 -10000
-7876 -10000
-7875 -10000
-7874 -10000
-7873 -10000
-7872 -10000
-7871 -10000
-7870 -10000
-7869 -10000
-7868 -10000
-7867 -10000
-7866 -10000
-7865 -10000
-7864 -10000
-7863 -10000
-7862 -10000
-7861 -10000
-7860 -10000
-7859 -10000
-7858 -10000
-7857 -10000
-7856 -10000
-7855 -10000
-7854 -10000
-7853 -10000
-7852 -10000
-7851 -10000
-7850 -10000
-7849 -10000
-7848 -10000
-7847 -10000
-7846 -10000
-7845 -10000
-7844 -10000
-7843 -10000
-7842 -10000
-7841 -10000
-7840 -10000
-7839 -10000
-7838 -10000
-7837 -10000
-7836 -10000
-7835 -10000
-7834 -10000
-7833 -10000
-7832 -10000
-7831 -10000
-7830 -10000
-7829 -10000
-7828 -10000
-7827 -10000
-7826 -10000
-7825 -10000
-7824 -10000
-7823 -10000
-7822 -10000
-7821 -10000
-7820 -10000
-7819 -10000
-7818 -10000
-7817 -10000
-7816 -10000
-7815 -10000
-7814 -10000
-7813 -10000
-7812 -10000
-7811 -10000
-7810 -10000
-7809 -10000
-7808 -10000
-7807 -10000
-7806 -10000
-7805 -10000
-7804 -10000
-7803 -10000
-7802 -10000
-7801 -10000
-7800 -10000
-7799 -10000
-7798 -10000
-7797 -10000
-7796 -10000
-7795 -10000
-7794 -10000
-7793 -10000
-7792 -10000
-7791 -10000
-7790 -10000
-7789 -10000
-7788 -10000
-7787 -10000
-7786 -10000
-7785 -10000
-7784 -10000
-7783 -10000
-7782 -10000
-7781 -10000
-7780 -10000
-7779 -10000
-7778 -10000
-7777 -10000
-7776 -10000
-7775 -10000
-7774 -10000
-7773 -10000
-7772 -10000
-7771 -10000
-7770 -10000
-7769 -10000
-7768 -10000
-7767 -10000
-7766 -10000
-7765 -10000
-7764 -10000
-7763 -10000
-7762 -10000
-7761 -10000
-7760 -10000
-7759 -10000
-7758 -10000
-7757 -10000
-7756 -10000
-7755 -10000
-7754 -10000
-7753 -10000
-7752 -10000
-7751 -10000
-7750 -10000
-7749 -10000
-7748 -10000
-7747 -10000
-7746 -10000
-7745 -10000
-7744 -10000
-7743 -10000
-7742 -10000
-7741 -10000
-7740 -10000
-7739 -10000
-7738 -10000
-7737 -10000
-7736 -10000
-7735 -10000
-7734 -10000
-7733 -10000
-7732 -10000
-7731 -10000
-7730 -10000
-7729 -10000
-7728 -10000
-7727 -10000
-7726 -10000
-7725 -10000
-7724 -10000
-7723 -10000
-7722 -10000
-7721 -10000
-7720 -10000
-7719 -10000
-7718 -10000
-7717 -10000
-7716 -10000
-7715 -10000
-7714 -10000
-7713 -10000
-7712 -10000
-7711 -10000
-7710 -10000
-7709 -10000
-7708 -10000
-7707 -10000
-7706 -10000
-7705 -10000
-7704 -10000
-7703 -10000
-7702 -10000
-7701 -10000
-7700 -10000
-7699 -10000
-7698 -10000
-7697 -10000
-7696 -10000
-7695 -10000
-7694 -10000
-7693 -10000
-7692 -10000
-7691 -10000
-7690 -10000
-7689 -10000
-7688 -10000
-7687 -10000
-7686 -10000
-7685 -10000
-7684 -10000
-7683 -10000
-7682 -10000
-7681 -10000
-7680 -10000
-7679 -10000
-7678 -10000
-7677 -10000
-7676 -10000
-7675 -10000
-7674 -10000
-7673 -10000
-7672 -10000
-7671 -10000
-7670 -10000
-7669 -10000
-7668 -10000
-7667 -10000
-7666 -10000
-7665 -10000
-7664 -10000
-7663 -10000
-7662 -10000
-7661 -10000
-7660 -10000
-7659 -10000
-7658 -10000
-7657 -10000
-7656 -10000
-7655 -10000
-7654 -10000
-7653 -10000
-7652 -10000
-7651 -10000
-7650 -10000
-7649 -10000
-7648 -10000
-7647 -10000
-7646 -10000
-7645 -10000
-7644 -10000
-7643 -10000
-7642 -10000
-7641 -10000
-7640 -10000
-7639 -10000
-7638 -10000
-7637 -10000
-7636 -10000
-7635 -10000
-7634 -10000
-7633 -10000
-7632 -10000
-7631 -10000
-7630 -10000
-7629 -10000
-7628 -10000
-7627 -10000
-7626 -10000
-7625 -10000
-7624 -10000
-7623 -10000
-7622 -10000
-7621 -10000
-7620 -10000
-7619 -10000
-7618 -10000
-7617 -10000
-7616 -10000
-7615 -10000
-7614 -10000
-7613 -10000
-7612 -10000
-7611 -10000
-7610 -10000
-7609 -10000
-7608 -10000
-7607 -10000
-7606 -10000
-7605 -10000
-7604 -10000
-7603 -10000
-7602 -10000
-7601 -10000
-7600 -10000
-7599 -10000
-7598 -10000
-7597 -10000
-7596 -10000
-7595 -10000
-7594 -10000
-7593 -10000
-7592 -10000
-7591 -10000
-7590 -10000
-7589 -10000
-7588 -10000
-7587 -10000
-7586 -10000
-7585 -10000
-7584 -10000
-7583 -10000
-7582 -10000
-7581 -10000
-7580 -10000
-7579 -10000
-7578 -10000
-7577 -10000
-7576 -10000
-7575 -10000
-7574 -10000
-7573 -10000
-7572 -10000
-7571 -10000
-7570 -10000
-7569 -10000
-7568 -10000
-7567 -10000
-7566 -10000
-7565 -10000
-7564 -10000
-7563 -10000
-7562 -10000
-7561 -10000
-7560 -10000
-7559 -10000
-7558 -10000
-7557 -10000
-7556 -10000
-7555 -10000
-7554 -10000
-7553 -10000
-7552 -10000
-7551 -10000
-7550 -10000
-7549 -10000
-7548 -10000
-7547 -10000
-7546 -10000
-7545 -10000
-7544 -10000
-7543 -10000
-7542 -10000
-7541 -10000
-7540 -10000
-7539 -10000
-7538 -10000
-7537 -10000
-7536 -10000
-7535 -10000
-7534 -10000
-7533 -10000
-7532 -10000
-7531 -10000
-7530 -10000
-7529 -10000
-7528 -10000
-7527 -10000
-7526 -10000
-7525 -10000
-7524 -10000
-7523 -10000
-7522 -10000
-7521 -10000
-7520 -10000
-7519 -10000
-7518 -10000
-7517 -10000
-7516 -10000
-7515 -10000
-7514 -10000
-7513 -10000
-7512 -10000
-7511 -10000
-7510 -10000
-7509 -10000
-7508 -10000
-7507 -10000
-7506 -10000
-7505 -10000
-7504 -10000
-7503 -10000
-7502 -10000
-7501 -10000
-2207 8335
