100
10 0 0 5 0
1 0 0.5 0.5 0.5
2 -1 0 0 1
1000000 600000 800000 900000 100000
721092.469 54785.210 -426957.361 -78235.557 17600.291
614372.239 -576831.780 -209383.836 -373479.161 -23536.181
904896.958 301837.528 170632.848 401202.028 -139464.031
666729.722 -175245.448 -116462.728 299590.809 -519530.532
61166.703 -34121.166 43219.402 26566.472 -17349.109
394314.771 48039.626 -274756.452 -53542.223 234613.560
957100.564 411732.729 -349417.256 -300026.906 285972.638
767111.247 29909.825 -366739.571 65240.410 -384626.368
542287.777 387348.662 26575.822 72495.773 28287.798
763227.536 274343.006 -440751.604 -128750.728 -553801.314
697947.342 -222791.473 588310.705 422445.087 -510586.357
335144.250 31779.193 46519.328 194422.438 183562.128
748203.358 287505.541 635962.046 -71179.456 -57674.367
952717.211 -497548.686 29363.070 32139.440 -22843.561
450653.095 99062.635 378859.251 -94521.696 244707.515
367112.864 188724.430 -70897.498 30144.231 -169771.782
966498.146 659107.403 155246.151 -210583.424 913275.994
479810.007 -30802.303 -236666.394 230987.623 112663.045
453595.794 217554.411 -155283.631 29701.238 -226992.262
329088.621 170485.034 107383.633 100763.172 -60190.562
446497.133 94307.726 -145185.628 -21393.523 10375.477
384026.118 -288621.510 -239020.261 25635.645 371295.524
391807.819 -83805.089 -6515.503 -203018.853 -55892.400
175565.214 -28172.974 -13528.066 -38397.821 11077.486
745750.775 -283448.621 182589.086 -153968.256 -256933.758
415495.990 255063.310 293770.936 42889.239 -6358.359
703220.124 23061.274 -52241.932 -561218.692 67342.776
429137.619 -382213.499 -181919.715 195367.069 289870.338
706893.928 -89077.182 -473497.558 -505428.625 -453618.901
522314.152 -67783.482 91319.821 -416406.820 -58857.939
342157.826 -102277.127 -28930.517 155715.700 102548.408
678347.662 -527395.573 -35077.733 -119309.686 -648070.392
623276.350 -335835.636 281159.443 -11007.997 217774.957
904549.326 158950.112 134593.927 -486441.934 502074.034
299243.494 -110765.584 28741.326 61992.091 189012.969
155490.066 -22.578 -1.693 -64939.084 21827.325
798374.554 48740.259 186997.825 -450236.134 201890.555
754012.869 94145.259 -203970.168 -301706.737 -553809.960
133718.172 -31336.180 47192.358 -1892.809 -12823.946
476672.462 -57706.280 70091.132 172802.942 236627.681
228760.464 171834.990 -110601.557 -112091.866 -102443.044
674860.082 460768.576 -423365.469 26201.337 48462.246
296045.764 -45890.788 -96828.941 145046.696 -87759.767
470933.754 -215033.407 350278.544 -384.921 -917.251
882285.094 -51045.855 562541.748 -436853.472 -54726.311
842218.891 96623.371 -301002.002 -125857.018 265076.687
851047.071 59503.852 -148948.688 70222.903 48274.289
27579.318 4935.392 -21568.089 -1500.391 2696.452
814238.272 55005.108 -676959.094 766038.489 269554.150
324446.367 -60039.947 -59341.102 -96764.867 -68671.132
685447.636 -226976.510 -32142.994 -297049.178 161081.299
518701.537 -24805.149 -23494.994 -464046.075 8358.723
351642.510 -16676.756 108212.055 19661.741 349866.016
203519.933 142501.185 -9233.472 26354.564 174660.567
119233.764 -10939.536 -834.972 -91973.538 3943.024
631610.283 393685.737 77322.420 137464.645 12760.608
895485.147 -39346.409 -123589.726 265520.684 704887.181
578342.211 -106089.599 -353050.853 -308386.798 93675.215
571233.491 -487982.306 45669.534 -370787.477 -340270.827
137092.352 -92092.882 -39466.857 72845.322 102765.673
936865.375 -307110.014 -110818.868 -431728.863 504498.417
119620.013 34611.697 50270.768 -2448.946 -930.753
748529.905 -3192.605 -37391.456 -354178.532 -455403.343
831507.758 3049.010 -34183.905 -15956.392 317696.317
344062.058 71810.318 -45139.574 -11257.784 -105962.887
419079.919 108296.587 40345.355 -54453.901 60541.842
655629.326 -65447.778 321245.870 125224.609 434038.692
909704.633 788308.187 49454.972 151343.255 168245.431
718710.054 -169285.592 -392596.308 -699696.934 81646.270
860912.948 172503.158 -487257.230 -66238.547 79910.096
89246.399 -12349.688 -51657.300 -3507.476 3349.088
565044.083 363496.984 171664.268 2860.043 381963.195
291084.268 196358.745 -29090.418 234935.360 46576.448
257440.296 67906.663 22097.715 99686.518 190728.793
663463.302 461476.595 -25182.436 337816.862 525497.605
95161.054 -2142.583 -3722.354 -6247.666 17754.950
179480.386 45778.421 64989.620 -58445.887 73973.782
809726.977 -229085.894 -283236.329 -86714.837 2277.009
730772.971 -400528.051 -150981.941 617119.951 -97969.087
407612.705 42475.053 -40376.577 -13199.704 -332317.319
974477.390 -36220.631 594159.505 -221417.198 -125115.696
827638.040 175634.326 -426878.484 293206.468 670978.528
267484.659 -90561.817 -8834.420 90547.617 8578.106
677538.026 19102.527 2636.898 -201347.957 8044.836
496188.166 285750.944 -197477.269 -252907.078 -200823.292
764795.283 127177.368 -45461.395 -361716.541 633137.374
531061.557 -102408.324 -137777.203 62509.717 -74517.498
652195.430 -68590.026 279886.928 -421980.652 235324.265
265199.993 -199576.164 73523.536 158517.389 157628.974
234465.730 -94402.599 23554.510 74244.965 -36530.032
903738.530 -58101.298 247016.749 -67907.265 18981.539
8889.731 823.450 2569.670 5450.370 -2297.284
970113.614 3977.175 -10647.587 80830.627 -486867.363
851317.694 -477650.436 185015.650 126405.302 -85163.224
70526.758 26038.778 -7297.137 55763.208 -16424.790
775844.813 151175.812 -37480.893 -15071.014 33732.439
