100 1000000
784533 277091
808527 941861
155189 995643
985857 269897
866805 193461
121267 920963
72657 930693
980587 303459
687745 690957
701907 267489
124825 894523
70285 876809
908261 251763
36589 965411
377931 253993
849285 670913
142429 997761
306665 758701
885851 686731
15275 247283
455619 4339
62023 819073
939409 211849
233681 811885
618959 195469
59687 274479
259899 217571
160135 749863
26741 888689
94163 707745
137265 562491
85131 716571
333805 110801
967139 279661
848567 316145
781191 218871
73057 437365
122713 839227
989807 194343
47975 469723
161585 997161
324527 230051
754125 331489
277305 887769
959681 297903
257155 950515
669769 126309
797199 162977
877619 173475
104525 74233
13299 420669
82803 811625
233541 274441
708349 58697
110211 851469
812045 824445
226473 875041
194029 41411
218817 791347
285887 148103
240045 688459
682943 76325
983797 126259
607519 324477
235687 895457
174547 85281
822987 315527
303711 397947
879061 883165
554463 313135
218413 388259
913857 307589
142795 758239
91989 514801
849517 71757
801239 877471
522857 279977
939665 269427
290545 963793
337369 280281
34671 202063
385551 137597
723603 219353
19601 735555
24375 957649
114719 740747
235001 952939
191827 475923
64109 82685
862035 306253
70251 8137
76865 472013
474073 86463
674697 71997
27871 659745
738557 251201
4241 686255
279933 250873
891217 69247
243281 226775
