100 40
25 11
35 33
9 27
29 9
33 5
11 31
1 33
35 3
33 33
35 5
5 27
1 29
29 11
5 33
33 29
9 35
25 29
9 23
27 27
11 11
19 7
7 25
33 9
9 33
23 9
3 7
3 11
3 35
1 35
1 15
7 31
17 9
31 5
27 5
31 11
9 13
5 35
35 7
11 23
3 33
27 11
11 1
1 25
11 33
33 1
27 7
9 5
11 21
3 25
1 1
25 5
33 25
7 29
1 27
27 9
29 3
15 9
3 29
11 29
27 3
31 7
11 17
15 11
1 19
29 7
25 1
29 35
7 19
7 7
19 1
35 1
11 25
7 33
7 27
3 31
7 11
5 31
33 7
7 9
3 1
3 21
29 1
11 13
29 5
9 31
5 9
33 3
1 3
3 13
1 21
31 1
7 17
25 9
27 35
31 3
35 11
9 3
9 1
31 9
13 9
