100 5000
4897 217
3507 4953
633 4669
4375 491
4185 1599
1593 3363
931 4501
4823 1585
3621 3631
4077 1373
489 3847
547 4713
4893 773
1011 4881
1965 541
3455 3985
107 4957
37 4977
4927 4961
1453 1335
3133 1267
83 4743
4603 1439
887 4519
2483 741
1429 1169
461 839
255 3801
1261 3951
933 4465
1521 2245
1197 4809
2451 1017
4053 435
4043 1167
3345 433
1079 2539
621 3375
4047 1185
535 2219
417 3387
571 673
3945 1355
849 3473
3775 797
97 4203
4133 1367
4305 1553
4199 521
333 5
485 2633
937 4879
919 1561
3667 567
1527 4463
4659 4387
785 4753
1529 393
401 4623
1043 1433
317 3369
4833 1367
4493 173
2789 957
573 4001
257 1439
3721 983
925 3141
3753 3631
2393 401
649 1681
3669 11
1241 4571
891 2465
3775 1033
4369 3631
1921 209
4553 1529
321 4835
2637 53
837 499
2317 721
3413 1661
1295 4991
687 3729
161 4757
811 4871
471 3189
883 389
4009 635
781 143
1165 2541
2111 69
3425 187
763 2159
3523 1107
1659 4965
1089 1355
3559 1255
133 15
