75 100000
96973 9007
89859 88501
25961 72067
99457 12173
88341 7669
13851 70231
19277 98881
72479 30691
91865 69529
99795 2073
22565 95043
26197 99313
94881 29687
3809 93347
52943 20601
95253 77505
3245 71129
17829 82269
72415 79403
7155 21855
59131 33139
13331 66669
91517 23729
17197 80409
41963 29233
2091 20059
379 4783
10443 74291
6493 90833
22471 85321
13661 35019
31247 84731
61677 26245
86991 1985
75383 27937
84531 651
23325 64025
14005 68055
68359 29043
11227 65963
31465 98145
23211 2343
85297 12497
27573 88857
79289 23763
19055 83263
81337 5365
85867 15229
98791 25775
11717 24097
7415 61729
5783 74777
25845 25361
92601 13205
12439 74285
94537 95753
25617 82285
23149 12959
18913 71895
20271 17599
6689 94799
75075 13261
75949 18575
52667 11981
9311 69553
28495 25941
74411 27219
14503 62195
94633 72721
61951 31819
2841 63239
83233 5829
26399 98775
16553 34849
78821 17141
