40 1000000
784533 277091
808527 941861
155189 995643
985857 269897
866805 193461
121267 920963
72657 930693
980587 303459
687745 690957
701907 267489
124825 894523
70285 876809
908261 251763
36589 965411
377931 253993
849285 670913
142429 997761
306665 758701
885851 686731
15275 247283
455619 4339
62023 819073
939409 211849
233681 811885
618959 195469
59687 274479
259899 217571
160135 749863
26741 888689
94163 707745
137265 562491
85131 716571
333805 110801
967139 279661
848567 316145
781191 218871
73057 437365
122713 839227
989807 194343
47975 469723
