500 6
140 125 143 172
91 89 127 166
37 63 198 190
26 34 158 125
3 61 25 142
16 139 174 144
92 9 96 40
73 6 164 123
139 104 165 186
79 34 116 114
26 100 62 186
65 51 116 161
143 37 187 61
79 20 141 93
124 28 135 108
75 123 138 151
5 127 78 128
12 9 55 147
104 7 159 158
4 33 58 156
127 10 168 31
57 32 148 61
17 7 169 97
18 70 185 192
21 85 188 120
142 30 191 63
120 120 154 138
34 85 108 94
92 148 96 186
157 88 176 137
5 14 182 82
17 84 153 99
2 8 30 51
28 16 52 182
25 82 33 102
77 123 149 190
151 35 160 146
166 190 184 194
159 36 176 184
175 50 181 126
144 34 169 111
49 107 67 176
26 1 145 125
95 90 105 146
47 48 75 81
42 34 149 160
28 46 97 75
3 130 129 146
58 52 108 86
98 5 113 144
58 0 78 129
10 48 192 69
0 71 150 108
128 62 151 183
114 61 182 172
7 57 129 111
94 30 144 57
160 28 186 141
39 33 48 158
44 23 55 110
46 12 155 93
42 100 150 120
60 99 163 106
170 101 177 111
17 55 179 83
47 53 195 80
124 11 199 184
25 24 156 63
71 2 80 106
85 91 189 174
144 56 188 161
38 42 50 142
47 54 162 144
40 51 86 171
146 139 184 182
69 77 109 109
28 24 50 48
39 19 193 109
48 54 170 128
29 31 148 42
40 71 64 88
59 26 165 199
4 23 167 158
76 30 94 39
44 106 180 122
93 149 98 186
2 26 138 158
49 58 68 181
139 56 154 135
35 107 146 164
33 42 148 83
46 30 95 102
92 74 123 106
56 101 126 148
127 52 153 71
10 111 148 137
93 25 154 48
151 160 187 182
46 30 109 69
125 51 157 173
70 58 185 164
83 139 164 186
52 103 168 176
107 147 173 177
50 57 178 102
26 61 111 92
60 71 190 87
79 180 87 186
79 13 163 36
58 60 171 84
73 35 129 124
127 51 196 82
10 94 98 192
47 52 54 155
37 144 107 165
2 3 38 50
88 39 183 123
138 31 171 99
87 0 107 118
57 69 81 107
108 74 130 176
104 19 156 46
47 43 193 122
67 150 116 154
87 40 172 59
58 41 120 125
28 51 90 169
18 57 73 162
81 33 192 189
69 139 146 170
69 69 176 177
29 80 55 199
57 96 166 138
96 21 148 105
69 66 196 151
53 30 172 125
26 101 123 194
70 89 96 118
98 37 150 98
78 55 149 108
90 70 168 141
117 53 151 147
11 19 71 152
191 124 196 130
87 143 136 165
61 71 108 100
182 46 185 92
182 51 198 171
32 91 34 141
132 63 148 165
23 59 190 128
54 67 160 161
86 156 101 198
102 138 145 174
118 191 177 195
17 13 174 116
149 153 179 156
2 55 3 77
18 142 174 167
26 94 46 164
109 95 152 157
1 27 60 120
56 31 190 82
71 154 199 181
5 68 146 117
88 80 153 171
1 129 119 192
70 80 137 143
9 147 66 194
121 63 132 167
44 89 190 114
31 80 54 171
72 47 175 117
114 145 163 158
81 33 189 108
61 17 174 92
22 72 30 157
81 145 166 153
42 6 82 91
45 84 108 189
164 15 193 55
7 76 179 185
101 11 175 95
169 10 186 156
12 57 117 86
80 22 159 136
46 66 82 78
59 104 189 190
121 0 169 45
26 26 104 62
95 35 131 106
54 2 88 114
28 37 189 191
127 2 191 73
42 4 138 193
38 12 140 165
72 23 179 157
95 21 104 182
18 22 168 152
22 39 157 193
191 3 194 71
33 68 93 199
34 91 188 194
171 7 197 89
12 76 46 196
44 56 91 167
19 19 98 56
16 118 158 182
18 26 70 128
49 63 78 110
42 96 105 189
74 115 123 175
145 34 172 105
10 15 123 35
12 11 57 31
16 134 95 161
131 44 157 87
84 79 189 100
17 6 60 8
138 97 192 174
76 73 119 166
113 116 187 132
4 14 121 99
83 15 183 88
29 56 139 82
118 15 126 99
83 72 134 107
138 115 153 150
74 124 199 189
31 30 97 121
126 100 166 174
35 27 187 142
31 64 122 149
94 22 117 115
26 155 147 164
142 45 194 65
2 89 5 117
49 26 191 51
13 73 162 191
64 18 159 132
30 32 146 118
15 84 112 91
21 55 100 168
9 84 98 98
72 53 192 96
141 38 154 121
2 28 28 49
64 87 123 189
86 176 142 181
76 39 147 136
79 152 94 161
108 56 168 88
32 143 46 180
60 156 197 168
69 58 160 101
122 46 129 124
5 19 54 68
4 49 62 60
40 86 79 101
40 167 117 194
60 120 112 138
139 16 174 112
183 54 191 168
34 12 118 149
57 72 80 173
92 49 102 126
44 60 195 128
81 53 187 104
145 20 151 141
1 71 186 172
3 165 141 196
0 72 188 164
95 57 177 143
5 61 25 159
64 118 127 145
48 163 140 167
113 68 180 163
10 48 185 84
78 153 91 191
116 85 166 194
25 54 199 141
84 64 134 109
62 61 124 132
146 127 189 148
66 81 76 127
31 80 150 150
193 63 195 141
51 101 112 198
92 15 94 82
23 12 198 141
52 34 59 80
21 99 144 154
82 91 94 142
10 140 46 144
73 114 142 173
89 38 123 60
64 71 180 147
72 2 155 113
80 1 161 47
41 29 46 66
151 104 179 147
54 143 150 144
8 29 93 148
27 44 131 160
13 48 108 192
101 47 134 90
8 69 45 152
30 91 119 141
10 49 177 175
35 42 99 69
118 56 175 128
27 11 98 113
80 185 97 186
45 56 113 97
59 58 82 116
20 15 66 143
191 12 197 154
142 0 173 90
86 28 112 121
162 20 184 94
87 66 183 143
58 130 73 159
16 94 48 191
118 10 163 194
62 12 72 165
18 10 45 25
146 1 160 60
17 0 112 5
101 69 118 199
88 10 116 49
157 62 167 172
38 48 134 155
26 159 103 160
27 5 53 108
138 28 145 196
129 57 163 71
14 77 28 123
19 22 194 88
97 61 105 196
5 2 50 197
85 25 118 148
6 62 177 78
157 145 161 155
20 77 124 117
92 19 141 177
9 148 197 151
51 64 88 104
46 101 145 142
85 36 110 94
13 16 171 128
100 135 176 188
73 6 125 86
22 49 166 138
55 6 100 114
69 72 70 121
7 46 109 154
92 171 128 191
58 7 72 125
32 14 81 22
34 148 38 158
84 40 184 102
44 111 117 170
7 16 198 102
75 29 176 127
18 90 86 147
114 121 133 145
51 30 104 79
47 34 114 160
2 27 126 196
71 111 100 140
2 70 20 174
93 139 135 177
117 8 185 133
79 23 161 114
4 9 145 130
170 72 179 121
13 22 129 174
57 96 192 162
37 85 70 88
2 40 184 80
6 154 107 172
42 36 182 44
156 76 188 130
16 46 185 59
18 116 133 174
123 13 184 35
32 9 63 60
152 103 158 140
40 39 175 167
163 100 174 175
68 66 80 122
45 36 90 83
13 151 68 154
57 62 183 178
100 120 180 139
38 58 182 95
74 62 81 113
134 34 147 193
72 15 152 31
91 59 104 117
5 137 33 172
30 72 96 73
132 0 191 6
90 173 152 196
71 92 130 161
18 83 158 134
16 172 113 174
125 91 196 116
53 7 57 78
27 140 84 153
60 172 123 179
52 0 161 59
150 150 171 177
82 33 88 120
128 19 133 74
31 70 34 75
55 7 81 30
12 30 21 74
57 54 184 194
16 6 90 76
35 59 161 115
65 28 133 171
5 78 89 107
28 5 35 46
29 12 195 186
42 36 94 197
52 13 57 167
71 76 115 100
79 67 87 122
59 54 60 131
127 129 135 198
52 17 181 124
79 18 83 167
133 108 134 130
21 100 122 141
97 189 137 191
166 69 183 83
86 18 190 94
37 30 166 153
68 14 105 106
112 0 124 91
157 17 184 69
17 108 112 143
27 21 115 120
90 33 136 177
27 21 149 150
21 86 149 172
19 76 173 174
138 123 142 183
118 14 149 57
7 65 160 191
45 26 167 49
20 8 25 139
174 174 196 196
59 28 67 194
47 23 152 77
139 57 160 66
135 30 188 72
4 1 55 5
82 111 184 120
52 9 161 139
12 40 41 66
16 24 199 70
15 100 64 155
175 19 189 185
131 164 185 181
4 11 138 20
112 155 127 177
6 27 35 86
116 36 152 196
99 100 161 102
23 47 194 62
164 108 195 142
115 184 165 192
5 1 82 183
154 8 175 77
15 91 196 180
132 40 168 190
176 36 191 121
148 21 155 146
43 6 125 193
2 111 122 151
116 76 140 145
8 45 140 124
57 5 192 26
167 52 182 59
129 166 161 169
187 37 194 77
1 7 183 62
105 6 132 9
147 22 194 134
15 49 118 161
90 72 97 177
8 0 114 151
38 17 151 83
62 67 180 104
77 122 195 141
80 184 101 197
110 13 132 187
87 127 128 160
