2000 9
93 48 142 122
112 139 150 194
138 22 170 50
42 26 107 51
105 7 135 98
24 103 92 175
120 64 169 123
91 51 177 155
106 0 130 149
26 91 52 118
44 33 89 186
93 128 112 151
80 42 101 55
154 110 157 199
64 52 125 192
23 28 119 33
0 178 28 191
86 164 189 182
81 60 101 174
69 76 157 102
13 102 166 194
123 138 127 193
71 30 132 68
34 118 166 158
8 93 103 174
162 103 173 197
137 10 156 67
46 102 156 152
105 7 194 187
56 73 145 110
24 92 107 129
51 54 68 142
84 56 171 78
46 0 101 175
85 108 149 169
58 63 131 104
58 29 124 175
147 107 182 186
1 95 149 102
19 5 163 167
64 97 153 104
38 49 131 149
46 13 194 65
5 135 68 168
0 95 133 126
14 114 168 153
65 80 197 111
23 43 39 88
76 37 199 122
113 10 155 154
25 8 40 99
58 30 103 199
16 23 73 129
9 52 180 67
65 89 80 90
50 73 189 137
76 92 109 108
0 9 4 26
23 18 163 141
4 51 8 128
116 109 183 116
183 148 192 159
8 91 61 174
89 104 176 138
13 26 35 32
49 29 171 163
26 41 38 82
150 89 179 163
115 14 196 57
99 3 189 100
28 31 167 156
22 6 149 73
9 91 173 145
124 43 184 75
29 7 173 51
13 75 76 175
10 47 32 119
11 13 85 129
5 58 73 164
177 26 196 188
135 46 171 191
119 61 135 130
131 63 153 123
97 82 165 124
2 90 193 143
139 72 165 132
28 71 37 161
9 81 143 181
22 130 198 149
78 96 150 139
78 127 180 131
48 56 158 75
103 178 125 181
57 106 112 198
141 112 153 180
175 23 197 117
46 112 96 152
119 64 121 100
33 59 77 111
65 119 185 130
4 42 97 135
41 20 134 178
118 13 149 75
58 151 101 190
36 7 149 154
20 51 181 189
52 158 171 196
8 61 136 178
0 15 161 16
27 135 85 195
32 90 66 184
130 20 179 73
52 64 177 97
118 58 180 102
9 63 111 109
37 66 108 128
93 101 102 139
177 149 190 166
34 3 70 111
45 63 177 196
33 141 39 153
54 74 119 168
186 49 187 172
107 37 163 47
179 113 190 117
53 40 198 133
66 58 97 133
65 21 99 109
119 49 125 120
83 10 155 154
176 126 187 131
86 84 187 124
68 13 143 120
21 9 120 107
94 59 184 102
74 22 176 142
44 26 114 195
19 127 40 144
23 12 56 195
126 133 176 177
125 141 192 182
8 23 185 156
3 121 105 136
29 5 89 22
129 17 130 166
70 4 156 110
60 116 104 189
31 6 62 69
32 44 50 137
144 50 170 77
85 78 104 196
42 10 156 11
30 21 61 171
89 120 180 174
16 36 127 157
46 11 98 105
134 10 148 22
149 144 173 195
32 16 84 22
38 58 142 70
14 93 160 104
31 36 46 172
3 25 113 42
55 28 109 167
87 157 97 174
4 158 140 199
138 65 159 146
94 20 113 71
43 22 141 199
106 87 130 130
30 77 55 95
94 65 146 191
37 124 184 143
98 68 188 89
16 63 175 181
36 4 167 50
1 28 23 185
98 72 146 95
99 101 189 121
73 17 86 99
98 22 175 50
3 111 159 117
87 51 128 69
86 164 87 183
50 10 175 48
65 67 85 127
65 98 138 149
14 64 51 164
21 63 113 87
161 51 188 86
16 37 149 57
30 56 142 178
109 138 154 198
76 179 173 183
52 8 112 141
87 159 197 197
49 103 195 133
161 67 167 81
77 56 115 127
42 79 79 189
66 62 137 156
40 18 110 153
119 151 173 172
39 10 149 137
88 54 194 105
117 30 151 37
162 71 173 189
107 103 147 146
151 22 176 133
78 59 130 178
94 27 167 159
87 14 94 43
12 12 44 147
6 64 168 93
78 14 88 83
5 110 134 166
26 27 171 184
90 105 150 121
78 113 112 120
170 14 193 173
185 47 196 94
19 102 133 121
32 96 36 169
24 99 71 168
20 87 47 104
140 170 167 186
48 24 101 103
74 91 118 123
8 29 156 123
5 134 20 152
72 67 143 105
90 56 131 58
137 99 173 149
120 49 162 76
23 89 84 148
64 166 117 196
154 45 158 75
94 73 151 155
72 78 101 192
19 112 67 114
1 56 10 148
89 38 93 178
27 76 45 164
122 108 148 125
57 59 135 153
52 44 92 99
51 0 62 119
10 133 147 145
61 124 181 170
96 134 117 158
165 1 173 31
8 94 56 126
71 21 185 145
56 6 89 16
13 36 85 160
129 132 132 144
4 32 16 117
123 27 150 28
70 2 127 146
144 106 162 189
16 59 118 148
15 21 48 172
5 64 41 80
43 143 60 189
156 67 160 124
33 106 78 115
143 74 145 167
115 22 139 99
67 163 176 179
115 60 184 182
62 89 158 164
61 22 127 31
51 27 143 149
83 92 114 163
90 116 103 155
53 9 71 170
73 43 83 157
32 10 54 105
102 83 103 94
141 42 185 139
69 16 112 171
30 157 192 170
6 65 54 99
61 28 182 95
25 17 157 94
2 25 50 192
13 35 164 158
12 59 185 72
26 7 63 188
40 12 165 22
15 53 33 131
79 133 107 175
1 31 69 147
30 30 91 160
36 133 127 196
47 140 177 172
42 149 62 153
49 46 89 162
10 38 127 136
86 101 148 150
116 13 137 41
101 25 141 92
37 148 52 153
17 15 31 121
40 55 78 66
128 69 152 188
181 14 191 19
33 53 153 161
72 92 179 187
35 36 100 129
74 60 114 98
149 53 158 75
128 107 164 164
91 61 107 123
79 96 107 183
68 7 124 196
66 40 112 161
70 54 123 138
13 47 86 79
10 0 85 23
13 82 160 155
36 28 111 49
12 143 77 175
65 12 128 33
32 98 185 127
12 136 187 161
138 13 147 127
25 148 157 189
52 117 98 172
74 56 120 78
86 76 174 167
36 45 151 175
98 19 139 100
33 153 75 182
34 31 123 32
3 70 189 103
69 30 138 142
16 28 163 50
68 59 183 89
59 131 175 136
129 45 168 198
74 20 83 164
120 29 121 131
3 95 96 116
1 14 14 148
93 59 128 138
112 58 138 138
97 78 168 130
117 97 137 136
22 104 186 111
150 45 176 95
65 39 84 96
28 90 63 180
61 126 107 136
68 5 163 120
59 89 155 127
82 143 102 176
12 60 111 94
83 44 197 78
146 24 196 150
141 19 167 160
37 117 57 137
156 76 171 102
80 29 170 118
6 46 91 195
18 47 22 174
98 49 180 56
47 23 51 162
37 131 58 135
13 42 141 184
40 145 174 170
42 66 61 123
18 120 88 197
111 86 187 105
58 99 193 197
75 20 102 93
40 74 125 145
27 106 81 184
46 98 153 172
6 20 117 64
83 116 88 176
95 10 127 167
73 141 114 157
25 81 90 129
99 41 180 195
46 38 150 44
2 45 75 169
7 72 17 151
158 33 164 127
21 106 98 180
52 56 107 180
92 32 143 38
45 160 50 191
57 182 186 186
34 10 128 79
60 8 115 21
15 41 129 49
4 57 80 126
39 97 43 195
57 3 108 156
98 151 146 197
73 37 197 168
91 46 146 69
43 30 183 191
47 16 165 172
150 121 192 154
72 49 103 67
11 59 60 83
109 115 150 140
131 50 183 194
6 51 52 140
11 16 152 150
19 40 26 44
1 127 157 159
61 102 196 104
48 30 77 190
40 44 196 72
36 41 160 84
24 37 26 154
62 104 182 158
103 128 142 148
165 33 170 141
71 149 95 157
10 9 178 136
94 2 148 140
105 35 145 148
156 47 178 86
92 86 127 160
10 174 69 193
32 128 175 174
120 142 161 164
5 6 74 72
54 128 107 144
87 91 124 141
35 68 47 107
95 10 142 185
8 148 49 171
60 72 125 196
40 117 137 166
27 70 187 182
5 81 42 146
59 99 146 100
99 77 198 191
177 24 195 182
95 3 111 50
117 104 118 195
27 73 199 92
125 141 181 152
166 180 196 184
8 13 55 85
107 36 189 73
102 100 127 140
24 63 112 74
7 89 93 158
21 8 29 139
154 72 162 118
36 46 37 187
52 23 132 26
84 14 184 17
27 47 126 56
23 109 28 177
1 131 132 180
112 27 176 53
112 85 198 173
76 55 157 155
35 3 128 13
61 116 167 181
85 98 187 149
51 31 117 38
84 55 191 85
7 48 122 59
36 53 66 101
14 42 68 135
92 121 96 141
56 88 106 169
28 79 172 89
116 29 174 74
143 47 171 65
99 101 113 184
107 82 125 135
113 98 176 181
4 9 114 103
15 34 156 94
11 32 16 69
15 32 49 78
25 89 196 116
117 12 127 122
69 80 95 113
53 82 173 97
10 63 151 148
9 130 166 150
44 59 68 199
24 51 105 104
16 23 139 105
151 45 177 176
112 17 118 46
152 5 170 152
39 2 182 117
71 181 152 182
66 89 137 170
87 73 199 148
22 8 135 191
99 51 158 98
144 61 147 187
14 112 154 158
94 4 181 6
65 17 127 79
52 25 177 70
4 8 140 139
48 52 186 62
101 103 169 105
55 95 179 175
61 18 95 80
148 77 184 100
3 85 78 152
98 80 135 83
98 6 106 54
16 93 73 192
18 77 149 145
70 154 125 169
26 67 32 180
56 8 194 140
8 5 148 178
4 1 73 116
12 125 116 168
47 112 92 136
5 62 122 83
4 7 50 43
12 73 63 83
144 139 185 192
4 160 190 168
34 5 52 178
152 6 174 130
24 7 87 21
19 90 135 159
185 45 188 178
143 8 190 196
27 75 185 118
56 7 186 193
4 126 171 148
138 84 148 143
21 28 98 173
38 0 47 176
84 147 119 199
63 81 199 106
91 38 118 107
51 21 123 65
40 80 122 136
4 63 171 76
73 60 166 158
83 44 151 69
166 20 178 191
89 97 174 189
83 19 94 37
45 56 86 125
47 8 191 23
33 68 118 78
76 156 156 181
96 111 170 170
124 92 193 109
19 96 171 115
40 95 130 151
24 45 146 67
2 0 192 45
81 73 86 113
51 50 117 132
2 80 21 137
4 50 23 117
134 19 164 27
37 37 120 91
81 35 181 62
75 134 154 173
63 12 167 145
93 141 134 153
8 16 198 24
18 128 43 145
71 6 172 17
98 98 167 143
40 53 97 68
12 61 171 161
88 32 185 48
0 135 72 181
122 4 168 145
22 2 82 165
44 56 118 63
21 59 55 124
88 92 133 97
22 62 102 161
59 0 95 24
37 108 40 138
20 65 128 144
53 49 181 178
94 7 148 114
58 99 152 111
59 16 190 49
24 31 176 102
85 8 140 137
41 42 147 101
10 89 150 136
165 63 196 142
64 88 129 143
90 34 101 84
76 0 185 87
1 19 44 66
76 103 186 105
58 119 105 161
48 45 171 107
85 120 109 140
2 13 159 50
21 73 130 155
106 128 171 189
20 33 124 148
15 6 159 21
57 85 165 130
48 102 146 194
95 47 142 172
37 20 179 199
135 168 147 192
6 65 75 81
73 75 139 169
75 82 93 167
64 71 173 152
2 134 134 193
10 66 198 74
28 31 100 38
49 98 64 138
69 43 171 114
43 70 162 112
65 85 178 183
37 13 88 93
130 3 188 85
22 25 194 147
35 165 61 185
64 114 136 116
8 55 138 182
26 61 52 146
121 130 196 185
44 132 54 181
59 126 147 133
28 124 187 155
118 51 178 94
50 52 95 61
91 65 145 119
57 44 148 100
18 88 107 148
34 119 184 165
69 10 170 88
8 141 25 162
37 43 140 160
123 127 157 170
50 8 135 175
0 113 34 186
78 32 143 114
51 70 123 156
63 112 139 129
108 17 147 87
144 19 195 160
9 141 63 173
105 157 132 189
114 3 196 142
115 150 134 159
88 162 102 164
102 79 169 142
42 23 106 188
37 155 58 177
76 61 102 65
105 51 171 148
45 107 198 165
154 101 197 120
35 3 54 131
122 87 165 135
137 125 199 153
104 8 105 53
104 23 119 26
110 36 113 136
36 29 114 140
24 69 87 153
145 17 179 176
12 8 88 154
122 30 161 50
161 107 169 135
4 96 74 110
14 46 160 81
55 17 126 118
5 110 52 139
155 141 196 160
3 48 52 151
158 31 165 132
2 119 97 126
63 70 109 167
104 38 182 60
123 70 136 139
93 45 106 80
1 28 57 131
82 7 85 87
59 15 102 28
34 0 38 156
35 35 39 61
1 70 157 130
148 1 196 123
121 65 132 97
67 54 174 68
69 145 123 153
22 104 25 137
80 31 176 91
17 30 44 36
86 7 165 118
39 67 42 123
186 55 195 71
73 29 108 100
39 29 99 158
61 123 68 160
171 40 172 125
57 34 183 48
6 27 36 100
148 102 186 163
124 27 196 54
42 59 196 139
45 49 176 183
39 45 128 151
131 34 171 113
2 142 86 175
86 45 104 173
136 20 142 32
107 58 132 171
110 119 169 198
87 105 116 162
111 2 185 19
132 89 186 120
114 117 139 153
23 7 68 9
17 12 128 145
11 18 43 123
69 32 177 135
184 36 189 73
49 3 71 60
21 66 135 194
14 76 106 116
23 83 33 197
167 25 184 112
56 58 120 59
123 59 139 99
94 172 96 196
79 93 170 155
81 102 194 127
11 40 98 91
85 68 198 189
177 4 188 11
58 134 138 151
46 74 196 186
73 39 94 190
116 33 165 141
68 6 197 10
16 42 188 78
64 52 123 109
47 83 184 102
29 56 157 77
44 160 54 178
114 125 157 160
36 155 114 185
154 36 161 143
75 51 158 116
136 83 151 155
90 84 143 128
165 24 166 109
13 77 149 110
36 143 90 177
101 49 106 137
67 32 73 188
33 33 191 185
11 56 171 65
25 117 138 157
2 23 56 52
84 16 88 46
124 67 187 105
13 68 63 76
103 71 180 187
41 62 128 165
136 86 170 128
169 5 192 47
2 63 127 64
3 4 121 132
95 78 126 104
65 28 105 47
73 100 98 168
14 193 188 194
102 88 196 128
100 121 156 177
6 6 27 24
158 46 185 100
10 16 126 47
36 186 197 193
112 120 189 180
42 49 176 192
134 27 193 141
31 124 195 193
140 121 192 128
61 63 103 104
59 41 92 44
14 9 118 151
66 114 107 125
15 152 39 181
27 8 32 93
120 18 152 116
3 35 11 122
51 111 165 123
6 14 71 15
24 158 190 183
61 96 103 141
14 53 34 117
41 15 192 25
2 40 122 60
82 66 169 91
90 165 124 171
62 7 154 46
129 109 194 143
35 60 175 95
114 36 131 50
47 130 71 180
15 62 74 137
80 69 175 150
109 63 121 79
162 43 194 133
83 69 109 141
22 22 128 184
65 74 70 153
12 27 193 95
48 16 170 60
23 161 122 192
50 48 106 166
100 32 170 134
92 23 164 115
21 53 77 118
79 6 107 56
40 14 128 147
68 80 138 174
25 138 165 158
62 107 178 119
93 30 114 71
33 10 87 47
117 17 166 139
38 37 199 127
64 8 110 196
133 3 173 171
105 33 192 45
35 1 185 118
112 113 189 154
33 26 142 68
56 73 85 102
135 35 188 171
4 115 68 117
59 95 182 173
54 31 131 48
30 27 75 174
55 142 129 145
23 14 92 94
132 8 141 195
0 134 149 176
35 99 125 178
137 15 185 182
99 24 124 175
27 184 117 196
150 63 178 87
75 117 147 174
142 23 149 36
44 52 183 153
48 78 166 142
85 0 148 50
53 54 198 71
56 109 188 141
69 18 164 179
76 57 191 154
81 15 111 68
25 23 76 89
29 53 108 110
115 56 157 72
124 96 150 191
32 49 41 147
46 58 176 137
34 11 64 84
27 65 113 73
71 114 161 147
4 176 16 177
70 97 81 141
118 1 175 21
121 57 142 143
78 163 140 184
66 108 71 169
165 18 196 19
38 160 139 162
124 52 148 62
8 32 185 84
28 80 170 100
21 83 173 181
103 58 143 194
31 167 125 177
133 55 144 188
7 60 177 108
21 55 141 81
16 114 19 199
12 31 160 191
62 0 178 108
139 94 161 151
120 14 169 15
56 125 63 148
93 53 127 193
19 63 194 190
7 68 103 139
30 51 165 82
108 57 134 118
80 62 130 102
9 77 59 88
50 42 168 119
21 163 166 173
60 14 135 33
66 54 101 68
96 21 139 178
31 21 38 91
15 0 26 81
54 80 101 102
83 25 162 71
150 39 180 118
191 158 199 198
130 50 140 105
23 99 75 111
161 62 183 196
111 31 170 199
27 125 63 168
143 88 163 189
126 20 176 91
117 3 190 135
158 0 197 54
23 122 173 168
118 12 154 36
97 120 132 161
5 45 151 73
56 154 102 176
97 64 194 146
37 125 110 140
32 165 157 169
43 64 111 167
27 79 166 154
35 87 53 108
140 17 194 41
48 150 99 190
40 61 165 191
9 38 130 149
18 5 30 58
8 71 15 140
108 47 177 170
92 13 100 29
160 15 167 94
27 46 139 81
32 139 84 141
122 35 143 37
119 28 151 103
2 76 83 119
34 57 124 136
73 0 123 157
54 132 119 173
101 104 132 149
34 15 172 103
75 79 77 163
44 59 189 78
25 122 98 138
147 28 198 33
104 26 116 114
49 131 52 141
80 96 143 176
69 48 78 163
130 76 149 151
18 136 65 159
24 41 51 71
45 96 166 186
115 43 145 79
2 26 107 174
40 25 128 108
20 73 187 91
19 86 89 190
71 15 150 133
45 109 182 136
149 122 194 172
86 44 199 175
140 9 145 180
115 90 123 167
69 5 155 35
64 132 94 180
95 0 114 46
8 130 90 167
92 78 174 159
82 37 140 177
47 88 142 135
74 51 79 173
14 3 97 40
62 103 133 166
93 126 140 170
31 145 74 162
49 24 124 35
61 3 69 26
23 85 105 117
117 52 187 148
79 42 183 148
47 122 96 186
66 21 124 192
126 65 135 157
21 95 106 139
41 26 76 137
63 81 132 170
80 20 144 101
34 71 163 78
156 44 191 125
10 106 52 128
6 63 126 125
21 55 155 170
61 3 97 24
55 9 164 29
65 120 199 191
7 13 30 21
30 149 50 195
17 60 28 99
43 155 172 174
103 5 161 60
36 49 198 141
116 95 167 111
38 24 88 33
173 114 183 134
16 69 135 126
105 122 155 146
51 118 178 179
29 81 36 134
128 29 155 43
32 72 38 89
190 15 196 174
28 2 151 108
14 77 145 127
176 80 197 88
35 135 126 166
51 76 133 196
162 116 163 157
22 113 198 185
49 47 120 52
58 15 60 33
123 112 198 184
134 100 191 144
116 4 177 148
26 67 125 187
52 12 141 138
88 12 129 103
160 92 193 172
4 19 61 121
118 110 170 189
30 31 109 168
111 29 187 70
28 121 106 148
25 108 174 136
30 14 158 55
120 23 142 86
46 172 106 191
82 115 135 120
34 51 133 78
132 10 161 195
54 15 100 186
60 138 120 139
103 65 184 80
88 54 171 177
37 82 64 125
88 36 102 178
17 70 139 199
143 51 161 183
93 62 122 84
12 154 197 192
57 22 130 150
33 13 171 75
185 54 186 123
33 38 163 151
66 23 76 193
87 134 112 181
135 49 136 104
87 16 131 129
150 3 158 37
50 115 85 135
8 124 137 143
163 41 190 171
74 10 160 86
91 95 98 147
113 0 196 61
71 1 124 162
49 22 110 162
20 15 50 84
140 46 167 112
62 170 197 197
127 62 194 141
51 11 160 199
30 31 167 179
17 42 173 147
131 13 150 78
69 54 131 108
42 8 119 84
77 11 152 160
25 102 38 142
54 60 118 68
65 30 100 144
29 22 181 106
35 35 146 127
11 35 46 169
10 168 124 197
1 84 49 116
13 74 66 166
59 2 60 118
99 66 165 136
108 31 135 70
21 84 188 186
34 22 57 37
88 139 162 162
53 34 116 77
87 11 110 163
133 46 186 173
44 153 165 154
30 46 71 192
79 113 194 124
18 159 30 175
102 46 186 70
32 64 77 73
57 137 92 160
53 60 143 132
133 2 152 186
14 47 70 92
22 41 46 66
132 6 169 194
138 155 195 173
75 115 115 189
59 71 76 75
101 63 130 129
8 117 145 152
0 65 151 84
82 31 174 92
13 3 152 84
117 56 186 85
6 46 78 160
82 89 199 128
82 33 165 94
25 40 91 183
109 127 181 142
6 40 89 87
86 23 101 50
48 40 135 132
19 30 100 57
53 1 59 172
98 109 192 179
61 173 77 192
134 179 141 184
194 69 198 190
40 16 156 35
56 62 70 64
59 63 140 116
157 30 170 61
117 23 120 110
25 124 143 148
103 93 121 134
72 126 120 181
109 43 195 178
54 10 160 195
86 7 155 28
10 21 94 67
158 0 161 26
169 86 182 154
119 30 145 90
10 98 65 105
121 139 162 166
108 38 122 77
124 104 184 109
100 15 149 100
60 104 165 154
97 67 102 173
96 107 108 168
155 26 168 33
50 8 103 171
140 30 144 142
25 71 89 135
5 138 27 190
145 26 150 140
103 99 150 109
105 150 135 154
124 3 165 70
13 28 72 139
42 74 71 155
8 18 105 72
17 33 40 118
22 59 169 183
30 26 55 199
11 12 129 167
36 124 197 199
89 78 118 196
75 101 153 148
100 76 173 90
56 152 101 185
115 9 131 103
158 125 171 185
27 76 86 79
152 11 169 161
64 29 118 179
167 23 176 194
41 92 194 152
10 181 177 189
48 3 149 86
0 21 147 63
68 7 139 112
69 51 99 79
24 107 187 176
71 84 158 113
66 107 119 167
142 119 164 187
70 11 118 164
82 34 152 83
27 49 54 145
62 69 84 126
20 14 74 168
31 65 98 189
10 90 21 150
21 16 148 46
17 74 109 75
43 10 145 31
63 98 151 163
44 158 150 187
6 11 68 49
61 155 166 176
64 25 122 146
42 90 83 106
71 64 199 159
77 28 162 148
44 161 59 187
151 54 166 151
4 114 20 184
37 24 96 157
12 55 121 161
74 25 169 91
126 3 132 111
6 74 15 132
30 87 110 129
28 4 48 154
74 1 90 151
148 37 168 170
58 44 160 132
40 4 116 137
82 73 113 95
5 177 49 181
97 0 175 16
13 71 88 110
24 15 79 169
88 126 145 195
132 64 196 110
7 21 178 197
150 131 191 133
5 77 197 91
11 89 44 174
123 17 174 48
77 133 191 168
23 78 29 133
23 162 98 178
40 69 68 188
94 53 178 174
32 49 49 122
37 131 124 186
161 58 176 155
51 107 128 155
22 150 178 171
52 60 147 89
97 161 181 181
68 122 158 165
37 166 189 179
40 32 190 61
40 77 193 110
30 165 153 179
30 28 91 166
61 22 175 168
33 89 60 107
118 92 174 180
7 10 103 191
41 85 101 186
16 8 72 10
99 33 176 135
127 32 178 183
7 14 130 176
57 78 195 108
3 173 173 194
81 27 122 84
1 47 30 138
111 156 143 172
15 136 64 160
62 95 136 174
114 41 188 97
98 48 111 112
79 136 119 198
51 3 181 182
131 66 185 181
110 91 133 193
28 17 148 164
140 42 156 50
133 39 176 70
20 42 45 129
59 39 137 79
28 28 101 147
52 10 95 111
1 33 142 34
153 110 181 114
8 90 195 113
70 95 103 144
89 46 130 154
117 49 173 110
32 47 105 172
160 82 174 157
110 140 185 142
44 72 84 181
126 88 153 170
149 33 196 82
9 136 105 179
26 50 107 56
85 81 177 163
181 83 196 103
71 51 86 111
0 70 100 134
83 85 186 143
148 138 180 158
23 21 120 70
26 114 131 188
46 37 50 194
127 30 152 187
124 164 138 194
26 70 73 72
75 80 160 151
44 98 97 180
83 105 191 189
0 99 171 107
63 18 105 29
155 124 160 151
22 58 132 105
128 34 187 62
27 72 34 151
116 10 198 25
159 56 190 153
3 104 111 182
6 51 73 66
15 91 62 173
21 94 199 188
95 28 190 50
67 25 115 131
107 133 183 160
52 3 141 190
37 93 171 180
121 59 190 173
29 158 115 179
88 102 92 134
1 90 192 168
174 60 177 155
45 20 100 166
103 16 168 62
36 33 147 68
22 47 163 112
6 15 33 21
62 17 190 85
83 5 91 41
120 125 154 150
134 24 158 194
33 18 85 153
15 14 128 137
140 95 150 161
28 62 141 152
121 75 184 198
105 29 179 156
92 24 134 72
21 35 55 142
20 72 123 112
97 10 137 87
82 116 112 131
10 67 77 196
100 73 160 127
83 105 175 165
136 68 166 98
59 1 141 159
74 53 87 109
161 14 180 42
9 26 95 68
27 36 179 54
80 142 132 181
17 83 76 136
111 28 184 107
7 36 44 46
0 5 33 81
35 23 190 91
44 89 140 148
23 123 59 176
76 12 147 24
106 89 137 92
138 31 146 95
92 80 96 199
17 37 107 184
47 36 103 133
8 59 164 87
116 1 154 149
51 51 167 94
96 28 163 51
37 34 168 44
60 18 175 185
17 54 185 108
92 27 122 157
28 111 167 198
183 25 191 75
5 113 32 146
156 134 182 137
44 92 135 101
153 75 185 125
42 79 64 136
78 20 128 31
47 66 156 134
47 107 154 125
79 35 156 126
32 39 47 82
9 29 53 104
176 25 193 153
74 122 176 136
65 11 128 139
45 111 106 187
51 1 150 128
44 16 184 111
100 3 145 145
66 4 133 26
30 6 121 82
9 66 28 75
56 67 171 137
151 71 158 164
84 27 174 66
6 91 110 189
143 176 148 177
23 49 171 185
4 121 139 138
95 97 176 140
26 124 81 180
147 92 186 195
75 147 161 189
131 187 162 188
109 117 142 166
77 21 125 25
113 63 172 140
11 85 129 142
73 44 130 125
41 25 45 52
111 126 146 184
7 123 37 178
24 61 190 90
70 64 189 104
38 153 183 163
61 77 138 131
142 80 187 177
93 56 145 83
113 126 142 167
91 138 121 185
35 63 51 78
34 72 126 131
44 27 112 79
55 53 127 197
84 4 107 165
70 95 126 114
74 38 145 117
153 7 161 40
5 64 197 90
69 21 120 55
34 6 78 157
114 9 134 39
90 105 184 180
145 50 197 131
56 27 88 170
51 33 68 129
94 158 164 175
60 32 97 111
10 122 20 123
34 9 163 78
24 80 67 187
2 87 110 188
48 25 66 60
113 3 118 113
28 136 174 199
38 59 101 119
78 20 87 27
9 29 176 139
57 61 62 151
35 80 61 153
64 110 138 116
3 33 102 117
15 22 189 163
121 1 192 43
36 68 39 109
22 77 68 178
25 59 55 175
27 4 37 125
85 6 162 56
124 84 161 102
7 22 140 178
101 50 120 186
8 82 194 169
82 10 104 158
47 65 60 143
21 2 122 189
98 86 184 151
88 56 89 97
77 18 114 99
20 36 88 70
75 24 174 163
66 84 128 144
31 83 144 106
71 100 125 137
95 76 112 126
159 56 184 66
28 138 185 168
10 60 181 146
113 15 184 161
144 147 182 173
30 28 102 192
41 35 138 154
85 60 192 67
11 179 164 190
50 70 151 196
117 26 170 189
32 42 35 82
64 138 78 189
68 180 186 196
150 94 196 166
16 53 105 64
25 24 112 41
64 137 143 176
78 32 165 170
45 76 177 150
3 186 164 189
59 51 198 98
72 27 191 163
65 27 184 121
7 33 34 73
120 66 147 190
16 5 175 70
17 98 124 117
98 62 99 197
11 145 168 178
53 10 192 23
108 68 140 96
18 102 20 116
17 34 105 156
46 37 50 179
21 158 124 165
22 76 64 81
88 51 150 88
161 26 180 155
47 6 148 79
62 144 94 158
63 59 164 167
60 113 102 199
180 52 189 64
132 141 175 146
53 61 86 185
5 77 148 137
160 160 195 165
60 104 69 187
42 116 100 168
107 27 149 173
22 8 110 134
54 39 189 191
44 35 99 196
156 52 193 162
91 134 154 135
26 4 170 79
63 76 188 171
146 84 177 95
133 69 148 196
21 52 92 89
149 10 181 55
84 26 140 114
3 41 144 176
12 82 88 186
67 36 114 111
33 20 100 115
100 43 160 164
59 72 83 149
150 115 196 152
98 26 109 75
71 8 91 130
53 87 134 152
55 3 139 166
129 48 148 63
49 13 79 127
73 36 185 80
11 21 58 92
22 6 155 23
19 34 102 129
92 103 97 145
119 30 151 130
16 177 49 187
44 94 71 125
8 70 126 100
96 35 177 104
31 3 35 69
176 56 185 167
168 38 170 64
3 78 113 186
49 82 155 166
101 130 160 134
31 15 116 32
98 71 151 199
29 12 76 147
59 72 177 176
90 152 190 191
117 91 193 128
50 52 171 84
42 55 89 59
24 57 71 135
27 51 186 55
35 32 182 175
2 98 70 172
67 86 184 91
143 7 178 8
63 46 175 196
143 105 163 170
26 43 120 121
2 50 129 89
54 13 89 64
167 87 188 160
85 16 161 91
90 70 134 133
104 61 149 173
76 99 114 118
85 78 157 141
34 46 73 62
44 29 169 92
5 41 154 103
28 86 74 168
177 56 183 82
15 150 126 173
10 83 102 188
28 12 151 147
156 33 167 167
69 69 155 160
39 76 150 97
6 121 142 132
77 167 190 196
7 5 171 175
36 6 107 113
40 55 65 77
20 141 67 185
66 9 76 40
132 22 142 81
122 7 159 115
34 23 110 42
95 103 186 115
45 53 101 63
15 129 55 181
67 18 99 199
159 149 187 156
11 59 75 170
8 62 127 115
62 19 79 73
153 75 199 124
16 45 76 168
18 21 49 62
48 97 103 193
36 148 68 174
49 13 67 80
14 87 104 101
52 71 102 198
95 51 168 183
36 32 68 40
55 83 169 152
3 29 67 102
23 76 150 171
67 129 184 140
90 45 137 66
73 88 189 135
69 22 167 136
17 17 40 42
57 29 177 63
39 129 65 138
1 16 187 70
38 106 158 141
86 16 124 143
135 72 175 88
6 76 128 125
143 54 164 178
6 78 99 127
138 48 144 184
19 130 192 184
45 56 193 135
4 38 106 198
63 41 175 67
36 36 78 41
131 42 172 104
100 16 173 109
73 46 94 167
97 138 175 150
5 22 181 31
69 27 150 122
18 43 178 124
128 39 198 147
103 110 142 143
14 134 191 184
168 22 186 71
91 65 198 172
55 126 197 185
47 57 58 109
119 152 151 166
120 86 179 175
9 105 107 175
50 80 73 186
2 102 179 166
30 91 129 167
14 1 139 172
124 66 138 133
77 134 160 163
9 125 16 140
39 10 47 116
42 11 128 162
187 8 194 135
108 79 170 86
21 40 126 129
63 159 83 192
3 97 148 118
150 68 183 184
98 7 112 94
31 125 41 160
7 1 115 176
135 63 185 126
99 19 170 151
65 18 96 107
40 9 78 33
92 61 103 119
36 129 128 135
69 135 74 150
133 26 190 83
10 91 122 198
20 3 133 121
49 43 182 102
167 22 177 27
136 1 172 29
54 29 102 94
75 12 155 124
112 3 154 49
97 35 191 56
125 169 182 190
7 120 48 186
6 51 11 83
91 2 165 10
47 50 106 82
80 30 109 44
116 48 182 139
47 62 61 185
59 48 126 196
25 16 173 150
165 67 174 84
45 99 156 162
64 111 123 151
102 4 114 38
48 69 149 119
79 22 88 128
119 9 124 29
8 21 178 59
40 34 132 159
42 23 58 50
18 72 74 97
62 140 92 182
70 10 102 170
66 162 140 174
11 8 93 29
13 74 45 126
122 11 179 117
7 0 185 9
37 80 61 196
107 30 165 144
72 23 81 104
145 33 170 99
59 60 125 157
36 69 183 178
15 134 122 148
125 107 137 113
9 120 46 177
34 76 176 112
21 6 150 28
18 62 82 154
44 0 160 181
67 166 169 170
84 128 144 164
42 8 186 164
5 62 68 78
134 81 147 159
51 92 75 105
4 18 19 131
125 40 192 113
113 84 133 164
96 83 179 171
28 4 199 184
23 19 67 148
11 11 13 76
63 60 197 126
107 33 123 177
5 107 127 142
18 2 51 66
0 95 174 183
63 58 117 180
133 85 160 91
45 22 55 156
3 38 148 178
6 60 124 176
26 116 124 167
181 54 190 187
4 110 125 127
32 6 170 98
81 14 151 94
66 38 115 148
4 18 194 72
67 10 112 193
149 30 152 47
138 48 198 143
63 7 88 130
36 65 83 99
24 123 29 145
8 63 11 184
110 36 120 70
52 83 54 190
174 29 185 178
44 34 69 176
91 91 156 118
112 12 131 108
46 18 96 24
34 157 55 172
15 159 56 187
39 156 48 159
102 77 176 129
10 21 192 177
94 174 159 192
50 29 159 168
69 17 184 198
78 15 154 123
125 115 127 130
29 61 152 102
70 9 144 147
178 35 195 148
126 6 192 55
117 77 171 187
92 38 181 171
38 135 57 178
157 12 160 128
62 13 107 34
109 185 193 194
6 154 140 163
114 151 166 181
89 92 138 98
14 101 87 128
52 54 61 135
17 148 127 165
80 89 109 169
10 36 101 142
29 147 103 162
117 42 197 72
111 71 193 129
81 47 85 110
64 8 124 181
3 73 5 114
63 25 163 113
49 42 190 52
115 78 186 179
113 40 166 106
80 84 116 129
54 51 55 199
131 75 163 187
19 43 50 84
35 59 83 167
86 46 154 63
5 21 66 24
65 68 108 100
109 14 173 74
118 131 186 153
26 13 87 133
178 101 192 129
35 18 142 184
15 108 144 162
27 18 184 47
119 0 134 98
81 51 105 155
48 148 126 191
58 125 150 129
159 130 163 177
30 180 174 181
27 9 60 196
72 50 188 54
121 46 136 100
111 57 169 85
21 108 170 164
10 136 130 157
23 20 186 96
78 75 177 183
117 118 183 183
88 66 132 177
37 50 123 150
32 173 90 177
155 109 188 120
53 34 163 162
35 74 184 185
3 21 85 116
53 147 118 158
43 57 167 133
105 40 159 100
20 14 132 134
88 34 174 105
53 120 191 146
54 44 79 119
52 55 90 147
154 44 179 98
13 6 161 42
32 30 153 139
74 85 189 183
129 50 136 137
64 78 74 194
108 133 172 153
24 54 95 146
39 3 95 40
117 144 143 178
78 67 131 182
33 25 162 102
21 44 53 146
59 13 176 136
44 39 144 126
71 42 187 182
44 20 159 103
186 88 191 107
125 46 179 121
66 67 69 143
132 27 139 28
58 104 115 172
28 9 72 183
2 107 47 197
75 81 171 147
122 18 156 74
62 35 63 189
58 3 126 6
39 110 138 125
52 9 182 98
24 49 146 108
67 86 188 154
73 40 181 134
27 103 101 139
134 5 194 107
81 132 187 156
1 109 109 122
66 0 184 76
44 39 183 110
148 30 186 71
138 121 141 176
92 36 139 76
77 45 197 181
26 145 197 155
51 57 142 196
3 16 23 181
140 54 152 143
63 47 139 121
109 10 189 152
74 43 130 77
10 53 89 71
106 57 108 68
76 115 80 117
50 108 94 173
184 97 196 101
8 59 181 133
63 57 197 149
68 7 98 52
104 46 153 185
94 54 180 109
89 60 136 193
113 26 179 88
68 66 98 136
46 80 123 123
64 146 162 178
92 2 164 44
161 27 170 159
84 159 115 197
36 28 161 175
20 131 164 148
8 77 112 196
106 73 171 123
126 41 171 98
183 4 194 77
61 87 99 89
21 148 94 158
187 74 199 171
25 75 59 140
33 9 69 118
144 138 147 177
59 37 118 81
111 22 170 144
64 118 135 179
64 165 111 172
49 39 50 85
61 11 131 62
113 90 117 171
29 151 151 196
81 160 180 176
111 3 114 192
