6000 13
129 43 195 59
116 21 198 80
91 114 124 192
99 117 187 143
31 111 87 184
121 59 132 125
54 164 60 192
57 62 59 157
44 106 155 117
132 64 174 186
150 4 193 146
89 0 170 50
85 4 198 177
59 166 142 187
78 30 199 107
25 53 179 167
6 170 65 192
93 20 187 165
103 30 196 80
98 64 186 199
25 116 175 156
118 169 160 173
16 33 28 86
50 65 92 87
70 72 174 186
38 12 100 110
85 60 159 74
59 75 114 96
106 43 110 177
20 121 154 124
12 54 39 131
15 7 21 131
88 143 179 163
59 32 70 79
70 1 104 118
148 137 157 187
21 114 84 131
26 52 175 132
82 7 140 150
62 1 160 113
10 108 176 169
8 143 60 184
106 96 113 117
170 58 179 111
37 2 165 159
166 100 185 177
94 54 161 173
11 35 183 140
116 122 195 171
19 50 103 157
130 134 192 175
19 48 57 79
43 59 58 107
52 4 189 71
75 110 131 118
96 41 165 138
145 77 165 149
34 154 172 190
53 4 94 164
84 107 164 181
28 33 93 82
74 147 139 174
29 10 172 189
139 76 168 167
56 147 103 195
23 23 114 132
87 149 115 176
85 30 155 115
113 49 122 168
72 12 168 88
75 26 83 113
20 69 33 158
23 142 133 159
20 33 64 40
103 49 199 78
16 29 43 30
38 66 189 183
18 18 25 138
90 31 196 76
78 92 155 183
120 13 197 63
15 50 165 148
31 61 86 179
129 46 163 112
5 0 118 183
7 33 106 78
75 51 82 135
39 37 151 52
51 11 63 90
23 149 165 180
25 1 169 150
90 14 140 100
6 42 64 181
96 54 184 187
52 103 94 123
57 155 75 159
11 58 82 177
131 68 136 173
15 54 112 103
107 185 184 196
107 104 159 190
114 64 147 76
1 49 198 93
37 24 194 104
10 16 159 123
63 59 134 73
38 60 101 85
36 18 92 141
41 78 152 137
27 152 171 153
104 184 196 188
96 27 175 197
20 95 44 190
6 43 173 54
22 148 52 157
44 10 168 192
10 61 84 166
98 131 107 142
77 34 170 87
134 7 178 28
98 72 151 97
72 47 116 140
34 2 109 69
66 162 181 165
41 89 133 114
2 81 56 148
82 42 115 148
133 80 161 174
139 43 185 187
138 15 156 91
140 24 180 172
118 46 187 123
10 0 182 80
112 6 120 98
146 42 174 149
16 34 78 178
34 60 58 80
55 4 74 71
5 13 98 64
111 87 125 184
65 70 180 189
25 11 192 183
24 42 47 46
86 126 123 147
144 2 178 9
144 11 182 197
47 154 59 191
108 37 153 132
58 81 171 151
65 4 170 174
20 112 46 151
49 40 50 70
84 61 198 161
142 126 166 165
100 173 110 179
147 2 164 160
10 98 162 127
52 15 81 46
48 135 135 195
128 5 181 66
8 88 93 144
21 15 148 72
64 122 127 192
118 85 194 160
65 3 78 196
23 54 55 123
146 153 176 199
88 13 131 127
160 55 197 106
119 15 128 177
93 92 99 157
40 18 162 146
86 45 164 96
44 41 70 130
86 34 178 45
14 50 87 98
22 81 143 108
21 96 186 110
106 26 171 79
7 27 109 193
22 147 93 153
14 121 189 149
64 13 115 119
65 77 129 191
0 16 65 162
86 60 117 182
88 91 198 153
128 124 194 166
56 31 154 163
49 49 149 152
17 59 187 163
27 35 113 167
17 52 146 141
101 116 140 157
10 38 154 196
86 24 180 77
7 73 37 192
24 90 53 102
55 84 88 129
79 11 164 55
54 18 158 35
14 109 15 138
74 23 94 167
102 112 109 122
172 0 190 174
44 51 196 70
16 3 189 175
150 98 153 146
121 75 149 197
153 67 188 196
112 42 178 167
70 5 188 134
175 47 176 106
84 112 196 193
46 185 70 190
85 37 87 126
2 131 193 194
33 51 55 83
83 30 143 157
153 18 158 133
81 13 126 111
103 36 124 56
3 49 51 118
1 79 24 104
86 91 108 188
61 30 80 61
57 9 64 133
71 58 186 184
61 113 179 122
97 141 160 168
12 83 134 108
84 90 162 130
159 23 196 180
106 64 111 76
39 0 167 156
81 51 139 124
16 52 120 137
58 13 158 164
12 11 20 141
46 51 128 87
144 41 156 170
18 42 175 55
81 135 166 164
19 6 66 146
147 59 168 95
63 2 174 174
24 75 113 144
32 59 132 196
39 8 177 167
71 35 81 70
60 7 89 195
18 59 88 194
44 119 61 131
78 117 86 137
18 42 188 127
9 62 31 67
57 130 178 164
42 6 168 34
17 87 23 99
64 141 171 150
15 6 111 57
70 19 80 91
75 23 80 93
29 19 188 167
127 25 177 91
40 57 169 154
45 11 64 196
138 117 193 194
177 61 188 152
36 153 197 166
29 16 102 151
24 80 68 96
95 47 193 62
1 2 118 65
45 36 162 180
3 124 53 142
107 143 124 179
59 47 92 195
114 7 178 91
79 20 185 68
25 89 108 155
46 16 85 185
66 20 169 57
162 7 163 111
125 6 143 111
148 86 171 130
137 137 159 184
0 60 42 128
124 44 148 49
3 91 161 151
41 92 170 193
8 70 78 163
92 17 176 81
1 39 156 194
84 126 187 189
25 45 59 119
12 125 94 145
159 29 182 157
10 5 199 81
90 15 195 36
75 52 199 161
126 63 179 127
22 5 133 198
53 93 184 106
5 52 50 83
131 22 155 30
87 39 190 182
1 9 149 119
40 78 190 193
40 91 112 130
119 174 154 189
87 43 185 48
6 56 184 181
46 26 197 197
69 53 83 108
157 76 184 82
80 124 130 125
44 81 188 155
51 41 134 76
18 18 49 34
94 180 139 195
25 62 27 133
5 6 36 23
25 70 56 187
20 22 75 139
105 128 187 178
6 31 146 157
1 112 146 150
80 81 157 128
155 93 165 121
87 67 90 96
17 57 24 98
37 38 140 76
62 15 149 36
4 51 63 78
2 14 161 184
89 53 162 151
30 100 158 119
127 115 163 170
80 77 190 111
20 53 161 108
15 95 141 142
113 10 141 85
159 29 169 147
10 13 177 71
152 6 187 51
7 132 184 158
44 178 80 191
154 62 187 90
22 7 142 144
143 37 188 198
107 13 118 189
121 70 126 85
80 52 85 110
44 9 128 117
132 41 152 46
155 147 180 186
127 67 183 82
86 11 175 183
11 32 116 141
0 11 130 191
35 0 77 170
98 4 196 50
184 180 197 187
136 12 176 27
69 56 162 119
60 110 121 179
39 120 131 163
155 115 185 176
64 78 109 187
22 79 79 146
1 6 11 66
149 34 194 103
40 5 121 77
100 23 122 180
15 150 59 190
111 26 177 151
40 124 134 165
16 7 110 15
26 74 61 107
43 39 70 170
65 140 191 143
32 69 42 81
25 120 54 145
8 44 184 193
135 74 150 190
51 58 76 193
96 76 105 90
8 132 196 168
63 64 153 66
24 44 61 184
159 135 179 174
18 52 36 74
44 110 73 167
8 0 169 136
9 74 42 151
17 29 21 177
19 61 169 170
68 49 155 195
165 135 166 192
12 63 136 157
149 7 193 48
57 175 148 193
142 95 198 130
31 122 64 148
109 46 111 185
12 113 139 139
160 15 166 51
31 95 190 103
56 13 78 172
128 124 133 136
191 156 196 190
25 43 133 123
38 142 185 155
152 151 158 162
158 22 190 90
87 95 138 152
52 56 83 97
34 113 95 115
40 5 126 95
32 48 186 143
81 52 106 139
89 57 97 87
112 56 186 175
42 111 166 151
87 79 157 151
41 11 186 83
23 50 67 146
123 96 170 104
26 42 180 68
189 14 199 164
16 66 110 139
153 45 162 99
179 59 196 164
19 19 64 134
8 114 195 139
56 67 59 116
116 82 138 97
44 76 165 85
16 55 81 93
91 32 147 87
19 90 176 115
14 35 120 62
79 36 161 122
24 46 164 161
56 0 106 87
6 19 193 143
3 64 142 174
36 8 90 191
72 32 165 78
140 95 191 191
92 35 112 164
95 57 147 139
41 49 121 118
105 188 195 197
151 59 175 198
30 20 82 101
110 47 182 110
108 59 195 113
30 43 35 61
63 70 114 128
55 142 194 165
50 50 183 192
38 168 172 199
108 14 126 119
33 119 117 164
21 58 137 110
48 33 127 130
145 115 197 166
93 58 191 172
25 74 199 80
42 41 100 158
103 103 110 179
14 9 115 56
50 15 167 105
74 67 87 130
109 107 157 159
112 51 182 165
17 60 71 103
29 59 34 81
100 50 107 89
75 69 163 103
108 119 196 171
28 90 134 170
104 36 156 150
110 5 117 145
14 38 104 124
51 93 121 105
61 128 141 179
19 166 70 195
68 117 105 178
56 46 139 69
25 21 67 80
108 85 177 184
104 9 117 168
26 55 99 179
10 41 110 48
143 58 181 84
174 35 194 82
132 135 145 174
45 88 66 118
11 36 96 95
85 35 160 164
49 150 184 156
38 108 196 190
31 141 57 154
30 61 178 99
105 43 184 95
30 176 129 183
109 62 110 164
133 5 148 44
72 45 160 181
64 108 96 196
139 72 160 146
43 93 50 194
12 137 182 151
98 69 173 109
15 64 59 128
32 16 90 161
121 5 197 22
72 132 110 193
114 19 172 186
104 34 131 194
94 99 185 139
88 81 164 165
59 109 69 197
74 49 159 194
28 85 170 87
34 34 80 115
14 79 158 107
44 18 97 125
85 57 128 152
134 78 170 108
146 178 175 180
102 67 110 98
16 39 26 162
15 2 25 188
76 22 178 196
70 113 197 159
101 59 110 91
109 92 112 196
42 43 51 84
65 112 89 136
50 109 121 148
54 12 116 120
116 158 194 180
124 69 134 119
31 47 47 68
11 8 99 65
20 15 137 48
6 80 56 119
150 32 186 63
63 38 148 192
44 79 170 141
34 41 92 142
67 171 166 176
48 62 162 82
147 121 195 130
133 162 137 189
90 35 149 190
108 96 120 121
16 7 182 155
72 4 101 8
27 54 30 164
0 140 161 189
107 43 192 195
21 60 117 170
103 84 120 85
116 12 198 130
17 8 127 190
20 44 161 123
80 33 161 196
24 78 57 181
75 58 112 155
92 25 103 89
11 173 94 185
107 93 174 118
37 55 154 78
39 54 129 146
93 2 98 84
67 23 152 58
60 87 122 126
86 38 176 143
39 31 71 77
49 0 178 36
16 77 39 113
28 32 191 196
126 70 172 94
7 16 135 154
119 11 187 133
31 48 101 139
78 64 194 188
18 121 76 136
52 139 76 173
73 64 89 190
13 9 170 121
157 28 175 85
17 119 163 185
19 46 69 112
26 8 88 183
70 75 172 169
97 65 130 100
182 24 190 44
2 6 86 20
149 78 175 131
70 92 107 147
89 64 113 107
105 12 121 175
105 29 123 144
28 15 30 85
20 77 175 165
10 77 151 159
72 56 130 134
31 153 91 176
68 110 196 153
40 124 128 173
142 127 181 162
96 7 138 137
83 66 110 163
158 36 165 78
32 67 140 106
19 28 188 143
4 117 47 123
10 90 45 194
23 2 170 179
70 92 100 180
29 105 192 130
182 30 199 177
29 115 89 172
84 89 93 165
57 35 172 39
57 58 156 146
108 61 190 130
59 130 154 141
179 59 184 87
0 36 121 144
80 67 139 198
29 36 138 72
31 84 116 111
57 110 102 133
3 8 54 35
92 122 98 195
46 124 102 169
75 40 89 176
39 65 151 132
117 142 199 191
93 89 111 121
10 61 129 91
117 10 187 158
79 109 117 194
109 0 142 70
5 103 68 179
38 107 150 164
167 67 173 118
8 47 18 147
25 122 186 192
68 153 133 199
74 11 100 82
5 63 76 79
26 128 161 189
95 53 171 73
55 143 183 189
35 57 173 166
117 30 192 182
11 44 136 182
103 57 126 110
6 160 37 169
107 15 118 63
108 162 154 197
19 90 105 111
0 22 155 135
65 34 156 129
70 27 148 114
20 6 66 23
52 75 134 195
27 113 150 156
49 149 124 153
171 12 185 73
63 99 116 158
22 143 49 154
91 63 137 159
95 13 172 78
21 3 185 43
99 34 149 92
3 43 82 177
116 74 137 172
150 80 183 154
75 65 131 185
112 126 176 165
49 147 57 196
62 75 103 121
13 64 90 99
156 133 169 183
130 97 179 131
155 17 182 151
91 77 157 194
14 120 190 139
125 37 187 95
69 154 185 159
128 151 194 171
28 103 117 194
23 108 134 149
97 73 196 118
27 133 77 139
11 33 74 164
56 66 59 168
13 88 169 143
73 8 85 42
192 57 197 92
105 84 174 158
106 80 183 163
59 48 138 120
21 92 87 138
83 57 130 106
25 151 189 179
61 94 101 187
116 28 135 132
52 8 110 178
48 38 199 52
21 62 46 75
133 97 145 199
103 81 155 101
7 60 53 92
96 15 170 22
134 46 179 92
111 42 181 161
15 8 40 12
31 16 149 142
4 136 95 171
144 87 183 127
53 119 182 172
41 168 182 192
5 65 160 146
121 78 127 169
28 53 161 56
52 28 73 160
6 98 156 196
0 103 95 124
111 13 184 129
2 2 161 112
81 108 143 145
138 47 194 179
35 19 119 151
19 128 185 156
32 20 168 114
24 79 167 135
37 69 70 92
177 25 181 57
20 24 77 37
52 28 88 78
16 88 87 171
167 65 196 66
183 40 196 102
158 24 168 77
86 9 188 152
61 184 97 190
69 4 117 126
20 92 181 190
78 57 189 143
9 105 26 146
132 3 150 46
132 149 179 176
93 65 95 137
41 4 65 31
54 31 113 129
17 47 100 173
7 21 89 73
30 91 74 106
104 57 175 122
15 69 48 138
124 125 199 131
31 78 172 164
171 127 173 167
50 49 114 81
80 38 197 116
108 73 116 111
132 98 197 114
54 131 127 150
6 59 43 191
112 9 196 79
100 1 116 69
39 100 140 199
184 100 192 174
126 14 193 38
46 64 70 164
167 96 173 143
32 5 46 137
159 0 174 178
98 14 180 164
143 27 195 198
10 88 138 189
3 70 115 154
155 96 158 192
57 61 134 62
32 50 63 119
24 61 78 83
23 100 156 191
63 12 113 72
44 10 148 76
12 11 195 36
125 28 190 61
48 105 116 174
19 3 46 102
77 70 148 91
3 189 86 192
23 6 157 83
45 45 198 122
91 38 133 146
127 99 173 131
126 63 172 69
15 136 72 191
42 5 177 36
33 57 103 160
105 181 109 184
44 81 53 136
0 104 31 196
169 41 193 190
32 114 69 169
78 152 165 157
9 22 115 41
76 24 84 140
34 100 51 148
98 111 152 181
108 49 146 136
34 80 112 133
10 131 69 151
62 32 148 96
69 42 190 83
48 57 125 163
66 17 190 170
80 84 103 184
17 0 70 126
136 24 138 46
6 62 93 175
140 39 197 66
137 12 165 152
58 4 134 194
15 112 158 193
69 11 116 48
4 39 52 132
78 56 198 147
33 44 127 111
191 159 193 193
72 21 119 95
14 82 53 153
92 32 164 123
176 64 195 194
39 18 58 119
141 39 145 156
118 43 193 143
123 62 188 69
70 94 109 178
125 24 193 51
75 84 97 108
50 111 70 125
73 89 199 158
36 63 148 74
53 143 82 183
99 32 111 42
35 64 170 88
92 12 135 44
0 62 170 124
40 36 171 133
48 58 129 66
3 20 169 155
127 3 160 127
66 81 82 155
1 67 17 156
30 95 101 110
88 101 134 142
151 108 189 191
37 16 191 140
55 18 133 45
20 122 64 137
58 22 68 142
32 3 51 100
121 165 184 180
16 195 92 199
111 170 197 194
71 109 151 162
148 73 174 104
77 9 187 187
52 75 116 152
61 17 142 138
46 144 95 177
46 0 92 147
63 9 164 126
97 76 199 185
47 83 77 94
183 61 195 83
18 51 58 65
86 87 159 121
95 64 166 148
117 30 184 135
82 64 193 139
75 127 127 171
172 1 190 90
60 20 71 88
21 125 61 168
67 93 124 167
17 30 157 101
76 56 115 133
31 36 166 96
72 150 119 197
29 35 113 122
95 0 146 146
80 113 188 121
98 83 120 128
36 0 79 100
23 144 139 149
152 139 154 176
42 48 102 196
113 2 173 12
69 59 78 173
5 106 145 118
31 17 174 138
22 26 39 179
33 76 144 155
163 47 174 78
81 75 93 111
15 92 123 96
164 7 179 132
163 40 180 99
1 13 112 29
53 95 106 154
151 107 155 180
61 71 160 165
5 24 111 184
19 100 161 150
147 81 175 160
23 23 199 29
22 89 177 176
16 91 145 107
95 1 185 141
168 73 169 137
81 51 171 68
104 69 148 94
0 49 41 57
123 14 164 75
184 96 190 171
53 115 102 117
22 34 95 140
118 152 134 170
86 34 181 86
1 0 101 23
29 169 187 180
43 26 149 77
123 6 185 153
67 93 123 175
28 136 188 160
39 23 199 106
51 95 165 137
57 167 177 191
54 2 119 163
27 55 90 133
125 18 134 173
115 151 170 197
120 102 158 148
180 169 188 181
82 20 188 149
12 57 192 122
94 13 138 32
134 74 195 106
13 4 136 147
49 22 178 48
21 107 109 175
33 7 144 105
121 149 131 174
153 44 158 189
75 12 194 96
56 95 178 153
23 45 72 95
101 96 187 177
32 2 86 175
112 52 191 124
10 158 142 186
4 14 81 57
17 1 39 69
39 30 134 114
1 115 195 195
4 181 70 196
11 157 62 197
155 118 189 155
87 50 199 51
7 61 48 77
25 37 171 91
89 35 143 196
11 62 58 141
98 80 189 181
194 4 195 5
47 156 189 174
8 97 80 107
47 48 152 170
21 92 159 191
145 58 162 152
76 0 96 85
49 176 144 178
136 99 197 133
9 15 133 164
12 2 90 40
154 38 189 111
45 163 110 198
0 12 44 197
57 21 163 127
47 120 149 158
138 136 168 192
30 44 51 122
46 62 59 103
39 20 44 64
2 14 136 176
109 103 147 179
40 150 89 161
112 57 189 139
119 137 186 148
96 81 130 196
90 40 158 155
119 76 197 90
44 38 74 93
127 103 180 145
7 83 119 110
129 8 192 56
150 31 161 157
40 11 52 56
12 39 167 199
107 110 171 126
84 144 170 189
42 104 60 153
6 133 121 156
71 53 76 113
6 138 133 156
104 26 162 62
112 84 170 113
53 89 149 175
62 68 132 133
9 43 26 161
55 17 112 151
43 2 112 52
107 69 147 102
23 12 106 121
39 33 133 142
106 90 191 188
24 124 46 178
84 77 132 167
55 8 145 157
5 66 94 181
59 1 144 132
80 13 118 34
139 3 140 150
66 162 142 179
80 2 89 20
109 24 193 163
22 103 134 161
71 67 149 180
43 94 143 178
8 54 190 167
157 39 169 180
39 159 74 195
162 10 179 13
107 41 111 89
17 21 184 128
8 109 31 138
58 104 182 163
111 24 134 80
27 57 183 187
34 79 164 144
87 137 185 156
49 63 63 177
113 135 192 147
15 112 140 182
109 132 192 188
56 51 100 172
23 24 141 138
118 23 172 179
155 164 167 168
77 148 197 149
21 7 146 78
39 96 189 194
45 120 61 135
32 84 69 161
30 13 176 73
92 42 105 77
92 166 134 190
97 152 125 154
70 106 183 188
69 43 114 62
85 49 127 139
26 45 36 135
84 155 199 177
21 19 126 153
80 26 176 135
4 4 191 150
6 9 179 35
159 140 188 163
114 16 161 118
138 54 159 68
112 14 139 72
27 58 199 165
37 53 109 69
5 53 132 194
130 2 181 189
9 125 183 139
41 25 82 93
9 58 124 81
27 56 183 137
137 84 199 196
25 44 67 167
9 74 178 126
17 45 73 196
102 8 133 191
124 14 161 71
53 116 60 177
150 5 153 136
42 29 142 192
35 47 128 60
3 130 68 191
124 1 129 72
101 14 186 136
14 31 177 125
40 50 100 137
36 3 178 165
88 43 161 76
46 91 193 105
73 23 118 59
36 49 44 82
93 37 139 166
30 137 85 141
124 3 125 167
22 114 169 187
89 88 162 165
92 87 133 186
34 40 48 158
89 136 154 151
29 2 63 175
17 22 143 189
39 37 91 152
120 2 154 135
121 29 159 71
7 67 148 102
27 45 118 161
126 18 197 194
34 9 72 107
39 31 178 198
95 55 176 173
103 19 115 139
141 110 165 127
37 45 186 133
89 26 164 144
45 31 83 186
29 29 198 86
65 134 127 199
158 22 173 133
97 1 192 159
189 36 194 69
24 53 111 122
41 118 102 178
20 86 191 174
4 97 80 165
63 111 104 156
2 85 194 157
111 111 193 137
83 119 151 189
3 56 28 87
7 121 56 165
44 9 54 39
119 96 121 116
11 71 154 140
46 82 110 86
17 82 20 88
134 19 173 41
25 139 101 172
59 60 164 145
76 2 107 187
75 7 191 106
94 52 119 71
110 130 124 138
84 31 125 81
179 79 199 113
28 41 113 60
143 74 151 176
46 21 70 141
103 133 191 134
165 92 188 189
24 96 67 140
4 46 192 189
123 11 194 148
59 13 88 104
136 108 144 196
74 19 99 164
16 69 148 158
45 117 51 159
14 25 62 124
111 0 165 180
56 99 80 105
22 62 156 164
46 41 120 102
11 82 119 197
82 63 194 104
51 7 156 129
23 96 153 199
49 137 122 160
111 59 197 185
5 116 32 172
169 91 178 159
49 75 94 114
74 87 110 159
1 114 112 122
102 52 139 129
139 51 153 165
90 15 124 88
62 2 168 63
68 32 138 83
0 6 98 68
38 36 151 137
77 125 129 146
106 44 186 106
72 78 131 199
60 127 137 191
188 138 197 165
196 46 197 151
21 25 147 53
160 157 191 182
54 123 199 154
27 64 111 71
54 62 167 189
35 31 88 89
106 39 195 133
60 13 197 149
80 2 183 135
16 150 76 168
28 30 182 135
53 33 113 133
95 82 113 165
128 5 169 181
17 37 111 65
54 27 80 71
16 118 29 126
26 168 125 169
130 51 172 186
91 32 149 33
88 3 104 171
6 28 109 50
60 11 83 194
121 16 190 191
125 20 172 44
107 12 142 62
97 61 123 188
82 80 199 139
87 183 109 195
40 175 57 188
7 25 190 111
61 55 189 96
9 141 103 190
77 78 156 170
74 71 163 152
63 47 66 151
49 87 146 102
89 70 181 152
69 47 103 159
62 175 73 188
119 117 143 120
4 90 23 115
124 48 199 57
15 102 132 171
110 110 180 186
149 6 159 192
81 183 119 191
14 58 102 96
95 96 116 128
87 21 136 101
79 39 197 73
5 28 143 126
53 4 133 99
87 135 162 153
31 10 100 189
30 43 108 180
147 43 198 134
1 10 48 86
64 91 103 144
48 81 197 165
139 39 196 79
179 34 184 135
96 42 156 60
9 63 55 148
102 51 180 96
29 43 35 160
13 4 138 127
43 37 119 73
8 119 151 173
16 67 84 193
123 24 136 83
100 133 184 199
58 54 152 153
93 160 173 173
176 96 183 144
137 90 151 183
142 23 180 48
51 51 163 71
92 6 162 186
86 136 92 178
54 52 93 160
79 94 143 174
11 61 71 65
26 47 184 71
87 5 143 144
115 51 137 132
14 19 151 139
106 171 191 173
151 52 198 135
88 41 145 52
42 56 159 80
102 34 108 68
5 11 7 111
127 115 177 169
73 52 190 56
3 75 166 82
69 153 183 192
71 27 109 140
115 63 138 186
42 47 127 175
74 92 138 129
57 6 95 182
95 153 128 169
29 17 146 125
40 94 69 163
121 115 131 167
31 138 90 139
81 163 169 167
78 69 165 193
13 29 114 106
111 39 149 192
145 158 150 188
19 13 37 131
168 100 193 133
9 9 32 43
41 33 45 118
143 27 183 105
16 14 160 57
44 15 172 32
40 34 140 39
5 89 76 197
54 40 131 83
143 66 177 78
86 116 88 133
120 85 162 186
47 86 143 120
0 135 97 188
55 0 130 107
78 5 93 83
146 45 183 126
34 162 74 176
6 151 52 192
110 174 182 195
54 76 158 91
14 156 26 198
134 19 144 58
6 7 173 13
123 182 173 198
18 9 103 68
5 51 63 80
61 4 147 136
35 52 118 73
174 50 178 163
134 95 168 111
131 101 198 154
60 113 163 147
142 24 179 32
16 155 140 169
17 34 170 83
41 8 79 59
97 82 99 97
119 20 145 37
7 153 171 165
21 43 179 184
98 70 141 154
19 53 37 55
76 23 187 30
171 15 184 94
27 67 115 169
115 102 163 173
79 72 199 106
17 53 186 132
60 6 71 32
103 5 161 163
120 32 198 78
39 171 92 172
38 3 80 180
142 96 177 136
87 104 120 159
2 128 135 183
70 50 142 66
178 13 191 21
44 26 63 66
76 6 132 148
16 48 38 67
45 130 63 142
132 108 197 149
52 120 122 137
67 60 166 196
71 27 76 96
74 10 168 179
100 19 166 187
140 7 194 45
108 145 135 148
88 146 189 180
99 0 140 27
66 73 135 154
86 17 129 83
30 64 37 87
153 8 187 172
81 74 126 76
127 55 189 157
66 24 69 171
135 33 198 35
3 30 174 142
51 16 179 123
0 87 185 184
6 94 16 141
146 4 161 149
21 92 24 168
182 4 193 50
104 1 143 193
163 69 197 151
56 146 119 164
41 78 150 159
80 17 115 108
44 126 184 181
147 149 179 179
57 0 100 179
73 27 76 69
8 40 99 81
175 131 187 175
18 72 52 101
71 151 109 162
6 159 16 189
41 70 196 74
34 116 192 133
36 150 53 194
61 21 183 102
19 0 28 33
27 22 176 87
139 25 151 138
51 1 99 177
111 114 153 158
164 125 176 167
78 76 144 195
15 91 56 170
65 129 161 143
111 60 144 189
128 4 149 5
94 109 164 157
93 46 187 119
14 153 31 191
103 63 154 184
0 24 138 198
97 173 138 185
139 111 140 115
46 111 186 199
88 124 149 185
15 101 104 150
86 136 99 177
48 191 92 195
174 49 197 172
59 25 138 109
65 61 100 196
166 77 196 79
60 72 80 119
97 19 180 162
32 81 158 171
36 2 77 45
88 12 121 186
78 6 175 90
119 132 138 197
26 115 138 145
8 121 109 142
47 36 87 125
97 62 177 82
9 20 80 196
49 53 140 77
92 80 185 139
10 8 99 108
64 93 196 132
165 13 180 176
65 61 159 183
26 92 111 151
124 147 147 185
142 27 144 190
21 66 39 184
56 21 196 33
107 15 167 193
26 99 48 100
125 27 126 181
90 134 100 152
102 6 129 86
11 118 48 126
87 26 143 65
11 64 199 136
91 78 117 91
153 83 198 195
17 51 99 72
85 3 119 190
148 3 151 132
26 51 87 162
109 54 183 175
44 87 140 192
149 72 177 127
75 16 89 85
2 8 195 77
24 84 115 165
76 70 132 176
80 59 137 144
78 6 164 69
86 138 182 191
54 16 120 188
28 28 73 123
41 82 139 127
20 121 118 186
37 108 182 124
24 68 66 156
102 0 156 46
136 4 146 160
27 74 43 122
125 121 190 135
23 22 134 116
5 57 194 194
70 7 130 144
144 95 169 160
36 112 129 134
33 82 62 178
130 32 138 166
34 76 178 109
49 84 134 162
52 7 168 39
165 59 189 158
131 131 133 180
15 19 142 28
105 36 125 142
69 36 150 186
47 92 145 179
23 30 111 190
50 54 170 83
104 38 169 161
27 94 103 199
138 179 186 186
71 83 165 94
82 7 199 138
14 155 176 196
59 22 196 82
105 161 129 170
39 175 142 181
10 108 155 143
31 111 148 116
20 13 166 168
0 79 126 195
21 1 109 79
1 55 92 157
28 79 159 116
68 101 76 194
49 15 90 70
21 57 51 87
143 157 184 180
22 39 138 53
9 33 133 99
40 37 199 181
17 47 54 177
84 117 129 158
89 32 194 66
57 153 61 178
90 59 134 163
21 52 184 63
33 60 175 126
129 80 144 114
93 120 193 121
0 157 153 196
56 48 137 167
20 12 44 135
88 42 187 199
108 28 157 116
99 54 190 76
3 162 69 197
79 14 163 161
3 16 34 123
45 178 52 187
126 24 180 129
19 47 42 73
62 143 81 188
64 148 74 184
85 28 104 56
76 147 81 173
101 1 121 177
100 2 102 83
125 18 176 144
17 172 159 173
122 161 127 174
133 64 155 129
97 0 116 196
169 51 192 162
113 23 127 48
2 38 22 84
107 48 136 144
156 161 199 177
2 101 39 188
154 102 169 116
44 116 96 161
136 63 162 123
2 49 62 90
56 32 100 36
6 62 68 79
48 85 170 129
40 4 123 174
51 170 131 180
46 144 83 174
103 26 156 95
104 16 188 150
20 70 174 100
132 38 177 104
59 121 115 182
8 97 168 168
17 78 38 153
95 89 112 141
0 17 78 188
70 106 156 152
64 2 132 106
54 53 155 102
83 49 88 82
151 110 172 190
49 15 56 65
159 55 193 64
104 138 179 159
40 1 49 144
111 22 134 86
99 32 186 100
108 14 190 135
15 44 29 158
107 122 186 152
82 83 182 190
112 0 168 1
125 131 159 147
76 58 159 173
26 6 67 112
119 113 181 197
6 133 21 182
5 1 59 15
91 70 195 182
12 39 44 74
70 119 125 157
40 108 155 196
73 95 126 165
116 68 146 136
18 152 151 187
85 62 182 99
26 97 38 152
58 147 95 188
60 1 158 38
95 32 180 108
33 90 98 147
111 58 147 71
71 144 75 166
43 81 182 173
136 100 173 159
133 135 196 163
156 4 176 35
11 24 70 170
80 61 178 109
113 179 132 198
66 129 161 174
47 6 199 195
17 98 140 180
30 1 51 67
24 165 157 193
64 49 125 91
164 27 198 140
107 15 181 118
116 21 195 98
58 15 68 22
119 42 122 87
4 22 178 192
45 61 184 116
23 22 133 131
41 34 167 114
131 38 176 176
3 126 13 136
40 33 177 91
97 22 166 183
114 169 191 175
55 27 142 182
32 121 178 164
103 75 177 94
48 81 189 99
50 45 60 105
11 76 177 113
38 25 74 144
7 29 44 131
87 20 135 144
12 110 143 159
32 21 157 61
38 51 188 179
132 11 173 117
157 29 176 99
28 42 85 188
96 99 119 128
37 65 86 105
96 16 98 43
25 22 122 72
5 79 84 101
95 134 144 138
49 52 109 183
73 34 145 50
126 67 197 173
2 93 112 121
188 1 197 79
57 15 63 162
1 46 163 167
52 60 198 89
18 155 196 187
169 25 199 194
46 90 191 98
21 14 121 115
144 26 192 190
68 102 143 117
61 51 187 117
40 23 185 120
53 60 107 100
25 66 72 198
119 145 131 199
138 58 181 71
5 85 89 164
26 22 172 183
83 76 168 89
80 83 199 161
7 50 132 188
169 16 188 176
47 107 105 110
60 38 102 188
96 57 174 90
159 105 191 178
19 47 85 124
108 107 137 155
62 9 73 190
40 50 46 191
30 88 100 93
20 6 154 107
0 55 35 65
44 27 111 181
68 79 173 88
91 75 122 101
8 28 170 138
23 12 30 172
59 39 69 58
146 71 162 121
122 31 152 50
23 9 172 26
99 8 157 88
81 98 104 104
19 89 120 136
46 115 110 141
147 92 185 173
84 2 132 56
91 4 144 142
85 1 189 199
159 46 188 196
100 27 160 111
27 139 108 179
52 114 116 186
31 119 32 178
49 70 188 89
15 8 46 113
100 63 142 71
78 177 115 197
76 10 83 21
24 54 31 77
190 122 199 167
16 11 89 111
116 161 157 165
28 63 140 171
122 86 160 182
82 33 173 62
53 75 148 128
45 51 182 187
108 20 187 113
99 82 120 92
6 119 147 166
4 57 86 112
77 73 178 128
11 112 99 113
112 8 116 141
34 94 70 141
61 83 71 176
20 78 29 186
42 15 168 68
8 59 55 102
17 44 157 135
18 154 131 178
163 86 190 97
52 41 74 69
137 80 172 107
34 104 86 199
84 181 95 199
139 63 154 181
89 48 170 156
31 43 147 133
94 43 130 184
113 116 128 139
13 28 133 105
61 72 79 111
32 10 179 86
146 86 194 89
90 8 92 74
19 72 161 151
35 102 104 181
6 51 157 160
14 125 49 185
31 23 90 66
25 164 68 191
41 69 128 191
79 65 194 189
86 107 196 163
44 194 193 198
24 11 187 122
28 78 192 164
68 109 80 146
88 73 176 132
18 105 170 137
75 9 81 112
40 33 88 58
138 10 147 28
71 67 86 123
20 40 92 190
49 89 96 195
141 5 195 87
78 8 158 50
0 51 192 179
63 32 140 107
94 156 154 187
58 27 66 59
30 10 38 93
120 30 154 41
1 170 123 178
16 3 83 170
76 19 129 160
158 17 173 47
32 73 90 174
63 70 171 139
117 110 153 149
52 62 106 114
33 85 56 110
1 72 11 153
107 43 130 98
11 3 67 114
169 31 170 159
7 131 118 177
64 76 110 193
84 35 111 53
158 65 174 188
92 156 161 169
19 24 154 124
51 22 104 95
31 32 94 189
58 120 86 123
7 3 127 67
122 82 154 196
87 135 184 150
138 131 199 151
79 154 144 167
89 80 117 126
60 33 185 83
57 3 180 89
100 106 101 109
79 46 94 165
4 74 58 177
41 31 183 116
12 101 29 106
67 71 144 138
87 81 185 86
180 53 196 191
32 54 156 55
47 18 72 176
3 43 171 126
18 102 95 168
8 4 82 59
127 6 132 60
58 41 100 161
136 114 151 180
9 42 91 141
121 84 170 189
27 57 117 194
56 112 68 139
133 112 163 163
12 29 158 97
64 11 174 125
170 65 172 111
7 59 159 84
30 103 38 188
19 40 109 83
52 35 160 115
24 68 191 194
22 34 39 53
89 78 193 161
35 4 94 60
1 16 30 149
34 15 136 69
19 31 81 44
42 74 188 135
102 19 170 144
1 40 166 107
45 29 111 117
102 45 140 156
18 50 110 119
125 112 155 135
46 124 48 152
60 52 146 137
39 87 130 90
54 58 167 112
46 36 180 162
114 73 196 106
112 78 148 139
154 117 194 137
111 84 132 109
45 45 165 112
111 24 149 65
94 143 154 157
132 72 161 195
49 62 61 143
102 59 130 95
144 116 171 199
23 5 45 125
17 127 173 171
157 36 180 105
102 62 166 182
70 147 174 166
77 71 154 127
40 28 70 143
81 47 199 187
163 69 190 179
41 102 69 157
14 22 160 90
121 22 138 45
81 26 84 193
108 110 166 184
174 20 187 86
166 36 187 143
37 6 190 102
45 12 118 23
9 100 191 159
143 69 171 83
41 124 65 184
36 41 105 80
23 126 176 159
74 149 132 187
27 25 119 63
67 24 96 90
148 58 180 95
47 2 124 114
137 65 144 88
64 74 190 184
15 17 63 63
47 83 174 137
66 73 150 81
90 13 96 62
2 26 150 54
143 71 191 102
129 100 187 143
17 107 180 113
50 56 51 151
166 26 185 151
97 16 150 72
142 6 157 154
35 153 149 197
69 65 102 197
20 55 93 111
48 146 161 184
61 40 80 136
37 69 141 153
75 28 184 128
24 101 137 182
7 156 196 168
74 60 173 95
130 118 148 122
45 102 141 137
84 116 188 158
108 3 161 163
28 162 155 169
7 36 194 52
138 87 189 151
15 60 171 99
19 174 49 199
88 5 168 79
93 56 103 100
92 98 152 182
120 62 187 145
38 17 198 131
61 42 189 140
75 37 107 65
117 0 151 99
118 60 130 137
11 36 183 113
58 46 112 168
3 139 137 191
12 3 109 173
33 107 84 194
16 88 122 171
19 9 135 92
48 65 66 144
170 26 186 141
4 34 148 72
129 60 184 103
58 51 110 139
36 42 38 191
146 130 198 134
47 123 56 124
4 11 73 102
100 10 189 42
174 68 190 170
133 3 182 15
93 119 102 193
129 91 187 114
58 11 115 32
5 79 135 86
66 132 73 189
38 82 132 160
94 9 152 134
118 137 186 191
165 13 198 132
90 15 98 106
85 117 137 155
54 124 98 172
2 25 6 123
14 1 91 100
24 145 186 181
69 37 120 155
5 29 191 134
23 18 74 44
56 146 199 198
73 17 189 194
139 71 194 144
66 21 176 41
40 2 86 48
61 28 91 113
45 9 152 99
60 70 107 122
84 123 107 162
83 119 141 128
80 45 179 77
106 155 136 190
78 43 153 161
34 123 199 137
64 76 198 191
81 34 83 189
75 38 174 198
109 33 178 169
73 20 166 134
93 34 152 69
92 152 126 185
144 70 195 102
166 51 184 61
9 2 56 118
78 116 169 124
102 121 193 195
43 84 73 187
72 73 86 111
35 30 68 67
99 89 156 170
92 50 111 94
21 105 168 111
16 69 113 197
31 8 155 18
38 23 86 89
17 77 44 82
51 20 181 124
26 94 48 98
10 102 158 165
103 61 118 155
98 46 120 182
96 18 146 48
38 29 86 87
47 185 87 192
90 89 124 137
120 9 163 121
146 57 153 130
169 101 192 123
164 19 197 74
58 83 179 157
60 45 118 181
54 4 112 195
23 39 27 163
19 175 51 194
14 59 131 93
65 33 130 147
168 79 195 134
93 174 97 197
51 30 61 83
32 108 152 191
58 80 90 135
36 109 105 118
109 46 128 160
49 39 132 107
29 79 81 138
151 45 195 190
95 32 138 167
146 1 173 49
12 15 136 116
114 70 138 148
126 127 167 141
156 0 159 168
3 19 184 70
0 69 48 90
22 134 115 141
8 51 20 152
21 78 97 129
51 81 57 163
51 73 163 121
92 3 98 181
24 90 159 185
89 4 107 134
7 5 115 115
132 58 151 108
36 41 150 167
55 117 145 187
43 67 165 120
116 14 169 176
57 138 196 152
0 154 15 175
84 30 152 84
64 79 179 156
11 122 32 146
83 146 146 181
59 97 193 123
15 6 48 50
105 146 183 160
102 59 176 172
56 13 125 83
23 108 78 128
54 61 88 109
61 20 76 74
103 63 164 177
26 65 62 132
12 30 141 50
34 126 43 185
6 131 104 184
110 70 173 75
52 66 77 171
144 101 164 131
102 83 178 108
14 34 92 114
11 93 12 156
39 23 171 123
48 38 166 114
173 70 197 112
32 79 143 177
62 26 96 145
14 173 95 198
52 38 128 92
64 144 173 161
3 39 160 86
107 32 149 127
76 1 140 92
18 33 20 173
89 70 175 80
67 85 143 143
118 0 162 5
2 27 69 129
56 138 102 199
122 87 176 149
30 105 82 121
12 130 59 168
28 86 142 103
153 180 160 192
43 117 137 160
7 132 28 177
13 75 18 132
2 0 76 89
8 2 72 124
58 51 75 60
82 14 126 197
39 35 44 98
115 127 145 151
33 28 98 101
115 92 129 106
65 21 180 127
86 89 144 103
33 10 74 113
114 116 136 152
34 90 126 96
86 2 131 22
11 50 127 78
17 52 194 88
100 17 183 171
29 83 129 199
1 89 187 116
45 14 114 116
36 80 46 154
12 24 172 184
131 34 184 108
25 187 67 189
51 53 185 183
39 169 43 173
21 67 182 174
47 11 138 24
162 133 165 161
87 3 196 184
67 16 176 30
30 11 150 150
114 68 168 150
8 58 156 151
94 28 145 36
33 82 196 193
98 98 188 112
85 33 190 131
99 30 142 70
77 47 141 190
130 99 161 190
16 17 149 164
174 31 198 174
41 1 56 159
119 2 187 55
46 45 69 70
105 130 136 165
56 58 117 176
59 2 136 68
13 54 196 130
91 60 163 103
10 11 136 42
29 27 157 72
37 32 43 169
88 16 100 51
109 0 115 146
83 29 119 171
66 27 197 132
137 25 170 185
6 38 114 57
98 182 182 194
167 42 186 133
43 59 136 148
3 68 47 74
81 107 100 199
159 7 169 17
66 16 70 63
159 78 188 162
85 112 153 151
146 37 195 114
2 116 139 164
155 76 159 101
165 101 193 192
37 96 196 103
42 70 83 92
39 62 123 171
152 76 183 92
38 46 68 80
31 36 72 135
106 29 173 104
10 50 164 176
138 49 161 187
55 164 118 185
54 16 57 50
35 37 140 90
1 59 27 72
63 79 154 117
48 11 119 28
43 30 53 143
10 6 85 131
127 85 190 96
8 18 155 170
25 40 102 152
81 23 160 106
20 39 105 162
57 15 102 29
33 0 70 80
81 46 192 125
70 23 103 158
4 11 90 109
64 19 123 109
57 88 160 148
6 112 143 141
24 140 26 155
64 9 193 98
65 71 133 89
45 46 139 110
7 96 117 167
96 6 100 31
71 65 121 71
118 53 194 115
77 0 182 125
17 120 55 169
13 159 86 171
74 8 184 186
112 32 170 81
30 56 34 125
136 80 145 192
58 148 88 162
18 92 151 101
10 62 100 146
63 56 147 147
33 114 162 178
30 84 174 121
99 90 120 165
84 122 103 130
96 58 188 195
76 36 187 180
185 138 188 197
13 13 67 114
74 180 156 191
103 132 117 180
120 57 160 105
120 94 164 145
65 36 122 152
85 53 100 86
161 45 189 70
99 19 120 146
81 193 144 195
129 26 187 165
161 2 196 12
21 68 158 197
12 39 124 45
32 68 40 71
126 40 139 185
58 73 126 127
55 99 56 113
36 132 156 161
1 55 178 116
20 36 138 144
57 55 117 165
111 14 192 49
116 32 171 116
90 103 169 158
30 82 189 148
185 61 198 112
172 80 183 183
143 45 156 147
120 11 195 181
50 145 113 147
8 146 84 164
24 66 192 113
65 1 155 163
144 56 193 68
94 31 175 196
148 66 182 71
89 32 173 154
33 80 69 129
88 14 197 183
45 172 179 195
94 36 114 191
167 74 185 116
92 136 186 181
25 49 105 147
8 36 191 135
152 110 159 177
51 35 87 96
151 47 153 88
0 131 154 171
106 71 159 77
145 19 164 146
52 30 144 71
73 156 129 184
2 36 30 76
40 96 179 194
30 94 32 154
52 96 75 137
11 8 100 172
81 45 169 46
3 46 139 51
164 2 193 122
54 48 179 57
46 118 60 133
64 47 93 133
116 17 158 168
92 27 99 99
64 120 73 166
0 42 57 68
148 105 155 121
109 46 134 108
18 37 126 78
15 186 153 189
36 40 77 141
37 0 79 144
8 142 77 196
97 99 167 176
74 54 163 124
26 45 27 199
56 155 102 162
38 154 159 159
14 6 85 40
0 33 84 41
32 8 142 33
48 54 91 155
70 10 141 105
52 31 73 128
23 82 62 90
50 14 157 178
168 53 181 172
21 1 94 194
147 87 193 149
107 61 194 191
46 161 61 181
58 48 97 165
61 43 156 128
115 44 154 191
2 9 148 138
10 120 72 125
49 53 52 90
52 96 87 180
178 85 191 128
11 151 50 160
21 138 140 143
57 128 170 180
116 0 154 38
75 128 85 147
75 89 116 187
41 37 179 88
1 129 90 150
148 19 168 71
21 52 55 189
37 26 85 108
104 79 121 96
73 12 97 189
52 19 146 146
142 16 170 17
72 89 86 188
32 113 157 178
27 17 90 176
4 38 54 151
11 2 126 123
80 42 165 51
10 107 49 142
146 110 171 156
21 6 96 68
16 14 78 72
159 48 172 110
32 177 150 198
145 140 159 162
0 33 118 117
25 88 161 173
35 73 42 91
2 72 187 104
61 22 124 154
4 15 183 69
122 49 157 190
2 67 12 116
16 87 103 187
30 146 81 184
5 101 42 193
34 27 152 50
114 8 189 97
174 28 187 177
1 122 108 145
101 16 171 138
98 102 102 123
125 14 190 26
30 161 116 188
71 14 187 67
138 92 160 145
165 101 195 126
34 142 143 164
105 5 123 129
14 11 136 48
96 70 144 96
119 48 145 64
17 7 122 96
58 60 182 198
71 21 182 166
4 27 181 187
122 45 134 61
40 2 140 28
151 43 168 107
23 149 94 193
112 47 129 185
114 53 129 137
97 50 186 134
25 65 27 92
26 0 80 174
89 190 139 198
2 21 125 24
87 102 97 176
45 36 127 100
142 9 153 61
78 7 159 58
112 144 141 153
16 67 51 128
98 103 184 170
134 49 184 82
42 113 191 127
11 37 43 141
133 2 134 179
114 62 124 109
101 45 194 52
45 18 59 185
129 46 131 178
189 156 199 160
141 84 143 99
68 58 117 194
72 94 128 147
129 61 151 183
86 141 181 158
35 110 105 117
122 62 125 187
178 92 182 105
80 11 135 46
23 92 120 97
125 32 199 79
30 84 102 175
8 32 76 49
149 124 170 126
84 159 97 172
143 18 196 65
142 15 173 70
109 20 125 193
35 102 50 155
78 30 94 172
54 23 118 136
1 131 9 194
77 47 117 72
33 56 156 102
3 0 167 166
2 119 112 137
88 104 195 145
60 77 105 188
71 118 115 162
84 16 185 39
21 165 35 178
140 177 147 192
47 108 158 175
100 92 176 173
162 137 186 161
61 90 121 169
10 72 18 171
104 143 179 149
6 18 199 62
11 36 27 68
31 74 146 178
41 59 159 154
62 123 180 195
146 35 185 177
61 83 155 108
122 75 173 184
1 116 54 151
7 25 12 112
50 5 164 22
83 47 121 84
115 127 188 185
133 10 170 48
137 110 185 155
30 4 47 115
95 9 181 77
13 28 192 179
1 81 123 164
17 24 126 167
84 113 197 196
0 79 50 103
108 88 130 95
71 33 112 186
114 62 176 174
155 108 198 178
10 12 165 82
102 112 125 168
16 153 128 183
53 96 181 99
78 97 168 163
42 79 191 144
57 35 183 99
57 17 154 114
52 89 166 166
15 114 23 161
70 33 118 193
97 36 144 154
158 96 176 98
90 10 192 39
2 78 178 109
49 97 173 139
59 117 131 198
34 12 116 43
9 47 115 112
137 58 189 160
9 95 170 185
94 119 174 185
70 64 118 84
96 19 176 142
170 81 175 192
159 40 191 112
88 27 130 173
22 23 72 134
63 15 198 53
0 107 47 153
152 156 154 174
56 22 99 35
18 76 46 184
1 24 51 194
103 48 148 121
93 13 199 95
37 2 41 97
28 100 48 123
92 67 124 147
19 78 96 113
49 1 130 190
141 26 177 161
192 36 193 161
109 93 199 95
16 101 78 109
69 12 190 14
1 135 175 175
78 98 185 148
131 139 193 170
118 99 195 196
12 58 29 75
46 63 121 145
83 122 176 195
67 129 194 169
60 31 75 134
33 83 138 154
124 62 157 100
179 17 183 79
119 4 128 98
21 112 130 126
160 87 184 156
40 124 188 190
33 88 54 165
37 117 63 119
61 58 129 94
113 36 150 166
110 4 153 38
74 19 173 178
129 44 152 125
89 2 95 141
14 85 114 92
121 115 179 180
61 21 79 52
19 35 198 50
3 130 88 174
35 43 184 147
84 47 120 50
71 180 181 188
18 6 144 13
77 28 189 83
128 134 129 163
29 73 83 106
158 70 193 87
10 13 105 163
77 62 166 142
35 15 153 101
3 17 152 165
71 47 155 51
174 56 175 178
21 75 115 184
129 61 151 80
7 41 23 107
3 81 169 132
5 91 153 99
17 19 190 184
71 93 123 138
86 27 126 35
79 25 93 103
94 51 171 88
161 17 189 123
101 120 158 195
84 96 191 137
65 47 189 85
56 17 132 121
145 54 199 89
67 20 156 164
48 10 90 118
12 96 126 125
9 23 108 43
77 86 186 119
45 141 64 148
71 11 136 15
115 80 173 135
21 67 136 136
48 29 164 103
46 54 137 68
88 28 102 76
28 67 191 156
154 22 172 76
48 128 50 136
103 21 106 84
67 83 96 115
158 11 163 150
13 149 58 177
6 42 132 116
15 47 158 91
52 60 175 181
24 161 124 186
6 45 99 63
81 15 155 39
12 6 55 179
37 95 59 118
1 152 155 192
92 93 105 129
63 119 83 145
40 14 174 147
138 179 173 188
25 14 179 116
55 13 107 32
27 38 100 140
89 48 115 162
102 75 175 83
44 16 104 124
9 1 82 14
53 5 119 61
51 133 81 186
177 66 179 180
152 12 166 145
101 60 152 78
113 31 126 143
133 11 151 198
42 29 141 109
117 115 120 134
169 7 172 96
72 8 186 189
65 48 93 135
41 76 142 117
18 7 87 85
7 24 106 93
76 129 154 135
152 16 184 38
186 50 190 157
101 113 193 128
17 65 188 131
73 73 168 144
52 10 153 86
35 26 185 159
13 2 184 65
12 89 103 108
42 108 181 115
67 27 92 110
87 26 177 53
97 16 117 56
2 19 131 194
7 76 22 165
116 44 130 186
22 3 149 52
143 23 195 32
109 81 184 117
2 164 12 177
61 35 77 81
34 139 69 192
67 79 77 80
107 2 141 63
47 50 179 82
74 13 110 133
167 51 197 159
28 65 110 169
65 39 199 139
4 110 25 171
99 82 140 164
23 132 41 137
49 152 173 155
27 96 121 116
15 25 37 64
70 111 174 166
104 63 190 197
9 96 34 181
11 167 19 185
103 87 190 164
9 75 47 147
87 48 189 162
191 28 199 191
32 106 141 195
25 112 180 128
91 48 199 83
1 29 18 151
121 78 188 164
126 139 199 155
42 26 104 61
116 28 161 46
120 32 160 137
61 98 175 187
61 12 98 125
22 143 124 146
25 48 96 127
43 67 66 76
155 10 177 102
86 191 121 193
1 98 95 183
124 31 189 125
110 138 111 142
53 20 125 76
13 84 62 120
133 65 184 98
134 58 180 188
30 62 32 169
113 19 195 129
121 102 180 150
116 12 139 146
83 44 197 72
24 91 147 197
75 88 156 111
7 138 64 186
18 121 138 177
59 3 163 22
60 5 100 193
173 99 195 173
39 162 176 179
169 31 179 51
137 54 169 185
19 56 58 83
8 72 165 191
17 1 144 117
7 27 183 193
37 7 171 77
0 41 130 73
61 107 137 139
53 90 83 132
3 13 5 155
0 8 177 74
162 83 165 107
59 29 62 173
20 82 44 100
95 172 173 176
70 113 143 166
67 42 158 48
113 20 117 27
68 16 148 90
29 47 36 142
122 21 130 190
80 12 95 16
14 27 82 199
17 82 39 96
162 61 164 157
29 73 59 123
19 75 47 167
54 3 198 83
28 10 158 190
55 22 180 27
97 27 194 142
9 1 100 95
43 25 56 90
49 8 175 58
77 125 105 140
24 19 41 30
33 150 79 153
34 46 102 186
50 48 107 170
36 19 62 80
62 40 76 48
80 111 180 114
38 57 123 60
56 60 177 197
89 12 90 159
30 54 38 150
126 67 157 135
133 23 168 53
31 99 113 117
93 36 178 76
47 23 173 140
4 10 82 114
36 66 86 183
34 165 172 175
114 80 176 174
54 18 97 132
21 51 104 87
92 6 145 98
9 17 156 30
92 82 189 137
156 129 170 165
138 168 174 183
50 59 58 83
129 37 150 110
2 61 194 112
14 121 122 170
34 48 182 106
70 73 178 137
89 13 93 19
6 130 67 197
36 66 156 184
106 55 199 196
7 68 78 77
21 149 131 177
32 32 37 68
99 19 139 157
86 63 146 136
55 145 140 154
50 86 118 125
144 120 173 174
46 34 161 104
72 125 78 151
30 75 78 175
193 59 197 142
176 122 187 192
19 40 39 95
54 143 98 170
98 97 131 171
67 6 151 121
55 80 175 199
166 143 188 185
27 28 100 77
31 64 119 146
33 87 170 198
26 84 164 167
20 16 52 63
93 26 150 30
25 17 120 197
0 17 153 113
165 146 168 165
71 58 141 158
148 61 178 65
20 12 175 90
39 2 189 161
3 138 94 180
18 3 27 9
5 17 170 99
162 64 165 107
68 46 157 62
29 12 107 44
76 45 179 106
13 99 166 145
31 22 64 79
48 90 103 178
10 61 192 126
87 111 135 197
14 35 194 54
82 2 132 159
3 6 174 169
18 1 55 53
53 13 67 140
33 14 149 159
150 13 161 195
136 25 169 86
114 53 140 152
16 1 43 79
104 145 148 192
37 13 136 53
175 146 197 173
143 72 192 132
85 80 137 100
60 21 176 187
28 135 57 148
131 27 176 160
139 24 162 70
3 91 182 117
77 42 91 184
36 69 125 182
55 80 128 84
8 30 35 193
14 85 20 175
158 65 159 101
115 115 171 126
122 111 161 150
83 12 131 163
157 18 174 106
114 66 132 164
34 108 189 149
47 30 71 133
63 52 77 143
25 47 171 188
140 31 187 175
6 60 51 179
59 35 118 39
118 31 167 129
66 86 168 192
87 53 160 190
160 128 171 133
29 78 103 189
1 118 47 181
103 121 147 165
69 117 95 155
130 123 153 198
15 72 123 87
14 58 51 164
77 4 168 169
96 106 116 184
113 145 120 170
35 99 149 143
60 68 182 167
145 85 166 163
0 159 6 182
7 47 113 137
82 141 99 183
9 122 97 151
54 5 186 19
14 35 145 175
53 22 175 108
10 6 147 29
133 92 188 115
159 22 165 165
7 104 82 194
71 152 147 177
110 37 143 47
113 46 143 98
72 166 98 182
50 72 144 163
38 14 177 194
13 98 108 152
45 9 134 173
14 43 23 44
19 9 59 133
132 67 154 97
176 61 187 195
106 23 185 190
42 91 87 112
53 11 125 30
62 106 86 120
81 23 110 76
114 149 188 172
13 110 152 127
103 78 124 167
1 33 134 54
82 25 123 32
13 55 188 161
48 2 123 198
56 0 78 138
25 1 170 85
170 19 174 37
68 37 184 169
43 143 139 166
80 3 121 123
78 44 147 133
32 51 87 180
94 16 171 174
55 1 116 14
116 50 165 58
96 127 171 186
30 67 138 126
12 49 48 126
5 145 154 169
75 140 185 173
2 50 107 121
85 77 91 166
67 91 127 164
28 20 97 33
163 110 171 174
38 87 157 96
80 14 135 78
86 76 161 108
102 107 176 178
32 63 149 147
74 50 87 61
14 35 71 132
132 77 153 89
10 19 29 99
47 86 95 198
55 119 124 189
60 117 65 151
155 46 192 68
86 35 166 40
38 48 145 112
87 76 182 99
29 40 123 182
3 62 194 196
46 90 128 198
80 27 160 145
40 116 146 130
149 35 171 186
75 127 178 177
35 72 151 108
57 96 92 172
104 20 163 131
60 34 102 47
106 54 155 115
29 70 189 72
102 39 107 123
80 15 136 184
182 53 199 68
66 37 72 146
52 160 82 169
160 125 196 160
19 17 29 171
7 95 175 157
43 100 184 173
28 65 64 123
121 52 165 128
5 82 82 185
79 17 159 127
32 22 69 189
104 151 127 155
26 15 135 36
65 59 199 121
48 5 162 129
139 25 146 54
90 26 163 63
18 27 126 130
65 39 93 112
59 132 172 190
38 83 94 133
92 142 169 154
41 22 140 81
77 73 139 171
51 61 180 63
43 50 91 98
54 74 143 94
151 74 156 92
31 66 96 109
1 12 109 105
63 24 65 46
42 113 155 133
85 78 129 114
132 75 164 195
75 0 116 122
102 94 173 191
164 101 178 184
121 54 172 58
84 70 139 182
1 110 13 132
42 2 70 69
100 66 153 183
141 4 170 147
24 58 189 124
150 5 178 68
108 138 186 185
33 46 60 62
28 15 61 88
55 99 125 175
10 22 119 115
75 10 124 171
65 22 124 73
109 82 185 136
12 9 157 29
106 70 116 151
16 25 118 29
21 121 93 145
44 156 80 165
18 21 125 39
94 18 137 76
149 76 167 125
90 109 132 168
129 117 168 148
90 45 139 184
70 56 175 171
91 66 167 198
62 141 184 153
83 33 167 38
80 110 199 163
107 123 114 190
128 108 176 174
65 68 169 168
67 80 197 174
8 25 16 73
43 18 54 110
33 99 149 146
5 28 28 56
2 55 75 159
63 18 72 136
94 54 197 93
29 24 67 157
119 64 187 80
35 64 37 163
52 94 94 172
94 102 173 155
124 80 174 140
34 71 128 80
36 2 92 185
80 126 186 157
90 63 197 109
6 10 104 194
17 36 134 124
15 2 73 22
150 36 187 159
58 152 192 162
86 103 139 191
82 67 189 179
6 13 33 167
34 50 185 134
3 90 156 125
56 172 119 191
149 95 161 144
181 45 191 123
25 20 64 67
68 13 140 152
77 73 96 156
20 58 62 196
106 19 182 183
12 66 132 192
123 142 129 152
72 4 123 77
15 76 121 142
23 81 140 102
115 116 127 148
59 9 106 112
87 30 123 98
71 51 149 52
155 68 188 144
184 55 199 168
2 3 194 89
19 63 134 84
11 81 69 147
24 62 132 162
17 77 59 164
77 23 190 131
31 110 88 175
51 98 95 161
118 148 160 149
11 0 77 94
14 103 56 108
65 94 110 124
30 13 181 111
27 57 58 185
95 77 96 112
42 135 48 175
37 51 42 149
55 181 166 185
85 95 97 192
60 65 162 161
85 18 156 97
90 98 151 146
114 105 180 121
41 148 168 152
66 40 184 102
45 2 52 133
142 190 182 191
59 109 110 170
37 25 83 156
123 160 167 161
61 3 148 50
7 21 96 130
11 12 149 117
4 40 9 185
137 6 167 82
6 60 41 162
100 50 147 76
169 61 186 163
19 64 164 149
21 92 36 159
120 84 185 172
27 10 116 99
20 9 60 36
1 170 35 180
6 93 124 104
48 8 69 76
33 42 197 114
138 32 145 194
61 11 104 46
53 53 160 144
37 57 90 164
135 57 143 103
164 80 169 99
10 14 86 164
11 62 69 99
29 15 157 193
85 133 122 186
116 116 198 145
86 22 114 171
44 0 191 160
15 83 33 93
48 84 152 173
1 20 151 102
13 108 177 116
19 99 117 110
0 6 172 56
24 122 67 156
68 20 156 68
26 80 77 113
42 14 124 49
83 49 171 151
159 49 161 57
44 3 171 59
189 9 196 10
76 67 81 147
2 59 123 199
96 6 186 37
103 58 152 72
125 40 177 105
143 71 177 171
24 13 146 20
3 15 197 131
112 39 178 89
70 61 192 142
12 119 41 139
91 124 184 179
34 153 168 176
67 15 110 190
113 33 129 68
40 79 126 108
36 35 170 169
52 65 136 110
166 41 195 161
14 21 17 108
114 78 180 92
38 87 118 120
166 109 181 137
17 47 145 164
90 153 166 188
64 65 180 183
78 74 114 136
146 38 196 163
16 60 129 94
81 26 148 137
168 94 197 107
82 47 195 160
109 95 173 144
118 33 142 194
57 87 165 119
59 119 130 129
71 10 106 129
167 24 197 181
26 24 95 49
61 98 195 199
66 136 184 150
4 15 172 65
76 102 119 141
94 46 181 91
114 136 127 138
61 88 75 111
50 28 122 119
38 149 57 169
182 42 183 181
69 114 164 177
160 54 190 90
35 52 36 160
114 21 180 59
81 145 86 148
63 14 129 164
18 127 67 137
146 74 195 110
179 119 183 194
25 81 66 159
122 13 174 97
67 98 122 146
78 12 183 198
126 35 132 48
49 58 97 68
28 123 89 156
141 154 162 164
8 35 59 97
94 18 135 63
45 18 126 91
5 116 71 194
113 65 127 75
5 114 198 140
56 143 101 187
31 79 106 144
26 34 31 179
116 22 142 190
35 23 136 103
23 77 55 163
111 20 186 97
23 10 162 40
98 79 194 143
1 10 13 194
115 87 133 138
18 25 118 52
88 35 100 39
134 98 170 122
54 120 119 159
91 45 197 177
92 122 138 184
40 10 79 159
66 63 136 92
64 16 79 155
118 119 168 158
68 88 160 165
31 2 189 187
30 5 83 19
117 172 171 175
36 70 198 105
41 130 70 180
144 3 157 138
4 45 55 185
36 19 48 132
0 80 175 188
52 24 121 87
24 119 151 177
10 1 146 10
0 67 90 128
112 54 198 100
4 108 67 163
42 69 169 111
136 106 193 184
7 10 145 139
34 15 95 159
111 43 149 118
5 64 87 116
57 1 175 141
30 89 116 192
77 5 177 44
102 53 139 179
37 42 140 85
3 169 90 192
56 91 151 96
99 14 177 102
58 104 94 156
132 10 182 150
62 14 147 121
23 51 40 127
84 59 89 107
57 141 182 179
74 89 144 110
52 122 109 180
60 0 161 134
71 67 191 84
149 94 177 123
15 60 26 89
98 57 194 122
17 94 23 199
38 60 193 134
117 33 121 60
123 30 161 190
20 75 95 191
28 20 175 151
132 120 164 137
90 161 174 175
29 56 41 164
90 129 187 172
92 75 108 163
29 138 124 193
126 122 175 123
49 33 132 127
65 19 85 87
81 28 117 55
36 45 163 130
59 9 132 197
87 13 136 45
26 3 111 50
136 81 190 132
111 82 162 170
43 46 119 130
66 102 195 186
67 34 154 179
158 3 198 87
0 49 122 87
51 125 181 135
27 79 122 186
73 56 195 184
61 33 94 95
57 71 58 85
52 10 168 125
29 108 198 139
58 158 128 194
24 68 159 113
63 154 169 168
11 121 14 192
0 59 8 121
92 71 98 103
105 29 197 106
52 54 140 119
162 100 189 106
16 3 138 185
98 17 181 91
107 64 145 123
68 83 109 169
85 124 143 184
26 6 94 133
104 129 155 197
51 25 125 137
40 16 59 197
178 50 191 181
35 128 180 189
17 47 121 174
33 86 62 199
98 26 113 167
17 47 132 50
21 115 55 132
73 116 76 159
13 88 76 119
31 127 174 142
111 37 137 76
16 3 27 158
9 165 110 167
22 129 104 182
58 33 162 44
150 103 176 142
147 90 166 95
44 84 187 110
54 61 152 187
56 0 147 166
197 160 199 193
162 14 179 190
97 58 136 89
26 149 68 175
61 19 120 57
16 65 72 124
6 99 101 179
45 95 98 155
55 6 118 40
188 33 192 194
165 15 167 162
62 65 70 133
46 79 169 196
95 25 149 101
24 10 47 161
112 77 177 160
184 77 190 161
69 12 163 70
106 34 109 63
70 43 94 139
55 57 161 137
88 48 181 195
13 48 194 137
13 152 64 161
5 162 191 170
66 55 131 163
79 10 113 146
22 142 72 187
185 170 198 199
172 47 185 60
54 177 116 192
22 15 92 28
144 8 172 190
95 59 164 145
168 69 186 195
60 67 127 72
166 43 196 178
3 49 189 124
17 17 165 159
43 57 193 110
41 45 43 64
16 118 131 164
69 10 176 47
76 23 95 64
178 57 183 83
124 102 170 116
0 13 55 94
138 78 158 137
132 23 185 147
70 15 104 151
61 62 135 183
144 0 146 144
45 120 86 166
98 22 160 134
3 9 40 103
96 45 100 95
46 39 88 145
59 71 127 191
53 83 69 86
110 105 148 192
45 99 145 162
85 123 90 142
28 9 43 132
83 84 91 120
65 126 132 195
111 151 113 196
16 34 39 175
15 102 163 109
6 74 134 184
44 41 62 70
49 93 191 176
124 5 144 76
62 59 95 106
65 44 119 117
117 161 149 182
5 21 52 111
5 25 178 39
11 1 66 96
110 8 198 28
120 14 190 141
20 29 185 32
30 51 80 139
54 5 165 24
94 46 119 83
17 126 120 144
2 18 90 28
111 97 165 165
103 82 141 160
43 56 139 84
22 77 199 176
91 122 124 146
83 71 99 98
47 61 121 119
32 11 70 87
137 114 148 162
163 12 175 116
141 54 194 121
160 88 185 173
18 76 133 121
189 65 191 131
63 7 178 52
0 129 164 137
34 20 72 38
85 4 108 27
70 52 158 133
11 88 137 159
8 114 60 179
75 117 162 161
73 70 188 143
12 142 35 149
45 32 73 121
9 22 70 84
82 101 191 130
48 148 162 155
99 60 159 177
16 71 73 175
64 3 76 65
151 190 172 192
6 44 30 117
21 94 147 189
22 113 29 118
30 87 154 188
78 5 93 195
147 157 153 169
125 41 186 72
140 44 177 133
154 27 167 96
60 17 115 182
4 103 5 158
149 129 174 182
43 57 180 196
95 77 119 132
129 12 184 110
84 138 116 184
47 51 171 121
9 49 127 133
74 34 139 158
42 25 107 124
151 60 158 138
82 34 181 147
29 65 45 180
66 100 110 153
84 32 133 110
47 120 87 122
114 155 140 195
59 137 96 172
121 66 152 158
50 37 68 49
15 64 19 115
0 33 145 177
119 41 155 124
94 119 151 192
1 22 117 35
130 107 182 176
111 58 145 107
47 18 76 79
123 15 164 21
5 55 134 117
113 11 138 108
110 19 131 116
74 17 185 140
62 104 100 175
133 43 164 196
62 47 112 89
64 49 181 64
43 75 126 111
66 114 165 151
108 29 121 65
43 52 147 177
23 0 95 132
93 121 134 125
43 37 102 120
86 147 141 161
55 12 190 26
90 4 150 93
16 54 199 72
66 141 98 180
19 134 116 156
48 32 127 150
28 62 70 117
50 29 68 98
57 70 110 105
79 12 170 100
134 17 185 66
104 30 187 163
23 143 82 194
1 27 154 179
78 132 137 170
121 38 149 181
154 3 194 106
140 16 155 66
19 54 159 126
57 153 184 197
20 8 54 138
11 100 86 157
123 2 159 95
170 61 188 171
32 59 33 154
131 148 160 155
27 40 149 134
24 16 124 150
57 162 122 188
62 34 143 136
102 76 137 78
134 24 191 61
92 124 131 150
86 5 90 149
73 145 90 160
12 38 22 151
0 43 13 89
74 64 100 116
134 116 184 150
53 26 172 96
70 46 114 156
29 118 143 170
26 13 116 56
131 11 178 120
114 118 138 133
13 35 153 192
62 27 118 177
74 94 161 172
81 17 95 51
64 72 84 90
21 49 168 165
69 119 154 158
114 128 168 169
54 6 146 59
113 50 163 119
8 61 131 158
40 35 128 138
4 59 47 132
34 45 53 90
41 67 104 85
7 33 110 137
48 41 135 174
99 47 163 140
114 20 178 133
3 71 141 80
100 41 170 146
32 16 124 98
157 128 183 189
12 21 65 109
120 37 130 132
53 92 88 181
152 33 195 72
131 136 147 142
56 102 101 140
99 35 168 58
147 54 176 93
170 39 198 160
88 32 178 140
32 13 56 27
48 58 148 146
127 70 176 162
53 179 181 190
33 104 113 134
116 23 187 94
101 21 102 106
13 156 57 198
61 170 85 194
143 98 184 108
68 4 120 167
30 26 120 29
136 120 174 193
36 43 92 66
111 147 145 199
5 47 198 57
56 65 120 161
22 156 127 166
8 160 37 175
38 42 192 161
57 34 108 176
8 5 36 46
93 123 192 150
109 100 126 168
164 33 179 73
86 57 193 79
186 12 188 23
18 100 155 163
128 6 174 135
135 83 148 88
26 5 154 102
179 66 196 157
87 136 136 171
117 2 155 156
90 44 127 155
41 64 60 74
103 163 139 194
14 83 189 147
2 144 186 162
89 78 184 93
45 16 47 95
99 24 176 96
23 47 184 78
15 55 80 71
43 141 160 142
29 1 117 143
41 123 50 159
67 40 170 83
39 113 97 165
2 72 77 117
73 32 123 54
120 90 187 154
12 116 120 153
98 174 177 183
111 45 155 181
37 130 179 136
123 24 139 160
11 30 88 79
130 16 167 141
80 39 183 191
4 69 73 101
45 122 197 154
20 142 134 193
38 97 82 138
41 90 109 182
55 16 153 37
13 98 76 106
13 55 183 169
37 60 165 166
29 145 50 194
43 79 52 94
16 34 183 108
2 131 48 183
17 53 58 145
118 3 197 56
22 31 151 96
2 17 96 122
90 100 194 149
45 192 125 197
17 16 44 59
151 131 199 168
57 71 190 104
23 113 56 174
99 73 110 134
191 12 192 150
7 10 8 78
87 12 177 47
66 36 118 150
151 106 198 125
115 123 177 151
150 6 192 61
37 142 192 153
35 144 180 185
78 21 146 67
33 53 145 127
116 36 123 63
21 186 199 195
4 70 42 173
15 43 172 182
8 55 190 165
28 63 75 75
58 17 82 149
19 173 129 199
15 13 87 124
15 28 118 123
28 129 39 169
160 14 176 63
36 52 61 64
181 100 186 150
32 15 122 144
148 129 183 193
4 155 111 188
122 33 132 104
36 92 100 140
42 15 192 159
66 17 160 69
64 20 99 174
89 9 169 146
39 7 166 26
14 44 53 159
84 157 181 177
112 49 113 190
28 103 131 131
81 46 119 100
123 22 175 49
139 17 157 172
4 100 87 102
86 131 148 157
63 104 105 139
98 97 189 114
27 35 145 43
91 2 134 17
34 74 186 84
140 63 163 196
143 62 190 178
32 123 64 175
133 92 138 161
59 50 197 72
135 46 152 144
117 14 133 176
15 71 103 88
95 69 131 97
32 49 182 178
48 36 75 117
2 8 45 18
90 45 120 162
61 25 70 138
26 114 96 172
27 78 124 137
40 129 152 162
92 55 194 189
56 38 99 82
14 115 165 117
97 75 112 79
59 6 120 195
84 68 129 90
18 48 184 153
44 34 174 115
82 123 109 137
29 15 33 63
47 11 133 84
28 72 197 148
7 30 178 136
20 23 65 173
34 57 70 63
81 19 163 108
50 71 133 142
94 54 106 72
6 144 52 179
30 37 106 188
3 23 173 77
87 56 156 145
109 21 116 42
40 154 73 193
81 49 137 70
27 0 79 49
43 182 61 193
49 17 155 120
35 138 169 143
144 4 192 22
13 58 98 163
138 18 183 105
11 58 102 127
70 128 86 160
45 30 97 79
103 71 119 123
32 61 152 178
0 67 63 140
138 6 177 42
77 48 165 140
45 17 160 150
16 4 123 106
7 98 175 128
21 12 59 148
145 66 155 162
124 18 131 36
24 106 75 153
85 72 185 94
9 150 12 171
43 27 82 149
59 94 81 156
60 10 163 71
110 170 155 182
84 132 150 142
54 19 88 111
16 67 81 172
45 13 195 49
8 2 66 14
59 21 91 28
71 68 156 157
165 61 193 177
99 6 157 29
4 120 198 169
12 55 168 139
34 127 64 156
9 123 33 145
151 3 180 138
127 8 142 9
61 36 114 183
14 53 65 115
26 93 119 153
101 14 115 106
2 125 89 185
50 103 157 134
8 72 42 174
56 24 137 41
21 88 137 181
12 34 30 68
32 58 170 193
76 172 122 186
31 177 182 199
121 103 188 154
18 112 102 147
43 69 53 117
52 71 110 106
83 11 155 106
47 90 80 172
88 41 95 109
101 122 124 158
26 140 124 163
1 29 142 172
126 5 182 124
11 47 21 162
7 24 77 130
50 33 140 116
10 88 187 169
99 13 186 109
128 86 165 126
45 90 132 105
135 119 151 164
65 7 174 52
15 56 99 108
31 20 65 28
87 133 122 194
81 30 141 84
76 16 190 60
6 75 121 127
3 9 153 146
3 176 176 197
8 163 152 164
82 38 125 123
12 142 161 195
82 9 120 157
52 131 66 133
177 165 186 189
80 35 135 132
51 7 143 180
71 135 155 142
128 74 154 151
160 0 170 40
27 124 144 188
67 15 170 199
13 19 162 148
24 136 148 149
111 59 161 180
20 78 21 196
16 17 182 193
136 53 164 73
1 5 89 173
113 23 137 181
112 6 158 161
50 43 61 115
126 3 153 128
36 83 63 183
77 152 112 166
23 25 46 149
79 59 112 154
14 26 130 189
4 177 90 185
103 178 114 195
61 60 95 190
109 66 158 170
72 60 195 163
121 60 125 72
20 76 180 146
90 26 175 132
31 24 142 152
22 1 167 53
37 97 176 164
111 11 134 41
6 122 12 182
3 89 188 177
24 12 117 60
110 27 181 114
88 9 164 182
31 39 106 122
139 19 194 21
12 29 169 110
114 101 196 150
0 23 174 181
11 108 170 163
83 97 97 167
159 41 169 162
71 0 179 34
60 101 150 144
54 31 165 188
166 145 190 162
117 128 199 141
81 130 175 141
32 125 85 182
66 36 175 135
57 4 139 89
126 32 136 58
122 101 174 134
66 67 198 78
66 50 150 96
24 121 103 172
34 72 127 100
123 77 149 162
45 37 132 39
26 14 67 144
67 105 124 124
41 91 130 101
1 13 112 20
119 36 144 45
149 72 155 174
115 49 122 89
33 3 95 104
16 57 67 151
119 16 164 104
16 117 188 139
35 36 84 159
9 79 36 90
119 86 159 162
167 49 170 96
61 28 115 184
71 35 79 163
23 82 148 108
47 15 156 180
72 156 146 164
53 60 66 116
36 49 73 190
31 132 146 198
130 161 147 179
138 3 174 199
125 12 139 179
31 39 117 161
23 5 35 106
44 54 116 66
24 145 63 199
4 21 109 191
158 14 183 155
7 93 118 191
69 152 147 159
65 103 68 175
69 4 131 22
80 87 170 184
96 54 163 170
9 28 50 35
40 88 139 146
55 13 77 133
29 30 151 131
162 22 168 149
39 36 146 112
115 49 175 55
7 25 91 194
89 126 96 145
61 15 164 173
43 86 82 162
69 18 122 41
37 12 96 176
119 19 126 168
126 42 143 163
6 39 92 155
28 158 79 162
8 0 165 14
39 57 122 156
1 98 80 112
41 12 164 194
112 46 133 49
109 75 135 102
87 52 97 198
154 32 166 180
55 75 62 138
132 91 189 132
92 63 145 198
93 48 174 149
136 12 148 88
15 10 112 99
114 33 137 189
48 133 61 162
75 163 112 195
20 86 106 90
37 57 182 163
9 8 43 29
159 54 199 165
55 100 176 102
50 48 137 161
117 143 125 158
53 3 88 67
65 139 106 168
36 57 106 197
9 10 51 74
101 109 195 128
39 73 189 75
58 28 118 159
32 50 114 185
42 34 152 70
132 13 199 173
78 34 151 72
24 36 173 54
119 77 152 139
30 105 45 148
125 134 183 149
6 84 166 125
33 41 99 158
86 59 191 128
40 12 132 140
124 3 144 73
73 88 98 106
28 16 130 27
106 82 117 182
95 29 185 153
73 73 163 177
68 115 159 145
47 188 157 199
47 40 199 87
13 153 86 193
111 90 199 100
152 63 183 151
66 86 181 156
34 96 39 98
139 38 198 72
4 10 102 70
180 18 181 119
8 131 191 195
96 135 144 167
5 27 130 133
95 1 194 103
83 19 111 65
18 118 108 175
130 39 183 52
40 107 51 123
98 34 175 173
173 44 191 57
57 38 189 93
34 18 96 178
39 111 180 161
99 9 173 23
118 155 137 189
15 5 117 66
14 43 89 125
30 120 70 187
105 29 149 119
110 66 193 157
119 107 145 119
104 130 105 157
68 36 144 92
21 118 94 189
51 48 195 124
81 69 151 131
27 16 169 79
64 116 155 133
6 6 179 120
17 131 64 175
34 49 53 171
45 100 117 129
45 18 168 184
76 121 105 160
19 105 147 159
66 76 131 163
19 21 62 192
8 88 86 128
53 36 194 145
116 32 121 103
1 102 16 161
127 30 142 195
132 7 141 170
155 63 159 181
6 10 11 33
27 69 33 182
43 109 47 180
44 23 116 98
60 36 66 107
4 95 56 182
67 33 108 79
96 73 160 100
77 49 169 95
98 4 122 146
3 33 41 73
104 22 155 133
134 12 161 18
9 90 87 144
26 191 69 199
7 82 51 133
56 14 173 15
48 24 149 81
90 89 176 188
67 68 145 75
107 55 147 162
137 46 197 179
136 125 167 159
81 64 176 129
6 27 167 94
33 21 57 66
28 8 162 127
139 173 190 195
51 10 61 172
153 49 169 165
107 64 160 111
26 21 35 29
149 86 155 160
0 50 98 131
63 57 157 113
37 91 90 160
21 101 195 114
53 147 142 174
20 1 149 171
15 24 180 190
79 115 142 185
89 109 188 133
23 169 199 191
25 10 45 140
175 87 188 124
3 101 23 197
49 10 130 87
13 137 184 140
145 101 199 158
24 97 158 167
24 120 114 156
105 11 122 48
50 92 139 158
15 142 139 148
26 59 120 137
22 59 72 82
146 132 154 193
95 123 175 163
70 2 192 151
107 116 172 177
70 116 80 124
151 34 159 79
53 78 84 161
63 13 164 86
85 138 173 183
9 16 164 88
18 39 65 52
79 60 119 116
75 80 89 136
37 141 154 182
48 59 103 108
44 18 122 124
118 57 132 131
158 69 184 73
88 30 173 179
48 24 57 158
81 66 149 79
3 12 83 59
112 25 171 193
40 68 95 125
39 46 193 120
53 134 178 152
53 85 115 107
129 62 178 82
128 50 154 195
41 40 46 164
5 101 53 126
9 82 166 166
135 0 141 197
17 24 30 178
60 62 62 170
18 61 126 189
32 43 138 149
2 117 113 176
19 18 36 25
94 107 108 111
153 157 199 190
129 42 186 176
52 39 197 165
101 38 197 45
92 169 149 173
132 21 151 131
16 169 166 180
57 68 197 192
9 69 178 141
42 82 72 146
1 93 118 155
16 81 36 137
132 132 182 148
19 94 39 172
41 58 186 95
95 117 105 194
51 125 153 162
74 25 165 96
136 85 159 140
80 144 95 165
34 17 186 171
7 12 125 126
118 48 149 192
7 17 153 129
82 33 137 89
85 40 118 46
102 34 127 100
46 53 136 113
96 117 168 164
39 114 58 142
78 98 188 126
23 100 197 124
2 137 110 169
43 113 133 123
127 153 138 170
23 16 68 36
17 177 99 193
106 51 198 87
33 127 144 159
121 64 161 106
188 85 199 126
63 55 123 102
58 121 151 198
12 35 80 142
24 105 32 178
8 41 105 107
3 22 168 157
82 77 163 85
100 83 194 167
18 20 52 66
64 169 101 185
49 20 158 164
41 3 136 32
111 0 188 153
76 123 118 182
40 47 186 96
40 116 115 152
5 99 23 198
41 159 60 172
53 170 194 198
153 86 190 159
55 11 142 96
67 81 69 181
23 95 148 160
68 112 163 190
59 28 186 162
142 23 156 108
54 21 119 54
50 45 182 144
92 107 95 174
131 24 195 111
92 17 180 94
70 10 132 63
9 85 18 110
102 131 156 170
37 138 85 153
77 177 99 199
2 86 137 183
104 12 167 161
70 24 148 30
90 25 122 35
116 168 164 178
50 2 83 143
34 65 148 149
131 109 164 112
83 130 169 136
21 49 143 112
23 50 119 106
15 119 166 137
43 30 178 178
124 129 197 189
34 62 165 110
21 57 126 131
85 12 131 72
45 156 51 189
118 55 136 92
73 40 183 132
82 89 193 153
145 68 157 172
104 135 146 138
25 91 91 121
156 39 194 83
41 5 87 135
33 61 120 74
49 112 68 179
56 3 121 75
1 90 161 173
60 92 156 193
20 118 172 179
109 27 193 176
51 130 161 160
31 130 120 199
40 21 99 147
135 86 199 109
154 122 193 176
175 42 184 168
63 35 67 141
86 176 124 192
98 69 168 184
111 118 183 162
4 157 152 194
163 158 176 164
24 63 29 77
175 74 198 143
60 55 169 182
14 30 106 122
79 106 84 179
26 130 111 192
24 12 125 185
1 31 89 75
96 38 99 137
75 26 76 75
21 93 113 146
9 47 164 124
115 74 147 79
134 104 190 132
30 32 90 46
148 178 172 190
78 3 119 96
34 13 118 31
6 97 177 128
0 113 47 180
22 155 161 180
69 10 195 74
101 104 127 105
128 58 168 150
20 55 26 185
101 96 157 97
106 174 174 187
130 90 196 114
19 35 154 122
13 58 46 68
89 10 156 60
86 49 129 66
18 21 189 148
115 105 168 172
16 71 40 97
129 14 172 37
37 54 156 61
112 1 123 82
22 64 30 89
0 41 118 168
83 36 112 147
51 59 101 173
135 155 144 164
28 17 132 74
34 35 179 97
49 26 106 29
174 71 196 76
0 58 159 103
14 0 29 85
2 88 6 155
34 52 61 54
4 106 173 197
22 136 96 175
109 131 177 174
58 76 61 198
94 93 164 184
24 30 152 139
47 35 142 141
4 98 32 137
47 113 52 143
100 10 133 147
64 36 74 64
151 3 176 154
13 175 113 177
130 36 164 175
21 42 123 137
44 113 198 147
119 21 188 115
28 176 91 198
77 130 130 143
9 71 97 106
34 4 102 40
46 8 145 12
12 11 23 150
98 8 156 145
36 78 191 112
100 95 193 176
18 7 68 68
78 75 98 105
53 13 159 141
125 28 163 177
153 29 194 89
0 65 155 198
81 138 196 186
104 163 194 194
97 177 148 192
66 158 141 164
116 23 133 178
50 8 168 116
54 92 125 170
1 133 27 193
117 68 123 125
126 75 165 82
16 73 163 133
114 51 189 192
85 87 146 178
66 154 104 163
122 50 161 72
55 113 80 174
131 38 184 177
112 148 180 167
46 55 189 155
23 131 94 192
8 144 30 166
63 20 167 193
169 115 187 117
43 48 71 99
33 89 190 95
34 44 124 146
106 70 157 91
46 112 153 152
10 134 181 187
13 51 79 59
115 32 163 49
90 85 101 157
135 93 178 97
32 136 44 166
89 0 163 13
59 116 167 172
106 17 170 18
101 38 179 51
24 69 37 83
85 19 100 186
58 79 189 130
35 3 74 12
72 64 95 159
4 6 77 41
178 177 179 188
8 169 118 195
3 62 69 140
141 28 167 145
27 31 190 71
71 28 172 58
46 68 129 166
40 44 153 173
24 14 83 85
21 13 134 97
43 41 115 189
48 68 193 158
74 32 166 93
160 60 198 136
56 85 192 137
18 162 180 194
50 23 160 107
49 5 115 178
135 126 197 186
21 84 114 138
38 138 187 173
62 28 193 184
122 22 195 64
31 12 97 70
150 85 195 164
77 4 107 155
140 32 164 172
130 12 139 19
72 65 121 101
21 28 57 168
83 107 98 181
48 113 97 131
77 36 150 150
3 12 194 181
67 32 129 68
4 83 9 160
28 18 64 106
24 31 126 43
90 24 133 195
177 133 199 183
52 7 194 193
18 31 138 194
63 64 190 79
3 85 91 181
94 58 166 109
75 108 188 147
121 72 169 82
105 53 171 177
18 1 144 124
14 133 88 148
68 6 188 158
10 71 62 195
65 112 67 172
16 27 57 186
98 56 135 149
161 49 195 134
26 36 60 124
72 8 86 187
21 60 64 190
151 44 189 72
100 26 142 129
2 1 38 24
8 48 124 122
70 37 119 72
63 33 142 184
17 36 92 39
73 11 112 64
175 25 199 191
10 94 127 127
68 76 99 188
144 71 155 107
140 72 156 164
13 39 42 157
3 84 121 92
105 13 117 65
9 74 118 77
94 89 134 140
84 95 94 163
64 2 157 170
167 26 187 176
52 105 53 191
150 73 183 79
23 66 24 88
16 123 85 152
39 89 156 198
48 109 197 135
30 32 124 131
136 7 180 104
69 120 101 181
13 86 174 153
162 144 167 164
62 21 64 98
42 112 194 120
82 11 142 92
36 41 40 120
62 122 153 177
82 25 85 193
147 22 196 54
87 132 122 153
181 56 189 63
33 7 36 116
5 108 161 190
4 27 66 189
34 102 105 155
79 89 187 145
23 119 132 150
28 17 73 107
165 145 174 156
66 36 133 89
138 76 150 122
0 28 42 139
28 81 81 176
25 88 105 98
0 68 127 155
58 21 159 180
27 71 56 118
187 46 198 54
108 8 142 125
108 60 183 101
39 84 180 163
102 103 115 191
34 137 94 142
49 105 183 184
35 106 92 138
9 159 81 195
73 2 131 135
147 110 156 134
34 62 48 151
109 108 121 182
63 4 69 57
39 42 184 120
102 43 114 132
33 70 89 188
122 57 133 149
124 36 129 156
28 16 175 62
102 93 130 138
79 109 100 143
142 20 193 85
53 139 147 175
44 28 128 195
24 75 106 117
176 171 192 173
70 45 163 144
150 142 166 198
53 119 109 150
69 63 90 172
6 8 170 156
46 25 145 72
36 12 56 126
85 70 199 73
34 7 199 79
81 173 118 192
151 43 166 151
3 39 125 189
15 16 133 170
55 11 159 53
118 4 138 53
102 21 188 167
38 86 122 140
110 5 166 191
65 108 108 125
135 12 156 45
158 7 175 129
32 18 150 167
7 106 110 193
64 19 148 191
110 139 197 142
6 74 91 139
42 10 198 181
50 59 112 188
37 36 77 197
63 31 178 198
97 14 108 121
131 44 185 195
28 116 193 194
109 23 172 156
41 77 69 112
124 19 148 78
87 5 132 139
3 132 52 191
49 118 70 140
9 71 119 97
52 39 187 124
92 97 102 196
15 65 163 105
4 63 149 132
13 6 90 111
78 63 131 97
2 71 140 85
100 24 189 198
91 59 120 105
36 19 199 128
11 64 193 118
27 39 34 75
33 72 193 112
35 107 117 124
94 31 126 127
138 147 173 173
35 103 93 190
16 35 152 138
136 29 137 124
0 87 20 195
138 54 191 80
64 82 96 130
41 38 122 194
20 19 154 147
31 151 98 169
21 8 137 14
87 176 107 192
24 39 166 52
17 56 90 193
47 56 198 63
15 74 198 144
86 45 177 55
51 75 182 77
31 3 136 46
77 86 143 180
47 3 191 85
125 9 168 154
95 63 134 94
13 72 99 154
140 3 145 35
35 20 119 131
83 53 177 101
131 157 167 177
66 46 190 59
93 16 104 176
125 23 153 106
146 56 183 160
120 55 172 62
75 75 107 116
37 60 160 179
5 0 122 154
121 20 176 131
10 72 121 98
78 0 129 62
161 101 169 191
131 36 198 40
0 54 19 121
74 120 103 132
3 117 96 196
6 53 11 137
21 66 173 177
135 22 173 131
77 25 141 174
85 82 121 127
43 51 168 59
101 26 103 36
48 28 167 77
19 17 46 104
4 147 50 175
16 15 159 187
176 16 194 160
72 70 97 157
91 80 195 116
3 25 187 83
57 93 161 116
189 105 199 144
131 139 180 157
34 31 136 44
8 41 158 149
49 26 138 134
101 182 176 197
163 30 169 140
105 5 172 32
45 124 113 136
173 64 180 102
41 73 107 161
51 10 189 26
46 77 178 165
55 59 83 107
21 25 85 134
5 171 19 176
71 13 145 153
4 14 156 42
27 44 122 54
109 78 174 79
65 27 83 141
78 126 99 192
15 40 65 138
88 19 164 197
94 86 187 159
110 162 161 194
147 4 198 177
82 3 137 144
118 50 139 65
13 145 88 152
60 74 180 161
17 63 85 162
134 50 153 194
74 25 87 160
29 14 130 158
60 33 163 143
83 84 187 110
95 168 150 178
6 10 102 193
106 92 191 138
119 123 177 168
37 69 114 109
83 187 107 189
103 10 106 145
7 53 71 105
49 69 173 158
2 117 54 122
67 39 181 150
111 148 158 173
2 51 185 163
107 40 135 77
18 122 165 198
20 48 43 128
10 81 180 174
70 21 78 64
82 77 88 170
100 3 131 123
17 7 135 52
34 132 195 181
125 21 127 101
36 133 44 167
37 157 61 158
93 21 192 196
24 21 146 96
148 98 162 124
43 93 101 151
49 172 197 189
55 14 136 33
15 3 54 15
46 119 188 179
31 147 127 195
131 10 139 123
76 109 100 146
60 101 137 144
63 28 67 140
31 72 115 170
115 7 138 188
134 9 199 167
22 2 194 85
39 152 86 154
92 62 186 130
101 22 139 83
35 116 154 120
8 96 51 101
89 11 148 191
174 109 193 182
6 44 35 117
26 80 153 199
21 48 78 195
11 45 28 114
23 52 171 114
6 41 17 186
28 34 83 73
137 39 140 142
54 54 135 174
1 115 111 149
62 68 77 195
32 52 170 109
93 61 184 78
103 68 190 197
30 51 66 179
129 14 171 111
59 20 140 98
34 14 157 45
17 127 178 197
58 30 128 171
38 33 174 37
20 67 102 143
87 46 158 150
22 107 178 170
44 63 139 87
84 83 102 171
86 60 104 82
31 23 83 113
145 163 180 171
89 58 183 110
66 0 148 140
67 106 68 128
151 42 179 170
18 26 79 102
68 74 143 85
60 44 99 160
66 86 126 87
112 21 172 81
3 50 156 119
106 36 183 124
122 109 163 186
57 91 116 131
15 71 148 137
48 84 64 100
113 50 163 118
143 53 191 189
99 30 114 165
56 126 130 141
79 38 173 149
72 43 189 61
71 52 185 123
80 123 89 136
10 3 30 82
45 49 75 169
80 38 165 163
132 36 139 71
21 62 108 164
79 27 161 182
154 4 189 175
18 97 91 174
138 6 141 149
131 63 139 147
97 46 101 107
87 87 163 125
61 32 138 135
12 125 141 185
60 121 157 178
11 36 79 86
56 189 196 199
35 59 150 181
75 105 79 159
84 57 146 103
97 127 157 197
19 45 29 69
35 78 116 122
141 12 148 199
27 3 90 11
154 28 182 46
53 84 126 91
44 39 122 198
140 75 164 178
58 22 181 102
159 75 164 174
97 132 199 181
38 151 43 181
100 2 175 37
31 19 39 92
74 1 131 60
116 44 184 190
77 29 184 138
141 88 183 139
76 38 175 158
71 126 165 147
102 139 141 170
142 111 184 198
84 18 119 57
137 68 148 196
100 42 130 61
9 47 92 166
19 11 185 110
41 50 133 112
129 92 135 146
12 110 16 126
30 11 184 194
78 38 142 187
20 4 185 98
30 21 62 158
7 62 176 163
77 102 195 158
109 136 191 186
20 92 97 161
169 192 188 198
5 119 109 138
80 5 87 67
62 38 160 199
29 171 141 186
43 2 124 96
83 49 127 145
21 28 96 121
103 115 169 191
154 66 169 106
16 87 175 141
35 87 126 103
13 165 29 167
51 152 173 183
4 32 166 172
94 69 138 143
36 133 61 153
0 44 103 95
118 32 198 76
13 27 48 65
54 63 120 197
114 59 145 61
45 118 53 132
21 144 123 183
74 65 180 141
107 0 133 152
107 15 164 128
3 32 162 74
13 113 159 125
90 155 101 171
16 128 89 166
131 35 176 135
19 138 161 142
88 62 173 102
59 78 143 101
13 4 51 32
94 164 127 182
26 100 36 153
68 0 95 131
93 29 132 83
123 48 129 185
24 41 112 73
128 141 194 190
136 9 161 68
19 63 60 191
22 52 59 119
6 1 91 61
127 84 182 193
87 102 190 161
82 75 95 171
4 17 175 127
65 47 188 120
44 26 162 184
59 24 74 164
30 39 103 103
138 81 146 85
84 23 166 32
168 121 188 153
70 32 134 197
73 22 114 71
64 12 181 184
69 2 173 23
26 78 119 100
91 77 104 175
25 17 145 94
45 32 146 174
33 31 195 78
7 145 124 154
101 69 182 147
53 19 119 93
120 144 155 198
167 30 193 49
185 17 188 104
32 1 88 166
176 122 180 193
29 146 123 174
133 53 197 117
6 37 83 182
112 15 176 168
74 40 144 152
158 58 160 89
112 187 116 189
138 40 139 164
80 35 116 38
45 76 79 127
167 44 193 97
153 66 188 168
50 16 73 178
24 68 167 132
77 111 122 162
124 87 136 194
69 182 185 187
149 113 154 169
77 115 114 146
49 51 133 157
10 88 24 98
176 14 195 53
20 86 185 125
8 156 91 199
117 156 187 182
65 1 139 48
37 11 149 12
66 120 153 183
71 133 84 136
51 0 198 79
4 6 68 153
60 31 65 71
124 8 129 147
38 62 183 131
28 70 141 118
26 30 58 59
104 85 141 165
97 42 199 77
2 54 147 180
55 14 84 43
9 42 181 102
11 54 71 112
57 100 105 181
24 90 99 185
84 33 87 173
12 16 116 69
18 10 74 192
158 22 179 165
61 18 153 79
158 85 188 174
89 135 111 178
22 26 147 91
54 101 152 143
34 155 140 157
86 156 175 185
101 37 175 77
95 2 190 126
125 3 188 78
61 41 65 108
50 106 125 167
82 31 196 160
121 25 163 82
24 112 28 176
92 38 161 162
174 2 197 86
9 26 39 186
91 20 114 187
70 6 137 134
26 115 134 157
88 45 145 87
65 8 78 87
35 11 39 75
1 26 111 102
10 86 105 146
26 98 43 103
18 52 63 199
28 13 106 47
120 22 169 138
9 33 77 129
10 38 187 123
35 42 165 125
186 21 194 122
4 163 124 196
132 77 195 133
24 146 83 165
181 96 184 137
12 16 154 28
183 35 185 138
153 42 180 49
9 16 176 167
30 17 197 144
52 96 194 188
141 29 181 46
125 37 131 155
177 46 199 61
36 55 154 101
7 159 172 161
10 64 70 170
86 158 173 172
2 115 123 171
10 130 83 164
30 14 177 173
9 20 143 31
118 117 120 191
13 92 97 104
53 65 111 171
30 90 155 125
153 124 171 154
74 41 117 104
73 153 175 194
6 22 194 31
10 141 34 169
25 33 45 138
9 52 179 142
127 78 182 178
94 68 196 104
0 133 182 149
90 25 113 105
109 41 183 120
73 65 160 181
74 13 157 21
57 70 177 118
132 184 156 190
177 6 184 136
57 32 109 106
17 55 87 185
38 2 93 33
25 49 165 161
16 123 159 145
62 44 148 98
51 43 180 172
117 40 132 193
63 175 156 180
167 89 173 112
166 55 180 145
3 2 34 147
1 148 50 156
102 36 103 178
2 36 13 56
58 42 146 50
89 34 130 185
42 68 176 115
22 121 85 175
31 103 152 113
23 53 186 79
19 10 31 181
100 99 114 136
154 82 194 129
37 26 168 157
67 70 160 162
62 0 137 3
23 9 62 153
121 164 167 183
175 90 178 121
11 13 91 116
110 37 173 133
38 123 40 127
11 12 108 22
134 20 168 107
17 53 154 177
116 27 119 57
60 50 95 69
110 48 178 178
163 26 180 175
79 16 171 141
79 142 165 143
183 126 189 151
49 32 198 115
83 183 193 196
159 79 168 89
54 4 198 151
117 55 192 91
11 56 84 65
12 83 16 140
150 46 157 161
49 119 170 152
31 42 142 175
48 91 161 163
59 141 160 176
20 25 99 141
130 81 155 136
44 17 164 40
54 70 104 157
123 12 199 94
23 34 122 79
151 4 162 8
8 66 102 155
146 15 198 169
11 111 196 171
31 138 65 188
64 81 91 164
31 56 94 90
51 6 130 73
54 16 163 164
31 31 32 63
131 105 142 137
55 42 96 87
6 55 194 83
8 139 143 178
101 135 107 174
3 99 135 180
179 37 197 137
26 77 172 127
41 57 157 196
81 126 176 174
69 149 179 152
65 162 181 179
133 83 179 155
120 41 181 63
58 114 185 153
14 72 165 185
107 17 120 44
101 112 160 180
149 94 156 158
5 58 32 93
174 33 176 75
6 74 93 163
105 39 173 111
68 44 149 150
35 103 79 181
85 98 104 151
49 21 139 165
93 23 153 128
29 83 92 97
76 171 110 183
43 9 79 152
106 158 139 183
82 1 118 50
146 46 187 163
34 87 184 116
11 62 196 70
9 105 68 107
17 21 35 154
44 114 177 148
61 146 153 174
125 89 195 119
66 99 113 143
48 73 183 129
45 65 185 138
18 53 88 85
11 87 25 161
34 92 97 95
27 163 73 180
15 16 131 105
101 180 125 186
180 0 193 145
81 15 178 99
104 123 111 156
165 125 173 145
58 53 105 135
120 102 135 131
32 26 47 128
22 22 58 106
87 16 164 195
128 52 189 150
42 168 86 170
19 7 179 76
91 3 98 40
21 140 143 192
121 163 166 165
118 17 157 149
99 61 188 138
42 7 45 51
43 31 65 143
49 59 144 119
28 54 68 113
151 14 156 138
153 49 192 152
74 126 115 189
157 9 193 61
175 101 199 127
61 24 78 166
26 22 119 49
22 20 84 35
99 20 138 99
84 118 117 127
25 56 141 61
174 58 189 131
6 59 130 180
166 1 175 94
106 122 176 151
0 83 157 189
55 90 171 99
40 41 168 46
91 146 134 150
146 10 161 53
111 120 133 151
28 13 39 139
93 20 113 122
29 35 93 158
84 102 127 114
0 8 70 36
8 71 12 154
66 10 68 165
110 40 124 154
173 45 198 66
118 149 122 184
27 141 56 152
22 20 156 111
7 172 13 186
76 108 131 113
109 51 195 68
24 8 54 41
52 129 172 151
78 171 97 187
138 59 164 190
45 172 160 193
38 101 166 113
47 180 171 186
137 94 194 175
47 41 197 146
6 120 82 171
105 70 141 190
0 14 131 155
68 127 122 176
29 31 69 65
83 85 102 190
19 26 49 167
82 15 107 150
122 107 187 141
90 79 164 107
26 87 79 175
135 70 179 80
145 22 175 169
66 76 184 77
150 85 160 165
28 145 174 184
49 66 125 87
87 114 104 136
67 118 193 147
10 129 26 189
71 95 151 158
9 7 46 142
188 22 193 56
129 143 147 158
30 7 149 53
102 53 163 63
60 10 158 49
90 60 163 185
55 13 82 136
15 10 186 54
0 116 174 168
81 31 171 195
41 20 93 158
95 87 178 196
158 83 187 118
22 34 169 88
2 35 43 97
30 8 186 99
149 72 179 150
68 107 118 171
75 93 85 143
59 54 151 87
62 23 190 118
38 44 185 191
0 52 59 59
59 10 146 130
113 60 124 113
7 69 97 152
16 54 136 60
73 145 128 185
163 90 196 131
112 67 134 163
50 115 197 179
35 151 135 159
13 43 34 177
18 52 186 83
179 151 183 166
100 92 188 113
69 7 102 9
101 39 142 170
27 163 199 178
103 29 172 104
69 94 87 155
143 125 146 141
46 134 98 189
59 45 130 80
62 76 135 197
3 30 123 50
95 57 111 112
44 90 60 161
132 124 151 179
156 111 177 163
8 90 60 164
120 161 145 189
112 89 143 187
5 43 92 171
102 74 178 181
13 9 76 193
16 21 142 184
49 4 144 15
8 55 196 161
50 48 132 171
20 12 112 196
165 44 195 159
15 66 131 101
175 16 189 52
163 9 178 69
11 79 56 174
88 34 195 190
96 69 141 131
89 10 121 147
98 0 133 61
2 48 55 91
128 123 169 160
64 156 81 192
72 19 152 78
40 66 101 108
3 111 176 139
183 127 185 182
106 122 107 195
46 183 50 186
21 66 195 79
10 170 121 182
134 90 144 152
88 84 135 155
54 3 119 188
6 149 20 188
90 114 103 150
36 84 79 103
127 19 159 133
36 4 148 92
67 141 79 177
42 74 100 88
27 9 72 151
33 86 116 100
45 105 162 181
30 47 89 58
47 38 103 90
33 53 107 78
17 10 93 51
63 1 81 174
136 182 165 199
63 57 197 79
101 1 169 164
25 122 47 126
87 38 108 188
83 34 154 121
112 71 171 151
143 82 147 119
64 57 110 63
88 38 191 119
97 9 177 117
91 147 175 172
83 33 89 120
127 62 151 69
155 87 166 199
28 7 156 99
78 15 109 61
140 9 194 47
71 19 102 20
151 169 153 181
48 76 153 167
45 54 159 121
190 188 198 190
33 18 53 134
84 127 188 134
58 107 88 110
131 23 147 171
112 16 147 17
61 8 178 35
116 193 194 195
62 40 158 59
54 97 185 170
36 66 64 151
124 55 172 64
72 171 135 194
29 43 79 53
14 14 199 172
151 49 192 184
4 76 108 116
34 39 112 91
169 39 192 115
135 8 173 60
137 80 177 93
83 56 117 190
28 14 61 126
1 15 8 46
40 143 187 193
142 74 174 194
123 93 175 155
102 144 116 197
32 113 162 162
79 182 141 184
89 46 199 192
157 164 174 199
158 60 195 69
36 17 59 145
166 10 197 122
21 65 94 106
78 84 129 160
19 179 50 192
30 9 72 92
41 23 66 56
78 137 156 151
94 38 136 135
13 154 143 181
47 115 93 169
78 76 169 154
40 27 156 135
103 88 189 144
121 68 198 120
35 16 71 127
1 131 142 182
42 78 197 114
94 31 157 131
60 50 184 191
7 99 124 103
44 35 149 182
35 98 197 151
73 106 157 123
112 74 187 80
59 30 194 133
26 11 195 168
26 9 87 147
90 72 136 133
92 16 133 47
133 47 138 119
24 52 51 112
87 26 188 32
97 172 99 198
64 161 150 165
111 43 120 165
22 112 138 118
87 31 136 62
56 1 89 122
62 11 139 193
17 84 38 87
86 21 91 77
56 22 182 25
58 21 113 197
79 118 169 136
59 133 76 145
24 58 188 59
116 81 121 195
0 43 83 94
67 100 183 173
57 16 142 123
76 20 186 192
29 25 136 125
34 74 188 158
102 20 130 83
87 98 138 122
116 21 143 29
63 18 88 141
40 146 175 181
80 21 165 106
8 98 88 134
78 116 106 158
64 121 130 188
7 51 194 71
146 179 189 194
141 65 153 152
65 57 134 178
31 52 36 145
108 80 185 131
43 68 125 103
148 62 187 86
22 15 58 58
2 67 112 198
13 103 109 114
45 36 71 106
6 24 48 113
82 37 142 92
55 14 176 100
126 41 151 181
12 74 88 109
36 109 188 118
21 102 66 185
63 56 142 126
138 8 165 66
36 122 150 151
33 103 177 181
56 36 185 190
82 113 193 139
94 30 195 177
29 72 130 144
12 8 59 153
136 61 164 62
181 5 190 11
29 120 107 142
11 49 172 147
179 94 187 121
139 48 162 150
49 86 98 112
22 59 109 68
32 128 144 172
67 33 85 50
54 22 105 182
104 50 199 88
42 19 116 146
21 115 186 174
4 125 42 127
171 48 182 89
3 24 171 46
117 18 145 40
66 127 81 198
41 82 160 97
42 2 198 60
47 12 99 18
52 50 155 196
16 32 180 175
169 28 192 173
78 99 169 124
154 5 180 185
84 73 165 191
30 98 176 134
32 60 142 145
43 102 187 118
162 50 175 77
56 92 103 144
37 143 137 177
3 164 190 166
124 36 130 66
126 106 142 120
68 57 115 58
25 47 42 101
6 9 135 121
7 28 90 132
60 17 181 129
17 60 152 175
69 40 97 158
144 89 189 103
65 46 95 81
128 15 151 97
48 170 54 192
3 38 112 51
110 2 118 148
149 83 164 153
90 56 99 111
79 25 145 191
18 86 40 190
113 18 172 142
97 80 191 129
55 35 96 101
140 30 170 37
48 45 56 142
18 43 91 110
25 61 147 87
63 95 116 154
145 46 185 90
156 24 193 76
118 60 170 85
62 19 66 116
37 93 163 173
62 12 139 180
80 44 121 95
8 12 27 32
130 24 149 115
25 121 154 137
60 96 87 142
15 47 174 193
8 49 60 176
16 155 66 191
9 68 177 78
6 156 78 174
35 64 151 193
20 29 119 84
174 64 192 101
20 46 128 165
22 85 39 186
38 83 131 185
137 109 159 174
30 135 62 146
40 75 53 81
42 100 44 179
102 87 103 132
37 61 173 65
106 36 126 179
91 39 183 150
76 109 129 131
75 20 80 87
164 91 199 192
5 22 52 36
2 3 16 160
42 65 53 95
20 73 101 147
42 41 176 74
100 61 158 94
78 12 189 50
37 42 150 65
23 74 78 132
112 103 148 106
63 52 147 115
4 23 92 27
49 122 112 162
25 60 68 121
54 82 116 119
7 139 187 170
7 113 25 154
72 66 175 72
67 62 184 64
14 16 129 108
10 143 184 191
79 121 122 147
79 143 98 150
99 17 193 147
53 6 175 50
110 17 148 194
130 71 196 158
18 170 36 180
74 44 180 148
7 84 170 177
6 6 158 80
2 90 28 145
132 134 183 173
2 148 40 152
23 50 115 116
162 35 163 165
61 15 143 84
46 115 145 182
23 14 168 89
126 73 198 187
90 31 132 114
145 28 199 71
104 135 193 195
146 88 157 199
49 95 76 106
56 85 192 154
68 135 140 144
134 102 196 142
104 30 123 139
17 165 143 166
64 13 72 151
18 64 159 196
56 77 57 132
50 14 176 124
21 30 26 39
46 137 187 144
122 22 174 178
20 4 161 18
94 149 162 167
146 23 161 69
70 62 103 172
38 104 43 132
132 72 186 78
48 147 99 198
137 123 142 175
96 112 121 132
58 165 91 190
19 35 21 84
19 144 125 190
100 76 153 177
179 124 192 162
15 34 36 151
182 9 184 198
44 20 101 130
23 16 127 135
152 93 153 175
28 81 38 163
2 34 44 112
33 47 105 151
19 17 71 38
114 28 152 147
27 57 50 183
3 146 18 197
3 51 39 177
67 24 175 198
58 81 168 137
81 55 190 88
32 59 119 136
87 34 122 114
106 2 166 78
168 51 194 55
37 117 170 143
42 8 78 78
29 114 85 151
23 16 57 143
19 51 198 57
51 35 135 72
0 17 34 48
10 70 174 133
71 17 198 172
60 98 128 165
104 98 161 155
125 43 169 98
124 106 156 140
11 6 42 186
133 174 141 179
16 17 45 149
44 72 160 145
51 3 88 194
128 124 193 179
153 33 160 145
102 43 122 180
35 45 115 86
8 155 99 162
2 57 185 143
38 58 195 107
7 133 30 138
29 54 190 184
177 11 178 167
58 56 166 105
97 70 130 155
107 0 111 125
27 69 44 149
49 39 198 130
100 2 124 79
159 35 186 122
15 42 134 181
20 14 63 132
1 1 54 165
55 64 180 189
147 50 168 89
8 137 95 157
20 31 67 33
18 40 192 52
109 11 187 194
24 10 88 50
74 29 113 145
55 8 85 96
72 101 124 163
135 9 176 10
98 68 114 105
29 0 153 176
2 160 196 195
166 43 170 64
112 84 169 93
22 119 48 176
31 44 171 198
10 18 125 20
80 161 180 196
36 1 155 14
19 52 198 110
13 17 102 36
148 37 153 185
38 108 151 128
57 38 70 70
109 9 115 156
141 149 166 157
10 15 113 28
63 2 156 49
29 39 186 179
15 48 54 134
58 88 172 165
39 37 77 102
32 89 52 199
89 106 134 147
98 90 172 131
34 16 119 180
74 135 118 169
83 88 159 166
58 9 183 132
59 14 78 161
33 86 145 121
38 32 127 121
97 83 153 122
124 8 187 64
35 10 100 67
134 13 158 25
5 10 101 83
33 14 178 192
12 131 88 141
70 23 192 155
74 45 163 133
37 188 179 191
65 44 79 155
155 4 174 20
48 53 175 115
50 33 122 172
58 26 62 106
80 38 174 78
1 18 187 52
52 61 176 177
166 44 189 101
20 6 62 52
89 81 183 93
66 30 146 107
41 23 192 151
41 3 175 178
98 17 116 116
112 66 160 153
1 120 39 154
26 44 185 136
84 98 155 111
143 92 199 145
78 148 182 197
93 11 124 106
60 86 120 194
37 40 186 152
125 17 131 70
10 53 72 183
105 41 185 178
88 61 182 165
70 65 115 194
132 96 159 138
21 18 174 163
139 1 184 170
53 108 155 142
26 85 115 117
125 153 196 178
109 43 126 100
164 12 180 32
38 6 43 52
52 83 141 176
31 40 139 122
125 101 186 116
60 29 120 170
1 45 48 82
92 65 146 94
102 115 155 168
181 6 190 74
3 27 93 160
5 29 189 34
58 67 62 77
92 40 181 141
86 134 124 146
22 0 195 26
35 97 90 192
65 22 105 27
41 82 188 116
100 1 124 117
113 126 169 141
116 10 174 181
167 22 170 68
151 131 187 191
93 15 194 45
105 47 146 143
55 24 157 35
47 41 66 140
9 60 186 114
65 34 92 186
10 53 35 71
20 44 189 78
30 94 95 192
84 7 179 17
68 9 107 193
50 169 72 197
4 136 58 198
52 119 72 149
115 101 122 119
96 139 160 171
85 141 95 152
59 70 119 156
173 126 199 167
