1015
5
25
3
2
100
50
125
85
845
850
1105
1325
4225
118625
160225
1228429
271442
649760493
972817
421697
667060
304089173
35005212
294702568
562570
233665124
1078057
315634023
369133070
516706
81450
715985
756898538
973594325
1504625
412776092
911759957
83045
135497282
639418
349873
632621730
553697
689940
548233368
585990365
192080
945117277
780695789
491705404
80369
264095061
843993369
814250
469348095
781909
975960379
762794
330573318
687926653
959997302
402724287
34434
947346620
270744730
633665
381674
244397
255179498
501362
703964684
443405
811521
524192
409959709
304317
289700724
168002246
439493452
178789
111537765
147469842
911165194
142757035
869470125
8936988
275373744
68274
173170
222496
924260
534664
1079305
706285
803912
772165
1246824
352118607
909002905
395235129
351797370
767882
496987744
359512184
398295500
86206726
172755591
227365
27907670
722308543
933110198
852496
502278612
37127829
18184
335354341
889023312
447267606
1388770
346811306
705178737
434248627
470503466
552473417
188213259
884167638
201305625
776532037
273911900
34801
611001
874009
404158661
678026
63405
480596
967681096
437116467
176911341
943327685
876855543
237379108
148601
995706888
65103349
387451660
1026481
57467588
555319302
698617
170585
1324765
695293
387445
307565985
324763921
231602423
543341
195740085
6811973
570073851
290725
658825
446340714
915256191
846942591
38609
114937733
185860
782717
630668851
1108297
634948
861461
201690614
987218
457570
114723507
676902022
950390869
266235190
137949909
777210499
908518809
911313
475477
781999755
935449
85625
624549798
1212305
390953
682813
737153
639385
992745
861543922
932026305
828388028
332266749
31308903
820697698
91125
186090429
860308
348482
463905
1492276
487777
784809
1023125
733361
287906
785860
687257
396808
900553542
523144
659396
412245
1679893
1072285
537689
16764525
594562
363445
877565101
369602727
665204917
564325579
195785
20386
885799632
447085
318561887
70788356
112720091
106059480
51858970
138692
627908
622709
37487771
232056857
1026545
124160
333050
692217
584710874
654820
1388932
716334472
1864801
1089439
762400
251633
689317
607217
1531450
26413174
451565
302539391
235745792
302258
38090
485425
944080
983614031
655035326
164317
47372232
1298317
628974581
786039022
605539863
586235380
196069
543324177
131554
146101
744266
29777561
257675106
1110770
326917
242658
524133590
215828994
74552806
747844823
765326718
76593094
431530127
207272
482242
1047085
464415776
672032920
639806733
406011018
114760236
218473
1130594
1033217
7277218
260596964
1758653
988714905
976685
675001
35756852
712373
56372
1073125
510080968
460686764
973856
342472
276788
567034
157272380
193642
763794428
582152041
799850
10901064
697168
53177
410134048
982945083
831965
312630444
64945487
356684279
468770
1311605
214234
32454155
6714
753925
372160270
633938702
1000705
276082
404515798
289547085
174515335
294110992
245798899
889402
1031705
649709017
82173110
383690
825248
11671339
407944
589493
1100002
435625
82385
280311132
226564
572944
476152434
803590182
974626
404308
785550552
803674
915485
923353
820117
1723957
338794
226723383
965205
428903683
872362
1037954
386933
384095821
500037526
351538840
134305
267889619
908717
164826622
370917956
772634226
91753
291409
1680068
151937
62210
713881
785149
627992394
1481450
19508
208865
163216
406250
736491299
476453196
96055806
664423429
849552529
135019594
434322198
217444
366749
185810
1277842
281066
162088422
1037205
953691762
402492973
244040
737703663
202550400
379746
555304
942724791
287492
787761
289360872
234576988
342146591
232660
810389
286721
64873
85291639
691301
337434155
991039876
262184
209734970
724916171
153162845
20406650
769304466
968922327
934660184
964637
192532622
619072
910201
562395736
78374296
131690
186994950
1247650
929588157
138982934
929842
720185678
399493246
5066
562682
379461076
318322043
451042660
811061
354569
972125384
709330
953161957
93832
559325
348361730
321756869
445124
378685
462893
518434574
1509597
1434024
369893142
642233
896925394
513725
28264030
980909
530406425
27080
505593011
587992727
940682
891342724
572132558
479153
649785906
881049614
1117825
418034
990629
949901
254749155
42010570
237979970
690492374
984498434
281669
499429650
206837
122551743
272312087
758250
625843882
246805
1193096
1003797
549495355
657103125
826501
845636354
819485270
91385
624949
163189
330161
1532132
390598090
531585206
573666705
770762
1149640
601605
219301
256273379
916394
125023788
708325
719650354
286966949
912163037
76277108
604665418
569115922
756098481
487105995
815774124
915237
83137
1192720
695991609
44180
435001172
39418
34165
729601
502024
35396
94255813
99885197
636453334
184400
775056795
155465116
433602
305552
844169940
181226514
649741
650994572
848934684
145151226
835210
30387227
956134159
331682
338420
53474
81217
44470217
1945
547407331
108685
292690
101533293
942581877
611269
1220612
363194
281944977
375444585
299141
154615610
457676441
1297025
221389874
142930165
828776
977050
316953166
132688303
761105
203626
558181
659140
1324445
1015460
637840188
144322
31207395
707184681
623804487
131058753
410996
508976506
974885
219994426
256804979
34525
68224548
570840517
268409913
452744
1018088
1180825
894260
33713862
759592335
607465
85206798
327700
457880382
505185186
547045
48938330
1475780
814634317
808808586
465362
682736627
565306617
562045
218081
405280
487073848
461333
100603787
674330
993683398
989230776
233114545
263043321
173506519
421301
691451547
62299854
933084304
98193843
574596535
32810
988052
456748697
813511383
474020
675232
962370
100424
1170277
712825
860509
386753871
44554164
49197812
940472516
554765
851445951
1017988
391927495
293033
95275445
990340
339013
718450
652837
36100
115115465
133541
353673392
776088412
1456421
503458794
742337
356228372
703720
594769884
209473568
143029
607500336
1537313
503615950
453850
137638148
783428
523782141
312313044
902642
587578
992277053
998562958
374631288
657466
902736998
998669
104665170
466647228
4011521
156474
893173
101065
1555597
1127556
579059896
562887661
401422377
891225
650858
837250
1673680
475952281
189544210
446261
162403135
177218
658957
271144
1193546
860372
612816072
152685
216272001
988506953
285830505
683280
763925
386214637
173059561
636750615
269600
752143422
955769410
52385
26478005
97729
691066
880073
848250
315813606
624064902
420025
267040927
788986239
319345
33165458
820042349
315185
779873
179529129
97082
171700
251836755
46800
333480551
940133
681545191
88639635
430148
605609
963964192
1711602
339980539
364531493
85308423
166437686
40658095
744161709
365862803
38146
296865
639729
42830297
791251531
654844050
411716
931450
8532429
268632558
957426577
993805
1457045
428674783
502390524
1049969
1090420
80545
134113237
237140293
543906159
918386024
298521
337129
481387903
1239737
636106
966618018
922265376
891125
372315266
24677
1368989
863554
101073000
447057
885672
683213487
691635768
1156013
120808
257009720
969777
202019541
757393
369520632
327727209
177312852
1036388
969314
107484170
1144738
208634
725362298
611336689
1005220
739925
949784417
246088583
768026
194559278
1241649
1098410
123987800
867253
983827550
293306
1681154
896073991
408347195
1769492
560307072
1291225
220510540
752064836
2690
327305251
362243429
271826265
139520
384696635
989225
1071837
874412035
69774566
1143185
944216250
857965
850377602
71185161
940114
518473
708980
533803670
828496
973345
448673
50201
68116
804154
372004514
346030097
662609
234349
372861
151306
217196009
66075705
680634296
384761
910450858
110709
450395739
99697
598564402
261850
610670807
619021
1087957
473585
543678156
508589
981512506
35839367
221416
912078409
461780769
877088
145620
45069411
675977
287417
401285
241315330
59728
117281
675644665
928453
842594
560413641
457615860
68728259
223207429
665680298
997960
844967251
331081
1067882
283467325
1031066
593443204
349029730
198911787
854155595
1645810
526446287
200977806
1018973
647656
818984201
856374730
246410
1153741
46450
80502309
164465627
829197087
597668
36397
538957
329370449
201162070
939882272
900205109
7016
927454329
867874952
784585
891578
350212
1133960
646469
376875058
476967138
602569079
340606629
83189142
978128826
22988866
971316
222343445
1184957
737237
770361247
674426556
127010
52861121
688005
34114
30678242
919121925
348325555
778825
533499282
1687897
186896500
54818
943410400
91496
1029673
76810013
945972418
358153
60898
714493
1077253
367060
1623042
976668785
827946633
906320
915664226
713561
924264287
628846895
229968
511658083
413188
1050100
61535681
99358642
