5 1000
196 -181
197 -112
-162 -137
84 -84
165 -61
112 138
-179 -164
-118 -43
-10 141
74 -153
-156 192
-87 84
65 155
43 -5
-121 -82
-46 -38
193 -155
182 -94
-193 100
-188 -93
15 124
116 -84
-153 135
-64 -33
-85 -97
159 106
46 -120
62 17
10 -68
-55 -64
85 -152
43 12
-8 -164
57 -143
-145 76
132 -39
-127 -58
30 96
108 181
85 99
-110 -75
118 -116
116 28
-30 -197
-153 -136
-49 145
-116 96
-185 -164
-160 -2
-159 111
-12 8
-76 36
104 146
47 5
-190 167
-36 -114
-133 -83
73 -155
6 117
158 88
-122 40
-43 195
-149 -176
56 155
47 158
-29 78
98 16
-120 -94
-39 -188
-24 -141
161 60
-63 -59
-87 117
-91 -154
-127 -119
90 91
-2 113
-19 -30
-40 -78
-169 62
-117 162
140 163
-120 -128
-103 -141
-133 -177
115 77
-98 168
37 -152
56 18
-25 -17
-51 17
83 121
119 -82
3 -181
39 -109
156 -84
109 157
130 -100
138 -147
125 166
29 -180
151 196
176 -35
-72 -126
-109 -195
-90 -126
-130 -149
120 19
-168 56
131 72
-87 40
-182 38
126 129
-19 -23
129 -178
157 191
105 117
115 -152
18 -142
-82 -59
145 152
172 -62
-47 94
78 -196
-45 -101
89 171
33 -96
95 -108
100 99
-36 49
11 183
124 -159
42 -28
-70 115
-3 5
191 76
-199 110
103 155
-109 158
-8 66
16 44
101 66
-116 -61
-99 41
128 93
155 -136
-87 -102
-107 -134
48 151
-190 73
60 -191
-59 -184
10 -90
58 -185
125 37
41 -116
90 107
-113 -199
9 61
-29 184
-76 -135
186 41
-58 -97
-31 5
-167 -26
-68 67
152 -3
-30 187
-124 -135
196 -175
-83 -168
16 -25
-115 1
-104 67
-25 -101
-27 196
-93 -68
113 35
-22 -182
146 69
8 -24
97 13
-185 -76
-127 156
175 -120
76 4
-37 27
103 48
186 -126
-2 -88
14 -105
18 136
-99 87
92 -127
-97 -119
3 -90
-18 -153
139 -175
117 33
130 -52
171 -124
62 -96
191 55
124 153
152 -170
-153 186
52 -85
147 -142
189 -193
119 54
-4 191
-138 -14
-8 79
8 30
145 -165
-61 -197
137 -19
4 154
164 -73
-98 -39
-124 -127
153 47
148 -96
-73 -47
-193 -85
79 -164
89 -91
182 -14
-173 14
-57 158
184 80
-17 148
7 -86
-170 -197
37 11
54 -46
161 70
181 -78
-132 -53
106 181
-80 -9
-112 115
-45 -29
-45 1
66 92
194 -50
-42 -165
-158 -92
79 192
-168 -28
-146 169
118 197
79 -168
69 -34
36 41
-15 174
109 64
-113 -55
-172 159
-153 -14
59 132
-100 -131
61 -46
-109 194
-166 -5
103 103
-88 144
133 190
60 -75
-59 -20
-68 -10
-182 61
-136 -189
-166 -72
-32 -151
151 -135
-139 160
-94 -3
160 -108
-158 18
4 173
-62 137
-155 -135
93 -158
-2 140
-56 147
82 30
-30 -91
-141 -101
-149 38
-103 -133
-96 -132
-123 80
-1 154
-122 84
138 -186
-55 63
-200 54
-70 41
103 31
112 6
-61 -98
70 76
-161 174
35 188
91 -90
135 -182
72 -106
-20 88
-136 45
-70 -124
123 158
-56 31
138 70
-151 103
-174 119
-33 195
112 46
-167 44
-35 -83
2 155
-83 20
-141 -157
157 103
66 67
-2 -6
-124 -73
-94 -109
57 -102
-124 63
101 -87
103 94
155 79
-123 97
111 -149
185 -193
-59 -12
-90 2
85 -43
-115 177
96 139
-153 116
85 136
-118 126
-128 92
-22 188
-166 67
17 -200
192 185
-117 118
35 183
-29 -191
119 -94
-2 178
126 5
102 -174
81 -136
24 -184
-174 46
-8 -73
98 -150
184 -4
61 43
-40 -178
-86 178
44 167
-70 -121
-180 -131
8 -80
-27 15
95 91
-153 119
30 20
177 100
-114 -123
-131 -173
-191 153
-180 -4
18 154
97 146
41 174
169 -103
68 112
-151 -107
32 80
58 -163
56 74
143 101
78 -101
-158 -45
-169 -161
-31 1
-70 109
-176 -38
132 137
10 16
-118 111
132 -199
-166 91
-151 -168
-146 -51
152 108
125 191
139 -121
47 -6
145 -5
43 132
52 126
4 -111
76 74
-12 -101
4 177
-135 18
-131 -113
-10 57
130 -43
3 -79
5 -49
-168 64
110 185
47 -144
104 32
-23 63
44 -30
96 -75
-151 -135
55 41
77 -135
95 39
66 -145
-135 108
123 132
183 169
182 169
-176 -92
-139 191
184 -165
-196 145
-23 -5
-90 108
-12 -73
-29 -68
-198 48
58 -90
115 189
158 46
-3 -188
-149 -164
-175 -128
138 161
-90 72
61 16
151 118
36 -150
36 113
27 -11
17 162
-41 -130
-109 73
162 -151
-144 -34
-135 -47
-99 114
-38 185
-96 -80
-126 82
8 -59
-116 -17
-163 85
-56 -93
195 -176
-143 -195
-153 -63
194 -21
-30 195
-156 -196
185 -18
-23 50
143 141
10 -158
-88 23
171 -109
159 142
-143 -33
-174 196
-26 31
-94 182
127 -65
-10 101
16 -100
-198 -110
-171 21
86 -15
-51 -154
7 28
-114 61
-101 135
128 -157
-151 67
-14 55
64 -73
-3 -20
26 -186
-28 -90
27 84
-135 134
0 10
-93 -80
175 -100
38 -132
-108 171
-88 -22
153 162
-16 -72
1 138
80 89
32 157
-95 123
-199 -178
86 -184
-59 -39
-178 122
50 -91
117 57
-196 29
62 -184
143 -13
96 -71
104 77
49 86
-197 -107
-171 48
144 136
-17 177
-161 200
-54 -126
21 132
177 107
107 -175
109 -67
171 172
5 150
61 -82
178 -152
192 -167
135 -199
177 -115
102 34
76 -167
-9 190
-52 -59
183 -86
-95 -152
98 124
102 -63
-116 102
-47 -124
121 1
155 -193
-122 177
169 -10
-61 -160
-59 -21
-37 42
-166 178
19 -157
151 -136
61 63
-196 -122
-18 -161
178 184
18 7
-181 103
149 106
72 43
61 -95
-187 125
62 -22
-122 34
160 197
-81 -183
-83 -91
63 -130
147 70
-1 43
-125 -172
123 -38
158 -92
42 13
-152 200
115 -21
81 -157
-36 35
90 129
182 -165
-161 -2
6 -39
-150 -6
-109 126
-104 -33
-79 -58
125 140
-71 25
-137 -140
-140 -2
27 -117
-119 113
87 84
-30 -193
-29 -6
-77 56
-140 152
110 -153
-41 -162
-61 -147
-94 184
-73 33
-119 78
-59 170
-171 -1
200 140
19 157
-163 160
-161 -142
197 -189
119 -42
-154 177
113 -186
-59 28
-40 4
185 -106
73 56
-140 -85
60 62
-154 9
26 -168
-98 -5
-61 191
66 8
-122 94
-155 -169
28 -62
-159 181
139 -67
-24 146
-64 -106
-48 -52
-186 -179
-122 198
-106 64
-24 -144
52 -50
-28 199
-122 -33
130 -99
-139 -97
98 12
-73 -46
-172 -118
-133 -47
126 -150
21 145
-154 -161
-117 10
-79 59
-168 144
156 -188
-38 47
-193 -106
-151 -197
64 -150
123 -28
179 -100
-165 -14
-89 -127
-115 137
94 53
150 8
87 -159
-135 189
-178 -61
127 16
31 30
154 108
11 15
-156 125
161 62
62 91
-22 -177
30 135
-71 45
156 -83
9 -124
179 59
-105 94
52 -88
-9 137
-76 158
-104 136
-94 -26
-14 22
138 -66
71 137
-72 56
106 133
30 91
25 -29
4 -190
-56 -91
52 19
134 -73
159 -172
-21 134
-8 -156
-188 26
54 -15
130 -76
112 -61
-93 58
179 -151
101 144
-98 -73
-41 -123
-74 -198
-24 -7
168 3
165 -145
-153 115
-113 -13
-184 -173
-150 78
-196 104
-88 -144
58 -70
51 170
11 168
10 -60
-65 17
-164 175
146 81
81 195
27 181
-132 101
-52 140
123 116
164 41
-84 -133
149 -1
129 -140
-180 91
90 -192
-131 136
192 -104
-143 -70
-85 -111
-108 -169
-59 11
50 150
-154 50
50 -118
-133 -133
-174 30
-117 -28
-48 -167
141 148
-128 -147
17 46
17 -168
-106 23
-59 5
1 141
-149 188
-38 198
127 -77
99 -29
129 -83
-126 -192
156 -161
-70 -59
22 -53
-158 39
-125 -43
119 -12
-173 140
-63 -86
165 -103
-106 -107
85 55
146 96
83 59
-190 107
53 -158
-142 -138
17 -82
28 -91
-54 -95
38 161
197 47
95 118
-146 196
-13 91
-114 -90
59 162
69 160
-17 145
188 -13
36 124
-31 188
-127 136
-146 54
2 14
-144 -198
126 -165
-50 -11
-155 55
118 -22
35 -80
-85 180
-13 -193
-50 -178
-90 -179
-42 54
-58 -79
2 124
-16 -152
-190 146
7 -168
11 -145
-199 151
156 -140
103 20
-4 -167
123 -94
194 -32
-181 -100
61 143
68 77
140 85
104 73
32 138
-190 1
101 -48
4 -4
15 -155
161 -57
172 -132
-94 -85
57 177
-196 200
-180 63
108 35
21 81
-48 92
115 173
-179 37
-51 -137
-2 -72
-157 -19
101 -126
-19 -200
80 26
102 -93
131 -102
-133 19
-155 -60
162 -19
-139 -24
184 134
20 153
-49 -194
191 -116
177 149
104 117
-200 169
119 -83
67 -155
111 -37
135 -136
75 196
107 -142
150 9
63 -84
74 -200
-185 -46
33 164
-174 184
-42 46
-2 -84
192 159
-111 -55
179 89
71 7
155 195
15 -21
42 -133
-154 -149
180 -151
-120 -136
-10 14
94 -90
182 -106
27 30
-39 -149
-58 31
-5 -163
72 135
-22 139
-165 -12
-30 -13
-174 -71
199 -16
-39 23
75 197
3 -26
-168 -91
-103 -99
-67 -71
-100 -113
-134 31
117 170
148 -49
-152 96
-18 -135
-190 5
148 134
-150 32
84 -13
88 -114
-66 82
46 29
-80 -34
86 120
-124 10
-8 81
42 -193
-45 -56
-93 -29
114 39
169 124
168 170
-181 -186
-65 -84
-81 -95
198 -119
91 109
-100 -91
-11 -68
-197 -76
68 -40
-200 -9
154 -95
13 95
-91 60
-15 81
135 128
96 -88
-19 -193
-102 6
-63 -117
170 62
66 -6
161 67
-51 -109
-7 12
163 11
-46 178
73 127
-32 -153
151 -126
-37 -24
-63 -6
-21 106
-55 38
59 185
96 154
47 32
132 94
40 -1
-131 -22
-25 181
157 8
-111 54
106 71
-161 51
-151 -150
-22 -9
-35 178
-47 47
141 -122
-97 136
42 16
113 -17
-30 -188
-166 155
38 -97
-108 43
36 6
-185 -33
115 -68
103 99
-24 60
31 6
19 103
-60 116
-127 -42
