100
10 10
896 233 326 740 991 462 429 283 640 335
797 904 193 564 766 325 634 229 188 491
870 761 361 692 638 275 929 181 805 50
288 475 446 796 422 145 382 53 501 956
775 699 272 692 976 91 36 838 80 797
960 595 519 224 579 344 618 705 620 786
211 776 667 473 348 420 800 313 568 62
43 973 498 941 351 773 277 309 932 822
883 557 850 615 554 17 270 284 296 647
187 8 977 241 133 817 574 130 232 194
10 10
980 534 905 409 146 899 693 497 486 538
949 127 171 883 599 423 373 470 795 929
572 568 17 521 732 975 124 55 571 126
924 927 128 99 55 528 545 479 364 782
322 365 520 580 280 940 285 925 150 188
733 47 974 280 712 567 530 121 30 39
546 333 135 840 800 668 597 426 111 516
267 429 830 651 856 956 672 857 562 682
644 377 529 41 392 415 146 895 477 79
651 519 2 186 37 694 498 387 41 942
10 10
198 876 818 682 644 803 23 192 88 142
149 779 276 420 391 475 45 165 761 944
609 386 904 984 525 683 830 181 136 834
826 808 697 819 875 32 487 277 279 851
966 351 569 952 436 704 430 848 708 257
121 275 22 862 782 751 817 671 108 672
977 472 88 53 885 599 909 282 924 350
655 839 98 11 138 955 59 692 62 632
183 187 714 261 256 991 564 308 988 397
471 211 829 346 683 655 521 322 438 857
10 10
375 125 788 372 542 786 206 187 437 249
650 541 25 699 4 15 921 562 266 901
86 296 389 768 486 35 454 449 199 55
697 357 360 797 5 189 786 894 646 560
289 220 399 64 516 520 732 581 576 555
358 379 889 38 321 729 421 854 754 273
942 181 571 375 12 168 656 22 153 781
590 622 78 252 504 241 884 342 468 362
864 282 715 285 936 823 72 648 729 302
219 377 56 4 765 550 827 403 695 306
10 10
470 35 422 932 577 868 542 696 783 46
412 812 886 769 830 191 814 922 415 243
316 760 781 76 222 608 238 881 669 52
517 152 973 559 17 679 689 798 122 909
12 193 448 365 836 399 269 297 699 472
947 640 347 447 947 649 850 962 873 282
30 303 36 557 468 986 226 554 511 548
776 748 491 749 444 619 876 799 379 264
134 522 211 877 932 615 313 496 676 275
411 398 527 502 21 871 749 353 622 873
10 10
653 229 108 247 483 70 803 776 269 972
247 312 73 323 55 644 73 2 338 543
609 605 619 657 665 912 680 516 250 14
484 949 808 631 188 633 70 130 266 322
760 694 909 555 163 876 249 282 857 530
364 889 833 716 725 585 833 727 490 947
963 813 37 716 565 547 198 608 873 7
964 963 201 145 805 594 279 724 347 32
893 258 886 716 153 181 89 366 569 335
283 872 596 503 944 598 478 350 325 870
10 10
30 611 721 810 438 796 491 360 314 995
804 532 9 580 72 439 593 741 133 646
57 828 577 717 984 411 43 630 386 819
911 900 416 664 601 812 432 552 592 201
213 698 338 562 195 676 535 109 248 910
516 599 883 769 158 337 753 364 336 836
975 210 844 984 119 937 715 442 649 138
15 224 259 265 546 41 791 213 352 67
379 834 564 231 46 201 918 990 227 848
229 845 601 587 209 494 160 727 270 633
10 10
680 731 405 889 608 347 767 277 933 293
336 849 764 395 940 944 203 912 930 547
592 439 23 767 353 391 176 417 473 590
871 957 128 857 852 845 78 857 195 462
244 654 554 335 295 567 579 345 184 948
790 958 307 460 649 312 374 271 153 130
123 321 73 68 734 520 849 24 183 262
248 418 777 123 102 158 830 25 858 301
738 371 194 972 762 909 662 163 426 155
177 433 782 187 183 377 761 598 503 981
10 10
421 130 176 597 208 312 119 353 285 1000
26 254 545 278 771 97 196 624 476 602
706 577 559 822 451 410 314 996 619 472
989 484 807 923 930 325 274 571 64 262
991 385 883 780 467 61 171 823 848 701
856 376 918 252 785 23 436 893 680 916
745 920 260 356 662 41 276 302 473 186
232 687 285 91 699 393 52 919 390 78
380 165 658 822 587 902 653 765 572 209
156 442 740 254 7 565 648 114 154 345
10 10
1000 832 529 292 365 656 401 614 293 620
363 955 526 888 815 240 627 330 678 812
691 824 73 883 740 704 863 566 56 548
300 391 942 271 485 260 382 100 991 270
630 518 787 669 15 761 577 513 159 743
730 240 353 587 276 479 50 60 863 891
338 319 105 739 720 303 535 194 796 30
227 62 204 810 212 777 721 106 5 980
577 333 931 966 815 453 419 592 26 557
152 987 895 18 730 548 781 966 528 267
10 10
969 998 550 370 364 53 368 643 82 351
704 558 866 98 804 524 257 472 522 137
199 12 943 314 118 139 471 587 541 986
507 633 16 107 260 316 422 925 753 154
759 949 814 115 172 918 667 97 254 17
771 267 661 217 726 678 665 632 375 228
577 477 725 72 903 869 941 68 657 236
462 686 546 541 253 91 614 879 275 792
500 263 568 309 692 569 723 828 4 690
101 696 70 893 916 901 796 309 140 407
10 10
568 195 273 318 531 383 200 370 357 851
720 171 783 923 838 946 638 965 599 291
198 794 35 564 497 227 814 121 658 322
294 529 383 919 978 301 509 8 841 402
925 311 574 26 205 227 574 655 45 933
419 468 939 11 656 504 573 458 929 823
102 280 905 111 810 196 966 770 642 149
351 576 771 420 286 411 661 155 642 389
37 25 857 973 836 533 151 277 442 258
561 843 485 890 967 617 45 501 58 714
10 10
368 908 141 842 94 345 826 918 558 916
834 513 944 452 650 223 949 474 273 988
123 937 73 662 257 298 645 857 24 254
588 189 568 171 341 581 906 838 583 207
791 681 170 986 185 974 312 278 580 913
464 576 201 643 414 562 564 445 200 801
930 337 737 784 971 283 542 729 348 60
505 781 967 565 444 800 397 33 88 935
302 186 212 569 767 817 886 26 92 677
163 631 949 852 115 337 819 960 785 151
10 10
260 653 503 20 876 856 34 660 813 147
162 66 251 436 671 72 613 887 165 397
167 597 768 60 269 138 597 902 774 465
800 258 997 70 89 453 217 500 948 922
893 541 116 211 659 399 520 20 674 222
574 776 103 174 624 884 343 33 401 965
86 22 496 882 496 147 275 289 571 831
128 776 206 43 641 416 642 452 82 675
718 333 600 175 805 101 643 793 388 384
424 907 996 486 699 401 595 931 717 199
10 10
625 549 1000 679 558 211 488 327 236 910
684 371 293 321 669 927 610 397 217 435
142 812 828 721 403 263 142 105 596 752
112 338 644 957 278 44 369 732 682 529
681 563 274 510 915 575 160 331 393 268
646 719 867 725 866 981 774 479 705 821
91 549 844 627 198 441 16 169 309 50
978 136 958 475 286 814 513 730 684 561
909 210 811 382 610 580 970 55 303 397
902 787 20 447 877 279 131 196 907 428
10 10
174 260 570 633 577 28 750 816 119 857
596 817 400 368 105 790 697 392 83 567
324 89 622 771 993 580 901 583 788 217
837 700 15 245 45 969 613 211 662 611
814 922 770 729 433 139 608 6 501 505
243 123 972 351 120 444 858 170 731 924
489 521 684 54 521 59 598 893 988 172
593 854 918 481 621 10 9 34 512 92
435 598 413 266 92 876 251 4 517 845
948 66 250 636 376 688 648 570 482 548
10 10
12 2 556 3 429 632 372 358 904 780
801 675 214 949 566 699 406 671 965 44
992 222 796 683 757 327 185 110 495 346
724 313 168 790 122 817 725 216 574 614
272 675 176 753 359 948 18 747 915 724
42 679 746 728 329 131 594 581 283 572
441 791 76 889 144 907 779 108 495 264
882 158 491 201 231 756 949 862 13 75
568 927 85 914 247 676 805 481 710 835
545 758 519 537 227 646 126 556 552 731
10 10
939 702 70 570 265 874 882 852 628 845
550 653 171 244 754 267 787 589 332 794
148 461 596 714 48 74 261 208 330 565
862 836 210 296 303 527 969 354 42 514
860 199 472 972 545 125 261 644 550 778
763 653 16 497 118 37 512 648 364 298
787 427 646 363 101 856 659 961 248 800
548 321 433 893 797 509 942 183 108 457
927 164 842 939 709 625 399 308 693 388
780 827 382 600 714 790 993 685 898 459
10 10
869 477 339 24 216 320 301 443 702 107
71 998 86 357 601 859 388 406 133 773
46 704 25 235 139 48 372 130 45 279
482 918 815 613 879 852 160 310 350 623
166 831 446 61 787 978 2 225 700 761
477 284 334 915 336 82 758 32 278 176
637 277 847 448 639 503 841 74 557 396
984 782 839 958 535 815 453 234 834 985
749 701 348 480 501 144 389 889 399 161
563 1 61 663 925 526 58 868 25 807
10 10
540 324 251 1000 796 422 386 924 482 745
861 995 327 308 975 220 812 453 250 228
720 679 188 704 465 212 909 397 802 463
541 74 845 819 787 426 348 415 781 920
820 619 215 53 380 970 705 270 222 229
584 64 162 12 567 407 46 195 279 731
715 927 234 119 808 591 652 240 951 548
479 826 773 778 40 174 737 858 51 239
14 825 116 345 486 562 423 500 490 327
71 522 104 895 359 960 626 606 412 868
10 10
369 273 698 26 81 528 392 123 80 660
993 759 674 444 337 844 560 752 909 143
665 967 395 246 335 355 513 203 859 592
472 450 81 556 864 389 229 393 380 186
171 563 534 923 24 282 461 247 392 318
966 9 566 567 209 260 681 251 802 100
185 806 658 556 947 790 590 642 16 183
565 203 322 483 497 971 600 910 635 496
420 851 944 281 503 377 337 457 425 339
280 858 405 43 53 149 115 965 924 989
10 10
375 320 603 849 122 545 581 218 282 915
397 382 44 597 459 901 547 388 742 172
206 299 617 202 698 904 76 805 185 91
834 983 439 418 143 155 409 818 658 246
176 786 381 380 416 497 514 66 222 540
43 330 615 84 26 178 129 303 816 173
620 862 946 652 857 102 968 292 492 296
330 335 740 54 280 746 474 478 858 978
445 165 290 854 50 533 446 219 396 231
620 698 405 579 537 867 364 88 397 597
10 10
629 125 727 148 168 677 48 852 229 5
605 835 720 692 979 315 808 223 962 451
844 774 917 581 961 315 772 969 593 506
924 853 746 89 561 665 17 679 363 783
301 867 92 82 582 595 328 839 438 579
488 256 714 369 310 998 301 339 193 633
152 474 119 815 413 342 425 367 87 38
335 172 703 225 1 910 285 596 794 256
339 226 685 75 649 317 903 563 450 777
458 998 930 928 770 990 69 385 349 675
10 10
555 824 458 295 881 907 717 999 750 110
845 506 606 599 149 476 450 552 885 49
96 542 334 36 675 691 279 665 492 300
595 628 348 586 827 410 998 947 945 517
752 950 980 293 131 800 828 456 80 648
368 347 509 492 931 173 801 801 309 185
525 233 719 823 779 987 587 347 469 385
574 365 366 275 998 986 951 701 704 6
922 83 461 687 699 856 195 162 466 89
678 482 50 123 861 597 423 698 647 352
10 10
750 306 790 680 657 792 523 773 849 302
718 918 276 752 612 101 824 901 644 206
882 998 506 851 210 684 306 461 249 530
638 173 370 137 442 575 626 202 769 66
198 339 948 844 124 729 184 141 858 849
361 329 882 666 608 984 884 637 282 787
998 825 116 406 224 189 655 139 398 905
565 151 63 140 33 609 126 283 294 843
497 50 230 998 744 242 142 240 408 192
11 740 816 92 26 83 100 454 698 684
10 10
667 948 621 96 547 727 854 764 881 135
890 944 323 396 429 995 253 469 503 181
555 776 11 465 132 894 406 511 474 643
89 245 387 226 54 901 393 181 457 405
430 977 89 347 210 993 164 541 17 506
471 345 751 21 652 518 785 989 347 367
539 488 972 321 716 930 155 900 831 240
232 223 8 228 757 837 994 83 664 665
42 4 602 277 552 988 950 555 409 714
198 36 496 278 719 877 207 251 408 419
10 10
677 160 339 820 53 52 345 48 376 204
415 829 539 429 879 809 370 653 626 264
61 625 30 204 87 660 802 588 251 326
765 674 679 821 382 266 461 619 967 675
86 618 653 797 2 640 601 582 442 639
405 549 98 384 337 697 385 677 907 338
770 440 163 930 119 81 343 910 86 618
739 947 295 976 102 759 516 712 535 832
56 195 564 967 313 896 1000 569 825 65
293 969 157 480 296 899 662 388 751 436
10 10
500 18 357 335 275 235 962 705 331 15
308 413 26 426 743 411 308 699 491 452
494 798 412 271 471 626 635 396 450 629
113 178 995 83 934 522 313 832 152 42
676 532 53 76 413 780 986 43 128 598
332 136 664 878 770 238 880 312 698 243
457 241 590 676 840 633 78 619 866 98
794 471 828 444 305 2 501 774 50 482
141 555 803 417 584 383 41 557 348 419
573 420 82 569 922 485 783 557 232 629
10 10
977 930 956 105 428 944 144 572 17 980
956 236 166 829 903 184 508 760 435 363
585 725 686 471 1000 468 608 238 809 577
251 164 937 710 641 846 49 324 596 404
610 251 786 388 855 358 552 764 988 366
307 227 234 611 820 154 262 161 331 950
142 259 236 410 192 470 25 1 16 289
274 624 570 208 742 530 319 402 55 508
406 267 26 412 314 5 391 348 643 348
634 586 505 278 621 346 506 318 947 159
10 10
466 541 273 401 803 967 440 947 13 426
805 635 761 275 86 364 914 587 962 204
236 559 846 860 616 927 501 203 375 100
646 312 676 599 319 719 57 124 469 52
863 244 246 321 708 251 470 462 135 234
20 547 309 763 264 306 951 883 217 187
681 322 756 225 619 875 162 410 390 985
187 71 645 399 76 42 840 640 270 13
283 727 990 535 396 222 574 577 747 219
191 440 612 320 539 59 792 3 223 429
10 10
901 46 777 978 618 808 709 161 227 272
542 502 308 693 511 555 651 599 528 12
253 664 5 261 817 676 377 245 275 408
489 387 698 726 546 678 401 644 981 775
199 401 428 85 502 813 954 381 443 316
876 441 241 121 739 563 819 890 511 604
54 137 655 322 123 349 477 443 105 476
108 799 386 1 517 340 436 268 191 577
206 156 537 248 755 424 547 600 675 298
32 719 584 930 527 736 227 374 33 595
10 10
709 660 895 311 3 311 459 262 154 439
620 149 539 124 28 678 119 354 499 923
889 239 116 559 610 546 661 864 494 878
206 442 697 968 193 142 383 626 831 512
618 858 429 448 551 551 143 399 193 903
655 601 574 477 518 349 234 341 260 212
810 285 821 463 929 486 608 716 769 345
249 909 398 410 125 325 465 451 876 308
875 782 404 687 858 867 308 693 229 91
323 327 693 350 86 740 780 743 457 143
10 10
343 260 735 184 614 779 295 533 461 127
599 595 857 187 46 932 551 275 861 945
609 66 36 831 763 389 394 647 512 107
979 556 518 105 328 973 130 154 635 380
779 29 489 48 630 813 623 750 53 751
98 834 448 357 419 696 465 761 376 778
908 413 792 706 473 346 951 63 994 173
215 635 64 858 206 618 740 112 4 437
517 939 972 332 945 451 222 773 46 599
202 139 153 859 598 798 935 228 525 893
10 10
133 128 1 678 969 925 819 221 292 811
216 635 256 756 212 780 739 57 71 573
774 794 133 577 959 141 146 589 221 65
330 297 295 412 626 905 998 755 980 807
703 670 30 45 409 302 305 258 483 179
862 292 417 221 321 467 951 838 436 721
521 788 624 506 240 222 412 380 611 947
356 661 709 498 791 400 852 37 745 204
656 442 407 88 961 224 865 646 292 53
179 316 433 738 505 389 182 506 637 742
10 10
566 274 300 967 621 415 502 673 353 192
512 295 632 668 332 615 588 350 106 598
564 301 505 817 752 707 23 954 485 165
58 353 524 48 783 617 827 363 159 548
992 446 818 558 996 701 218 798 899 325
187 888 900 644 918 78 505 237 550 95
600 506 680 705 893 720 568 271 549 871
330 134 814 838 96 751 116 482 1000 859
385 288 848 846 362 79 511 705 235 159
388 588 262 935 778 73 929 737 635 664
10 10
846 67 992 931 747 941 236 981 955 375
610 599 153 273 480 505 571 180 416 644
543 390 638 337 929 914 167 417 84 653
864 170 871 938 611 45 756 276 76 575
140 738 876 926 899 941 430 781 588 979
516 28 865 976 309 875 479 159 722 534
603 479 954 607 375 848 477 654 262 987
141 205 282 755 663 632 132 558 547 908
42 109 403 262 517 386 690 107 146 89
150 468 377 296 604 299 461 296 287 727
10 10
797 754 634 260 540 507 273 419 645 230
987 128 512 189 587 367 977 55 956 308
719 526 7 153 35 107 942 385 590 931
976 986 917 967 671 463 439 296 86 184
245 385 264 618 154 464 950 570 421 180
39 371 977 649 974 326 301 943 195 379
835 813 802 121 365 141 775 752 940 225
461 541 719 498 555 681 586 690 459 143
509 763 738 305 388 189 371 676 584 224
622 981 389 930 679 261 478 588 614 392
10 10
753 19 876 602 62 83 245 176 11 272
119 498 423 905 84 979 51 883 933 244
832 361 689 131 313 954 757 686 854 332
986 356 909 100 326 5 950 913 734 206
603 654 185 524 152 347 956 122 882 173
828 84 632 613 494 325 549 258 260 790
257 282 66 941 574 916 970 192 465 510
489 49 134 956 619 180 28 270 944 568
63 154 929 160 551 196 445 173 169 179
564 306 783 651 888 643 119 512 23 939
10 10
65 874 341 345 853 859 798 333 511 334
462 755 732 779 330 502 744 639 187 204
883 529 535 762 267 620 87 277 434 360
905 131 809 462 43 532 618 747 469 854
229 975 115 470 925 305 124 608 797 386
778 933 791 359 107 202 947 264 892 353
499 427 634 794 833 423 66 527 275 90
963 952 258 944 312 848 769 994 417 101
824 659 119 164 392 970 119 152 377 713
358 692 198 509 472 369 73 75 656 662
10 10
287 86 647 771 666 109 129 618 925 66
602 626 824 560 623 555 837 176 395 834
580 578 860 305 391 798 822 246 234 643
131 870 618 546 636 227 290 491 426 600
277 894 877 8 269 427 151 420 429 820
80 631 471 618 833 509 226 712 372 538
21 233 436 117 856 31 749 102 780 563
207 453 879 460 19 655 960 446 184 799
388 532 219 805 505 654 758 301 708 971
492 109 605 71 943 89 597 245 718 381
10 10
883 791 240 670 146 52 401 209 123 500
248 759 848 744 595 464 602 747 402 985
522 918 876 855 354 977 503 126 77 665
645 845 975 431 917 827 295 212 264 453
760 280 595 957 112 952 807 773 294 608
310 35 90 97 442 233 802 102 750 404
46 435 713 912 852 570 368 81 36 942
239 460 243 642 127 449 162 232 609 426
149 273 541 223 898 78 475 35 872 907
649 374 904 499 138 727 765 422 829 915
10 10
520 149 114 998 165 211 574 750 409 996
484 354 422 19 659 993 58 532 23 419
354 394 302 442 77 994 383 503 705 868
252 133 525 349 857 185 442 237 921 142
702 11 489 699 974 534 972 75 127 555
543 187 625 589 994 909 648 883 614 114
939 258 172 114 903 613 887 392 655 704
82 238 578 659 325 26 426 336 21 367
173 245 794 317 622 274 502 149 236 843
406 931 798 446 822 303 271 772 593 393
10 10
656 685 831 786 772 449 681 788 576 441
319 48 95 527 986 732 69 966 640 48
128 406 704 917 712 90 492 958 950 863
104 772 409 951 975 730 967 781 810 41
57 284 340 957 190 227 176 338 949 149
66 689 656 345 30 967 495 193 151 151
165 831 313 575 95 820 783 523 802 960
367 416 250 884 762 210 967 397 907 297
227 757 329 282 832 309 939 498 882 897
305 14 478 482 141 213 458 274 663 684
10 10
129 453 485 327 443 269 948 77 217 893
112 558 824 905 175 356 220 716 731 288
318 529 114 233 489 676 66 615 402 307
87 604 511 411 118 441 242 138 695 98
332 196 253 633 842 869 97 186 74 887
404 573 989 894 755 798 772 785 887 634
842 534 767 615 984 421 615 394 237 786
216 463 869 491 722 626 34 319 137 481
710 433 868 380 111 817 38 999 71 389
745 696 804 50 87 289 56 530 556 755
10 10
905 270 383 624 369 990 480 512 533 800
936 319 145 895 397 123 468 940 269 674
743 224 398 707 769 534 773 5 967 496
839 243 779 825 214 178 424 508 957 666
820 463 37 331 968 632 340 444 192 764
365 705 445 391 737 204 276 604 825 754
191 310 5 193 854 542 615 979 996 288
200 639 953 47 441 136 475 957 82 299
806 944 216 765 82 794 558 759 768 428
689 204 192 955 829 270 251 276 368 519
10 10
981 76 260 188 35 110 399 24 49 524
244 305 507 831 304 316 999 851 583 635
691 574 690 2 428 418 149 439 127 822
366 543 31 446 846 554 943 511 475 893
786 969 149 326 701 268 561 857 419 438
730 684 845 125 703 340 604 954 947 175
834 334 111 923 616 377 216 992 298 141
839 430 381 795 526 317 792 634 490 416
141 92 633 505 979 26 81 762 183 598
688 933 334 989 446 785 346 75 323 544
10 10
690 905 822 549 250 510 468 412 214 138
522 304 476 457 415 844 642 698 836 224
135 927 898 863 859 911 547 874 536 52
213 75 153 952 719 76 917 15 642 267
724 359 636 108 448 992 704 251 282 889
58 403 944 77 997 775 821 336 162 179
23 446 667 543 885 158 840 680 641 243
746 650 929 45 224 939 226 913 908 978
593 787 600 256 863 999 387 356 972 35
100 806 237 603 98 535 224 856 810 59
10 10
296 43 215 284 80 157 197 927 826 399
732 139 113 367 1000 832 418 976 778 634
819 980 972 100 514 897 698 41 872 822
123 377 499 322 183 932 105 159 359 974
46 37 953 107 76 8 657 330 164 386
777 696 283 263 175 15 663 805 830 483
369 497 942 945 994 432 686 745 894 562
16 743 665 528 436 171 507 340 261 408
690 711 718 652 608 266 140 737 789 238
679 992 815 479 153 158 279 804 126 847
10 10
837 724 841 911 879 632 404 440 574 358
469 743 874 806 745 853 525 81 812 558
356 107 140 940 842 248 664 679 485 840
975 179 610 888 989 665 996 374 963 993
184 773 829 843 384 404 146 352 664 175
395 996 503 159 971 716 844 149 959 873
510 48 732 591 210 477 461 447 381 486
872 283 831 622 961 101 439 884 936 628
212 314 341 167 616 41 184 753 443 623
898 492 395 431 135 178 242 639 717 953
10 10
646 116 557 795 699 122 978 111 811 283
689 544 824 729 587 408 143 635 692 810
218 690 771 608 953 124 615 875 454 42
543 379 89 770 390 943 5 777 171 222
78 557 622 565 790 533 44 150 659 627
203 496 677 680 596 802 655 283 9 296
526 916 163 919 394 521 204 226 602 737
926 352 132 95 928 227 438 396 339 36
189 334 368 51 479 213 676 593 754 221
511 827 103 347 603 511 568 451 66 633
10 10
826 401 911 45 933 481 357 851 800 458
803 297 770 781 175 374 911 430 397 128
666 796 886 963 81 823 308 836 131 356
296 293 594 275 493 782 511 508 53 505
523 500 710 375 270 21 594 302 608 479
278 110 602 50 926 902 148 23 3 561
568 694 739 381 753 78 421 537 227 438
632 225 29 366 764 791 459 718 474 137
529 240 281 989 446 97 158 385 563 869
809 843 11 788 284 270 681 100 753 593
10 10
271 518 521 481 925 625 845 270 320 965
687 423 181 313 351 395 886 255 801 787
197 813 607 67 188 271 635 934 130 805
27 597 424 741 535 887 668 498 989 110
621 363 526 978 89 242 228 817 792 444
975 455 819 383 652 853 611 793 333 604
332 692 695 868 54 857 713 174 472 20
635 809 731 346 346 169 526 5 494 547
849 814 161 305 628 977 438 292 22 964
24 667 340 397 795 962 380 640 402 399
10 10
470 464 110 933 688 753 464 444 479 739
875 857 434 637 903 655 46 910 812 456
84 562 981 823 635 53 877 477 970 397
587 418 129 7 372 239 515 659 303 106
879 721 792 436 747 446 773 324 748 701
336 132 323 976 876 486 966 894 187 116
502 731 477 595 903 650 994 49 788 445
786 342 72 607 167 76 191 420 576 967
949 625 905 829 320 910 795 439 455 113
83 992 763 556 337 772 155 386 406 869
10 10
455 125 984 507 541 905 468 605 2 23
807 665 945 500 609 20 155 332 517 736
941 967 721 194 906 358 569 485 309 623
387 262 901 922 10 644 884 710 18 71
128 890 359 773 893 737 849 640 97 676
25 856 585 135 976 590 957 708 48 426
264 845 800 974 266 92 164 268 34 686
541 179 361 968 484 3 850 627 697 835
550 290 286 107 711 324 623 890 568 24
704 164 57 540 583 298 13 1000 331 392
10 10
731 297 966 972 713 900 999 768 61 892
517 955 241 136 263 278 909 125 759 957
22 585 353 105 773 361 988 704 746 444
622 807 253 287 481 770 52 667 741 776
489 475 822 806 667 743 191 542 385 119
486 361 486 794 785 715 705 551 70 708
276 233 275 608 382 413 829 351 973 470
282 863 610 585 394 143 782 403 95 612
554 234 830 197 521 686 90 978 765 608
428 992 937 8 796 974 631 427 867 385
10 10
938 874 880 92 441 990 645 420 944 628
564 140 895 352 924 135 831 700 248 117
148 206 192 779 159 320 359 196 718 306
362 124 647 189 692 89 830 561 232 785
105 840 764 375 45 166 434 738 273 681
955 560 241 365 263 455 279 955 445 956
288 733 44 331 676 115 228 636 993 70
924 327 257 332 719 62 151 283 232 15
108 151 715 153 783 865 802 438 611 510
745 852 887 830 910 465 348 623 64 508
10 10
296 226 712 576 116 460 821 601 467 585
327 237 507 818 162 626 279 921 972 303
764 216 298 183 188 139 775 119 871 98
793 571 297 977 173 246 75 98 607 443
200 833 38 990 308 339 654 311 659 98
923 156 211 13 895 969 461 853 71 703
714 722 242 116 27 48 90 236 389 336
780 749 615 521 424 489 18 333 98 108
190 481 32 248 100 877 717 235 299 298
902 377 236 115 920 452 528 739 310 874
10 10
619 430 475 291 377 990 960 136 69 642
35 697 637 96 396 858 328 397 232 540
592 665 344 236 567 223 734 750 640 967
863 414 326 5 781 606 154 775 462 329
324 848 976 8 672 573 569 405 856 595
346 750 747 988 999 748 740 454 945 127
36 560 323 787 13 501 516 399 464 219
266 524 829 32 982 935 541 74 547 827
276 5 790 71 168 380 792 432 69 63
372 993 510 801 421 593 316 877 240 195
10 10
775 326 652 542 820 786 498 301 969 454
16 201 628 997 774 325 971 513 30 801
777 797 855 642 508 223 917 351 446 558
532 246 849 866 525 129 980 481 435 77
322 683 834 613 470 352 875 480 968 348
695 538 878 777 962 86 922 651 703 997
885 638 507 680 348 737 337 767 938 773
504 844 24 515 772 283 191 90 189 426
882 116 4 938 308 635 943 153 118 499
177 628 324 329 587 908 677 564 267 732
10 10
30 369 801 510 209 407 507 935 583 539
719 8 823 554 206 586 303 908 944 824
230 308 853 500 858 660 523 275 84 562
647 404 300 42 636 277 639 688 855 421
655 667 30 297 16 380 634 296 29 669
462 827 688 549 224 278 428 430 664 963
10 639 638 828 756 888 617 858 864 978
265 590 702 653 137 124 766 31 9 296
463 417 51 473 12 659 879 529 512 404
477 146 686 752 158 521 875 845 985 937
10 10
630 855 557 415 623 714 652 858 692 638
989 659 522 216 284 752 842 338 865 471
69 768 320 394 981 517 57 534 359 449
197 892 543 777 911 359 485 177 183 431
192 263 973 990 441 82 958 669 227 92
305 971 733 826 460 322 506 61 545 760
138 854 755 756 981 250 106 3 344 811
973 620 171 377 153 359 409 619 555 840
162 31 257 789 249 952 345 500 954 132
869 493 625 89 296 435 250 244 9 912
10 10
313 395 805 573 14 592 812 488 441 910
945 327 372 905 832 79 173 788 122 598
705 453 240 240 221 572 917 173 3 867
316 765 875 546 137 587 807 643 881 183
514 650 351 735 347 408 558 133 810 695
414 798 674 328 7 779 74 875 764 268
892 280 539 717 454 797 506 138 817 622
737 22 943 539 550 547 634 711 991 380
406 457 331 442 406 504 88 469 75 734
862 39 488 867 247 31 230 916 166 160
10 10
207 453 256 285 14 916 337 720 367 266
585 631 594 224 748 934 429 270 643 809
123 313 200 38 437 655 555 944 211 488
993 570 17 629 114 141 862 649 226 521
54 843 800 578 83 718 824 900 851 817
3 247 622 717 62 522 870 983 861 788
544 735 619 49 384 193 342 84 601 270
417 621 617 826 471 542 602 681 768 585
205 846 846 242 240 753 612 161 68 418
839 369 86 593 839 70 17 966 122 614
10 10
703 364 996 435 674 760 420 466 90 576
867 507 555 420 624 571 912 945 724 13
373 927 675 582 221 39 247 176 918 32
844 175 630 209 397 715 78 140 320 165
143 535 750 366 838 75 240 891 97 795
69 731 344 297 559 286 928 663 138 506
361 467 405 337 714 660 111 384 701 458
811 824 703 564 911 188 467 174 973 544
282 296 445 35 175 797 422 428 98 495
650 579 109 323 762 234 285 288 639 635
10 10
472 496 864 743 999 987 482 737 177 515
658 624 733 696 362 424 350 108 926 410
99 80 160 316 892 856 733 245 49 771
706 268 660 871 392 334 744 150 248 165
124 185 109 280 508 508 872 146 560 481
704 717 596 804 930 323 131 12 49 928
725 524 715 280 414 825 119 369 574 371
923 912 234 667 799 277 703 775 656 408
859 164 848 783 619 466 6 417 908 153
656 209 918 596 457 706 548 277 691 478
10 10
740 140 666 866 804 201 785 809 965 582
355 847 77 65 650 118 878 108 354 403
194 43 266 813 251 799 66 713 576 108
41 894 54 568 855 759 346 382 884 554
240 821 150 245 483 676 588 679 332 87
268 108 319 77 159 949 746 104 233 938
996 709 5 452 75 88 106 829 689 26
104 987 782 196 601 490 693 239 569 490
6 400 4 653 698 764 236 247 453 271
656 78 834 779 183 833 561 406 542 713
10 10
327 267 314 936 406 497 728 798 834 165
418 515 57 261 683 983 801 457 320 940
329 742 757 734 420 359 56 65 150 700
319 610 15 922 177 397 996 103 339 178
952 703 612 781 96 925 435 647 384 336
707 297 371 776 632 498 432 135 349 269
313 71 387 676 623 91 323 587 255 749
621 142 677 861 278 751 747 763 790 827
954 636 967 312 991 838 262 297 178 980
647 652 537 242 521 686 231 17 777 260
10 10
713 540 967 679 130 573 423 943 474 587
332 612 499 134 1000 638 650 237 974 983
135 743 255 761 775 509 584 929 476 192
637 261 981 211 62 464 87 117 431 802
642 230 585 531 459 875 332 766 737 11
144 172 731 300 318 975 135 943 51 366
155 712 997 339 258 639 213 327 390 788
797 829 836 361 167 328 947 158 671 466
698 70 158 339 385 842 181 252 821 836
778 33 71 884 128 205 83 609 937 971
10 10
608 811 120 941 429 571 179 995 231 764
708 470 416 576 620 153 792 422 3 131
329 405 25 693 132 83 903 844 339 825
789 932 944 516 338 106 398 691 854 41
446 439 167 404 840 589 808 72 458 750
626 973 886 741 722 740 698 860 473 71
513 171 449 799 403 752 222 206 394 370
451 33 579 625 107 975 868 949 386 184
488 233 684 461 144 8 994 352 185 293
196 343 195 228 51 680 199 559 112 161
10 10
56 902 403 363 684 441 477 404 474 415
355 295 620 274 970 347 122 895 928 896
906 601 809 817 838 31 769 916 418 87
907 304 582 295 710 282 361 917 914 112
88 54 270 272 513 811 50 450 400 315
599 577 177 995 862 661 759 88 650 48
925 762 305 2 543 603 583 180 476 472
795 655 229 877 689 634 284 113 126 901
559 355 331 348 661 784 388 614 395 636
694 31 531 708 292 524 953 499 345 107
10 10
138 647 543 907 380 728 890 390 288 827
153 641 873 478 229 56 966 737 833 794
809 161 191 703 401 416 880 168 584 98
571 560 921 87 173 493 122 423 821 134
164 266 198 168 255 972 939 850 498 684
234 757 444 153 303 497 715 659 99 634
536 34 486 505 335 773 97 479 510 133
312 381 111 958 60 535 445 648 675 836
557 373 642 809 129 124 892 412 579 666
233 638 51 786 611 659 555 498 175 300
10 10
709 26 533 164 434 436 133 594 457 796
489 973 685 581 801 564 331 871 612 221
188 539 312 795 585 250 657 16 391 608
19 952 868 154 702 869 320 287 518 499
266 377 788 233 264 464 75 754 662 985
235 946 234 919 848 731 121 570 671 626
513 976 539 419 250 587 41 329 883 439
386 445 755 483 109 4 370 169 626 289
636 615 236 567 573 910 829 463 739 206
434 625 922 234 752 361 618 809 985 162
10 10
444 712 599 674 905 27 135 737 864 688
835 563 668 483 625 990 127 246 953 15
432 266 100 509 678 258 828 51 857 345
644 367 71 607 567 713 239 701 969 858
745 962 988 21 335 145 34 263 54 706
122 296 175 74 101 669 871 897 394 554
859 658 503 158 363 353 367 880 512 173
654 914 750 242 193 962 877 501 46 43
154 791 178 217 240 4 282 163 844 957
88 168 653 280 387 63 486 198 103 22
10 10
656 537 940 983 198 695 564 600 954 565
779 309 531 635 894 63 765 546 306 746
669 426 355 103 781 204 666 255 461 956
526 521 970 14 311 320 93 256 644 375
651 468 718 331 506 178 211 121 572 638
292 153 868 963 505 419 932 521 714 152
698 799 892 535 564 902 249 265 470 738
83 513 729 730 801 883 777 585 731 546
232 239 717 619 389 627 11 208 818 305
614 252 785 302 81 495 51 776 758 398
10 10
995 189 565 833 135 767 751 710 829 915
453 484 385 153 556 666 828 855 61 31
308 753 122 227 520 736 960 857 489 937
134 936 812 496 985 808 754 653 655 244
595 36 763 447 307 105 680 122 902 698
363 602 806 573 868 260 201 611 994 95
575 116 985 393 645 244 873 874 415 138
803 570 371 801 674 934 724 66 502 410
177 301 191 720 880 621 822 641 160 474
116 948 84 421 503 478 141 820 75 994
10 10
145 907 768 641 971 460 316 299 885 831
871 67 35 633 692 459 141 788 992 604
548 948 837 920 565 536 982 252 476 770
677 458 676 92 738 746 146 334 673 880
874 839 220 528 903 470 435 597 378 139
392 419 377 30 611 23 282 175 591 531
196 408 182 953 195 36 101 221 236 731
573 366 182 252 958 150 724 625 215 303
933 299 244 734 797 633 451 777 404 780
390 536 321 668 937 866 355 307 277 421
10 10
88 115 929 419 519 280 118 496 683 432
101 71 330 92 436 161 640 377 791 459
452 472 609 799 693 216 811 844 527 958
802 930 215 528 225 551 888 753 253 858
176 476 742 907 162 431 233 125 204 641
603 593 987 249 160 318 572 800 119 607
302 43 659 33 206 255 260 241 896 951
578 37 39 573 916 759 210 449 235 947
285 847 756 705 558 438 412 957 485 862
803 6 251 374 864 425 390 746 131 308
10 10
327 675 369 373 18 2 332 206 835 894
581 190 469 14 638 315 886 398 209 99
329 391 854 331 928 542 296 182 743 782
479 534 955 576 609 21 495 990 683 390
598 762 410 247 666 542 14 185 314 463
143 554 714 33 991 871 124 173 782 976
53 896 973 538 614 725 879 482 459 439
948 201 145 186 570 183 893 264 142 819
496 150 75 706 565 441 590 726 372 441
429 536 328 44 51 893 512 444 507 377
10 10
733 909 940 712 336 576 574 825 316 737
139 206 340 604 900 923 969 890 855 863
702 835 207 373 461 519 912 503 804 378
966 479 444 850 114 863 623 2 807 103
531 782 592 818 199 301 574 203 276 126
251 430 648 169 783 737 137 122 749 224
406 819 513 992 749 83 614 397 682 836
988 644 102 287 425 861 317 994 382 86
444 477 177 310 499 844 603 836 996 584
244 732 59 285 88 75 809 530 575 43
10 10
294 637 874 606 349 241 13 765 517 920
458 797 641 207 893 935 806 362 225 305
45 229 306 651 655 343 462 625 10 200
677 950 471 291 221 775 382 35 545 940
146 245 555 659 92 123 699 346 140 88
903 916 317 899 59 921 795 682 627 302
440 414 946 375 839 396 988 904 385 4
639 762 268 765 68 740 176 434 360 497
89 264 420 549 786 120 80 423 614 442
447 809 610 291 805 613 266 902 800 302
10 10
158 217 207 832 103 857 302 760 780 853
781 821 521 269 168 404 521 520 893 847
844 789 548 420 428 480 374 186 744 997
654 678 897 529 566 464 723 680 993 242
891 956 939 36 84 136 487 469 105 498
702 818 130 737 470 757 424 136 28 272
517 246 874 228 235 867 807 436 993 623
81 915 449 790 54 204 964 309 240 236
293 148 386 268 605 225 56 822 224 160
192 397 462 979 325 980 526 778 405 987
10 10
763 8 725 371 445 725 19 46 886 661
654 666 921 420 735 54 698 444 102 270
270 670 395 363 718 926 864 382 380 224
88 62 310 36 581 963 268 564 77 493
372 753 397 403 70 545 941 835 207 409
250 942 797 742 575 436 565 108 55 142
450 621 946 812 34 993 315 963 305 899
745 502 245 350 916 244 475 702 334 190
616 786 135 642 57 386 624 778 559 973
121 323 470 139 798 339 393 695 379 962
10 10
790 717 995 115 385 179 16 851 189 935
375 992 659 966 781 163 791 780 197 136
905 783 158 680 539 243 807 695 103 189
28 527 901 256 675 765 732 948 693 719
491 327 895 33 144 392 244 567 951 748
759 772 89 255 585 251 658 484 341 125
577 709 595 99 110 111 192 840 540 603
220 392 51 412 580 888 12 135 509 716
677 495 889 649 763 443 861 200 514 548
93 569 616 866 5 152 781 592 436 488
10 10
887 843 479 926 334 851 717 47 660 714
637 46 520 589 829 868 867 883 437 907
521 549 438 407 356 107 551 592 19 331
953 680 423 884 543 608 270 345 177 280
508 176 157 596 914 189 290 349 14 972
965 307 100 570 54 455 454 412 911 412
768 135 379 521 380 469 509 922 160 808
657 260 814 421 715 289 902 526 501 766
119 615 758 485 221 460 781 212 535 244
423 597 161 95 112 803 826 132 580 760
10 10
838 784 171 438 743 774 968 459 105 642
510 736 277 106 495 510 186 876 739 361
885 747 598 273 117 943 239 821 167 712
404 895 80 117 785 163 685 814 728 628
951 360 738 246 895 267 184 534 662 577
690 511 389 202 900 116 191 657 716 431
906 113 647 691 270 870 611 56 821 447
362 537 147 525 779 346 73 838 362 126
976 971 653 198 728 721 758 1000 671 317
789 356 644 320 836 71 308 490 41 627
10 10
939 231 431 419 401 482 455 76 228 113
563 867 642 903 768 127 817 203 841 902
929 215 676 751 338 657 434 733 771 235
242 153 507 952 592 535 396 806 112 655
981 827 16 189 151 707 412 677 501 527
579 60 16 205 493 9 804 306 180 616
324 835 891 799 984 448 739 947 17 285
176 916 283 296 611 467 11 491 560 639
497 11 929 367 516 317 428 822 473 63
665 615 385 415 166 985 391 688 401 547
10 10
819 152 955 988 796 803 102 356 23 689
402 221 585 104 402 33 639 607 169 489
395 355 171 547 29 664 984 15 126 92
385 336 754 564 689 230 522 234 568 390
829 849 206 289 48 340 329 483 574 268
583 478 494 502 751 367 155 251 493 945
34 109 675 954 147 338 851 420 684 970
120 813 690 679 433 869 372 541 380 515
84 983 640 234 74 230 562 634 896 498
807 705 724 43 575 453 913 926 702 185
10 10
854 23 856 676 523 345 100 890 181 260
341 697 357 534 590 238 573 432 448 228
279 297 1000 472 133 124 103 334 38 653
89 688 337 419 76 178 191 6 395 184
431 488 129 26 106 657 391 318 566 181
775 311 135 278 342 295 349 841 643 815
296 195 501 562 794 845 732 253 37 617
542 731 855 602 63 828 912 151 386 207
24 994 512 551 263 228 789 961 674 507
833 369 229 309 365 95 130 527 142 413
10 10
669 968 916 156 654 562 387 914 830 228
228 356 815 346 564 579 840 763 723 120
941 93 713 494 364 818 604 661 617 376
946 841 996 978 402 481 438 366 39 980
231 128 59 988 463 427 357 711 81 243
940 661 85 299 124 749 692 841 435 412
279 369 312 727 519 240 17 113 421 748
671 263 906 970 932 414 148 161 668 911
153 944 891 326 959 880 348 26 390 272
421 207 518 191 397 863 858 818 769 99
10 10
859 127 922 445 410 858 496 586 963 466
711 8 331 474 169 589 399 221 8 81
793 517 773 794 995 121 55 482 549 283
770 621 749 810 933 801 666 242 915 911
423 766 467 162 415 445 250 775 545 162
210 313 620 469 904 254 764 168 792 348
70 16 608 739 765 440 126 609 806 519
48 310 211 756 270 578 387 390 482 432
405 73 943 792 446 746 228 677 643 465
976 99 135 745 951 396 455 697 215 801
10 10
279 894 877 528 192 412 637 474 325 933
324 956 675 182 717 535 427 165 210 98
854 899 297 837 226 343 420 656 679 247
484 863 191 484 180 689 661 254 355 295
562 207 836 457 806 146 468 37 270 481
676 687 894 2 469 968 380 871 699 208
306 945 305 992 908 674 462 112 853 862
811 180 97 523 415 887 319 878 696 49
463 362 354 176 672 90 196 292 223 871
898 110 154 284 906 500 907 725 129 367
10 10
694 636 573 678 258 289 789 410 375 624
864 605 744 626 683 550 885 649 373 347
262 910 170 786 181 91 395 464 867 630
915 585 808 806 229 712 612 181 255 23
591 285 43 302 825 718 862 976 647 973
549 998 416 375 577 276 930 485 29 632
27 220 561 19 773 702 465 799 125 558
164 431 111 994 806 826 367 444 155 992
372 53 632 277 803 516 198 728 222 71
736 573 776 521 738 849 621 259 400 510
10 10
578 135 666 163 915 941 376 734 201 952
436 940 904 711 846 475 776 742 499 149
93 392 882 87 508 361 227 249 598 785
169 189 220 900 697 954 397 448 20 477
808 961 998 651 892 992 945 482 211 161
944 402 994 630 295 850 717 223 344 691
168 971 754 921 686 281 215 355 172 295
694 684 34 249 600 377 426 800 663 379
43 378 862 450 227 557 535 322 347 357
618 504 265 155 72 743 156 568 697 616
10 10
153 293 940 687 69 375 773 980 912 786
428 277 50 537 559 857 640 731 411 901
392 132 717 689 801 834 301 114 765 583
870 802 861 113 30 298 671 668 366 362
206 482 319 409 889 613 682 531 571 951
759 325 740 643 624 974 420 428 470 627
266 594 706 165 996 357 364 843 637 456
352 154 990 697 270 473 385 961 835 725
36 956 452 324 277 571 66 123 501 288
286 978 939 488 656 768 255 885 112 434
10 10
528 548 881 645 405 146 532 218 64 106
444 282 178 371 680 524 233 285 188 500
415 967 221 182 754 189 147 359 394 391
112 500 642 963 576 975 930 342 383 288
944 788 866 133 951 914 467 603 781 200
482 875 30 724 844 36 782 327 312 488
554 228 14 567 239 913 90 559 509 734
78 312 564 254 761 40 70 842 440 690
885 385 962 484 465 294 404 836 854 154
988 882 822 481 678 283 11 38 907 781
10 10
937 94 65 247 275 808 700 601 197 651
850 24 400 418 592 340 95 895 660 344
476 720 948 68 48 296 816 699 813 881
390 922 483 154 440 963 776 597 32 491
391 28 845 849 419 491 963 790 806 493
971 3 986 284 394 243 918 451 891 795
628 623 89 350 776 493 655 92 899 661
998 959 793 51 988 575 873 770 220 327
500 317 621 403 967 989 697 397 265 184
259 261 796 65 286 949 929 677 474 111
10 10
644 223 94 578 570 636 30 180 380 999
234 651 849 618 409 996 909 775 384 685
641 268 568 523 487 858 803 808 925 646
186 688 467 236 689 241 113 243 925 857
341 357 38 974 301 683 475 62 120 555
379 50 133 336 400 22 421 986 47 153
242 351 57 271 817 176 883 408 471 822
108 928 292 563 493 581 335 97 391 927
884 629 489 92 428 454 171 744 849 493
320 533 735 640 44 928 919 83 627 603
10 10
50 13 11 987 500 235 225 643 965 258
487 426 876 353 148 194 135 949 271 996
767 473 364 253 766 401 748 441 812 861
84 159 551 598 833 309 813 497 795 273
496 139 437 619 822 61 404 892 347 483
464 433 399 291 164 62 583 944 624 641
636 816 246 219 166 201 563 503 760 830
125 836 526 298 92 760 408 232 156 497
463 380 532 343 914 74 2 83 950 641
441 5 166 452 795 982 18 237 250 414
10 10
894 185 183 510 206 144 565 509 446 907
649 968 254 198 170 167 403 436 759 1000
28 815 986 494 600 518 220 196 854 115
521 276 398 336 900 95 739 446 558 398
279 364 207 32 179 556 131 282 100 461
463 494 505 876 25 644 593 298 177 912
987 683 355 117 929 487 351 72 141 101
952 552 446 29 224 560 952 208 623 31
861 936 95 923 972 709 511 905 547 154
111 474 488 934 101 410 718 128 185 913
10 10
239 143 635 648 594 650 408 184 364 372
956 994 880 833 636 262 559 310 38 237
142 325 113 772 632 952 749 980 919 142
295 640 933 5 588 134 636 717 264 174
345 300 432 526 668 35 376 284 810 679
556 944 127 967 37 736 585 114 454 152
206 162 750 635 695 34 216 696 163 127
835 555 283 107 495 528 275 326 457 995
815 952 322 771 352 448 863 81 349 541
299 161 623 178 969 701 328 254 933 972
