10000 10000 10000
1 768
1 1823
5 1176
2 3702
3 614
2 2328
3 765
1 464
2 6971
2 2040
2 491
2 2663
1 393
2 8058
2 7353
3 6640
1 5546
2 664
1 7613
2 8526
2 573
2 1026
1 1087
2 869
1 441
1 5880
2 3913
1 7277
3 218
1 4927
3 211
2 1563
1 5662
1 884
2 76
3 1119
3 5193
2 1180
2 5614
1 7778
1 3592
2 77
5 1133
1 2757
1 421
2 523
2 3781
1 7454
2 4587
5 1024
3 8609
3 8502
1 6830
3 731
1 7060
1 7712
3 532
1 1644
1 680
1 6982
1 1482
1 7391
1 7937
1 3725
4 403
1 1733
1 1966
1 5099
6 456
2 912
1 8117
3 1072
4 836
1 5592
3 567
5 447
1 8119
3 43
1 1343
4 23
1 5326
1 4821
3 2021
3 3625
1 1509
1 1917
1 3974
2 3281
1 3968
1 3887
6 651
2 7828
1 3379
1 3031
2 822
4 100
1 792
8 557
3 184
2 148
1 1118
1 1681
4 1169
2 1618
1 6121
1 4130
4 382
1 5023
1 200
1 5903
2 4192
3 972
2 2796
4 1115
5 478
1 223
1 7998
3 1030
7 290
1 4195
1 1391
1 1744
4 569
1 2368
1 4454
1 1010
2 3713
4 298
2 3767
1 376
1 4713
7 754
2 417
1 5951
2 8348
1 4736
1 5242
1 1243
1 2505
1 3862
1 4863
2 3523
2 2703
1 6377
1 7212
3 1191
2 4351
1 1266
1 2461
1 3046
1 709
1 8287
5 926
1 5461
1 3450
1 4906
1 950
1 2702
1 2738
1 7454
1 313
1 5459
2 1935
1 1966
2 100
2 913
2 690
1 1627
5 372
2 432
1 2127
1 796
1 629
5 314
3 5832
1 1775
3 8107
3 162
4 688
4 1240
2 5301
2 1257
4 585
2 1321
2 982
3 881
1 3325
1 244
1 3772
1 8523
2 564
2 6343
7 715
4 1268
1 4883
2 8199
2 3156
1 7130
1 1746
3 8209
1 6655
3 7397
1 4299
6 1132
2 5121
1 2679
3 778
3 3794
1 779
1 2468
2 267
1 1392
1 2111
2 1213
5 836
5 721
1 3021
3 346
2 1180
1 872
1 4777
3 1204
5 1138
1 7139
1 3381
2 1316
2 4282
1 1807
1 4888
1 653
1 3897
1 3396
5 605
1 1029
1 1907
1 4994
1 6288
3 4867
1 4700
1 4203
1 6197
4 837
4 1271
1 41
2 2427
1 6060
6 825
4 882
1 7446
4 1189
1 6474
1 6617
1 5512
1 2197
1 5972
1 1858
3 605
5 1231
1 6404
1 8428
2 3148
6 1275
1 8469
3 6994
3 2973
2 8382
1 6005
1 4423
1 4226
3 233
1 1486
2 331
1 8552
2 4311
2 635
3 721
1 8112
4 3
5 914
2 405
4 1024
2 3350
1 7759
4 198
3 523
5 629
1 3635
5 443
2 4895
1 1328
2 3493
1 3461
1 6205
3 1225
2 4868
1 7285
1 6293
1 7851
2 513
1 7147
6 460
1 6767
2 7584
2 6837
4 118
2 607
4 784
2 897
4 197
2 2230
6 926
2 1824
1 3715
1 4441
1 90
2 946
1 1982
1 2746
1 1571
3 89
1 2984
1 3062
3 4138
1 5083
1 2058
3 291
1 846
1 1398
1 4950
2 1283
2 8671
2 1303
4 710
4 1115
1 1389
2 2411
1 6188
1 1752
3 1012
1 2489
1 4258
2 79
1 2277
1 1200
2 5443
1 5032
2 4527
1 7921
1 3162
1 1918
1 19
1 804
3 1103
1 5957
1 2142
2 1082
1 5506
1 5132
1 8717
1 1991
2 796
4 292
2 8564
2 4492
1 6688
1 2258
5 780
1 1952
1 1701
4 1143
2 6014
2 6995
6 85
3 501
1 3972
1 8410
6 648
1 6486
1 6492
2 193
1 190
2 5820
4 787
1 2976
5 53
1 315
2 4387
1 1822
4 752
1 2720
1 1709
2 4644
1 2185
1 2442
1 4444
1 450
2 6192
3 1910
1 2462
1 3710
1 1294
1 8092
1 6756
2 2701
2 16
1 759
1 5861
2 388
4 677
2 1694
2 5482
2 2070
1 7061
1 2004
1 4233
2 1146
4 234
2 7527
2 7329
2 5096
1 6097
1 7113
2 7510
4 78
2 1383
7 935
2 1569
1 6493
4 1276
1 3461
3 617
2 2359
2 2444
1 7468
1 241
1 7454
1 4734
1 6069
1 7191
3 1068
2 2701
1 5261
1 4133
7 83
2 3376
2 1064
1 2773
3 932
1 6859
5 924
2 5662
1 101
1 4949
6 570
1 2881
1 8
3 896
7 1199
1 1237
1 7336
4 600
1 2638
1 3469
1 4230
1 647
1 4965
2 889
5 1239
1 679
1 6751
2 6599
2 5801
3 665
1 3762
1 3378
5 383
1 2730
1 1672
2 1124
3 4011
4 936
1 256
1 7265
2 2507
2 158
3 710
1 2107
3 1414
2 5273
1 2101
1 8699
1 2082
2 4913
2 6253
2 3917
1 2213
2 8000
3 143
1 4201
2 2961
1 8708
1 5848
1 308
1 1267
3 2666
2 6191
2 7672
1 2234
2 5496
1 5492
3 191
3 1694
1 5465
1 173
2 1160
1 7794
1 1124
1 5506
1 2608
6 592
1 4888
5 143
1 6589
1 7318
1 3957
1 1466
1 1620
2 1070
1 2007
1 7700
1 7487
1 4348
1 8621
2 1175
2 1250
1 1547
1 3217
1 5679
1 2723
1 5696
5 1102
6 1224
1 6506
2 5726
1 5530
1 5969
1 5111
2 6130
7 103
1 1729
1 5169
2 2367
4 1121
1 7835
1 3534
1 7180
1 1604
1 5486
2 456
3 645
1 6183
9 817
3 517
1 1346
1 2744
1 8365
1 5833
3 1626
1 7765
1 7559
1 1649
1 657
1 71
3 563
1 818
1 1421
6 654
1 4046
3 797
1 993
3 76
2 678
1 192
1 6283
1 6782
1 6159
1 7748
3 525
2 631
3 143
2 1228
1 1644
2 4857
5 826
3 302
1 3503
1 4479
3 509
5 28
5 1010
2 750
1 2381
2 4731
1 1909
1 1103
3 60
6 671
1 3209
2 3841
1 7078
2 2275
1 4713
2 329
1 3650
1 948
3 873
1 681
1 8235
1 3713
1 8055
1 4200
1 1100
1 5630
1 977
7 1167
1 2873
1 714
1 3633
2 82
1 1830
7 549
1 3150
1 8203
1 2562
1 1918
1 4251
1 2920
1 3665
1 950
2 5620
2 2141
4 1146
6 666
1 3855
2 185
1 8349
3 2733
1 6466
4 1249
2 6972
1 643
4 1275
2 125
3 1498
5 694
1 516
1 4329
1 6397
1 2193
1 1803
1 1567
2 1149
1 2024
1 3561
5 1091
1 4770
1 5227
1 3122
1 2760
1 4275
2 7343
3 72
2 4149
1 2144
1 586
1 8467
2 2878
1 1203
2 2205
1 105
1 8097
1 2923
2 3920
2 116
2 6537
1 6207
3 5017
5 541
1 8384
1 5845
1 2624
1 7697
2 4709
1 8592
1 5955
1 7796
2 5611
1 4912
1 4113
2 8138
1 8222
1 2309
1 1019
2 5319
2 5950
5 602
1 484
1 4429
1 2800
1 7825
3 242
6 127
1 7107
1 5829
2 621
2 810
1 7579
2 5311
2 58
2 1147
1 6308
1 98
4 455
1 7726
1 4957
5 23
1 5228
6 51
4 376
3 981
6 531
2 228
1 4136
1 6960
1 2334
3 7940
1 312
1 2856
1 1175
4 668
3 549
1 318
3 8460
1 8572
2 3877
6 283
1 7608
2 776
1 8020
5 394
6 994
1 5437
2 7696
1 476
2 7125
1 7512
1 4207
2 7160
2 500
2 829
1 8186
7 116
2 5063
1 3655
1 2286
3 8112
1 6047
2 710
3 1129
1 3939
2 1097
1 3172
1 6945
2 4147
5 118
1 960
1 8085
2 732
1 4835
2 7240
3 273
2 601
1 1535
2 502
1 3818
2 1236
2 7960
1 8267
1 28
1 4396
1 4177
4 92
3 6783
1 1076
1 666
1 4700
2 3882
5 916
2 8044
3 748
1 2284
4 223
3 936
1 8241
2 8719
1 1709
1 833
1 6677
1 3892
1 331
2 3371
1 6508
2 1511
1 1161
2 6278
1 2114
3 383
1 1039
1 4319
1 7458
1 7778
2 8338
1 503
3 892
2 7008
1 7636
2 6687
5 120
2 1001
4 355
3 115
1 376
5 475
6 548
3 843
1 2588
1 870
1 626
3 1215
1 7624
2 860
3 548
2 8577
1 3856
1 2302
2 7195
1 5601
3 98
1 6848
9 579
1 4938
1 4068
1 2752
1 5193
1 1804
1 1398
2 6478
1 1084
1 3682
2 3011
1 8607
1 3377
4 254
4 1369
1 4673
1 7333
1 4715
1 627
1 7335
1 5456
6 979
2 3544
2 7555
2 6387
1 1128
1 3835
1 5192
1 6001
1 2665
1 4155
1 7523
1 3044
1 2977
1 2835
2 3107
1 1780
1 5987
3 937
1 3034
1 347
1 7549
6 1051
2 2708
1 5196
1 8096
2 5561
1 7787
2 5178
1 7628
1 2864
1 436
2 92
1 7296
1 7079
4 182
2 4063
5 934
2 1003
2 842
2 2702
1 248
1 7741
1 781
1 5808
1 2784
6 1022
2 7822
1 6373
4 891
2 8437
5 1153
1 1254
2 4669
2 5794
4 24
1 2701
1 7015
1 8397
2 8233
1 1143
5 12
1 6178
1 1022
7 541
2 4461
3 1099
6 319
2 2815
1 8167
1 1334
1 2891
1 2761
1 4648
7 98
1 8008
1 3354
3 176
4 994
1 3966
3 138
1 7713
1 5933
3 763
1 42
3 5248
5 83
1 8591
1 1065
1 212
2 6263
3 522
1 8454
1 6358
2 6378
1 2006
2 6471
3 541
3 8240
1 4574
3 948
2 4171
2 3663
1 7567
2 4969
1 6850
1 7843
1 7524
2 195
4 6209
1 58
1 104
2 834
2 1326
1 2998
1 8696
1 7177
2 4513
3 1060
1 6206
2 184
1 6631
2 1390
1 5108
1 4443
1 5584
1 6286
1 6380
6 320
2 8705
1 6594
1 7053
1 5495
1 6270
1 1204
1 248
1 366
2 6407
1 3867
3 1091
1 5425
2 1021
1 4241
4 1212
4 1017
1 7052
5 234
2 283
1 4876
1 7616
1 6738
5 853
2 5379
3 522
2 2952
2 1314
1 141
1 341
1 1677
2 1366
2 969
2 3637
1 8442
1 462
4 361
1 4076
1 3454
1 640
5 1248
2 7612
2 170
1 4747
1 36
1 3709
1 4949
2 5523
1 3900
1 6833
5 952
1 8422
3 990
2 2864
1 3110
1 8048
1 7761
1 6208
2 50
4 389
3 3074
1 1760
1 7041
2 8368
5 900
2 5926
5 928
1 1588
1 1820
2 875
3 4357
1 1513
2 456
2 394
3 395
2 5414
4 1021
1 7623
1 1496
1 6981
1 148
1 2158
2 1172
1 5602
1 5497
2 78
2 828
1 5523
1 8644
1 7475
1 4713
2 47
4 1201
5 985
1 7379
2 934
1 1608
2 763
4 1009
2 1169
1 4799
1 3311
1 6007
2 5142
4 430
1 7034
2 2697
2 4376
3 524
1 433
1 1772
1 4662
6 1182
1 2238
2 1360
1 508
2 2658
3 655
2 6777
2 7412
1 3843
5 610
1 3132
2 8615
1 7476
2 3010
2 2523
1 7199
1 3031
5 285
1 5235
1 4183
1 4929
6 501
5 102
1 4588
1 3679
3 2463
5 230
1 7690
3 1094
1 8673
4 200
1 7563
1 348
7 66
2 1049
1 5727
4 1084
4 369
1 4303
9 944
6 672
1 2606
1 2184
1 2184
1 5620
2 2093
4 2199
1 7948
1 161
2 8432
5 778
1 2080
1 7207
1 3235
1 7208
1 107
1 6085
1 7151
2 984
1 1609
2 954
1 655
1 253
1 3483
1 587
1 7337
2 7361
4 742
4 265
4 837
1 3359
1 7392
2 8368
1 3593
2 7568
1 6435
2 173
3 31
5 155
3 19
2 1172
1 4034
1 7791
1 6869
4 676
1 4552
3 8581
2 3362
1 2092
2 454
1 5051
2 6829
2 7221
1 6662
1 4530
7 77
1 683
1 417
1 3299
1 1764
2 7119
1 6060
5 301
2 3452
1 4313
7 752
1 7923
2 982
1 1255
5 989
3 618
1 4025
2 6406
2 8473
3 6277
3 75
1 5029
1 6822
2 7959
3 76
2 419
2 922
3 1115
4 1628
1 6982
1 361
1 5867
1 1895
3 4030
1 6049
1 8680
2 5370
1 3523
1 4685
4 1044
6 1193
7 943
5 925
4 417
7 1012
1 2862
1 7434
3 53
2 681
8 249
1 5824
1 6835
2 6005
1 8615
3 529
6 439
2 3423
1 6526
6 65
2 30
4 1146
2 1190
1 4425
1 6192
1 8317
1 77
1 1028
4 1052
1 785
1 3125
1 8314
1 1540
3 582
1 615
4 1235
1 8416
1 6062
3 5599
4 1193
1 4733
1 3794
1 3538
1 7385
1 8174
1 319
3 307
4 94
1 1290
3 192
5 781
3 583
2 1150
2 3953
1 457
1 8200
1 1497
2 2439
1 2784
2 7451
6 1279
2 7894
1 5491
1 2291
4 624
1 3139
5 809
4 1006
1 2757
1 2513
1 900
1 7669
5 224
3 155
1 3098
1 6657
1 2544
2 795
1 1489
1 1433
6 1001
1 1692
1 2705
2 6472
5 729
1 8055
3 795
5 494
1 3457
1 535
2 7761
3 956
1 2200
1 5124
1 4836
2 1005
1 2238
1 5184
2 162
3 551
3 8181
2 420
2 1611
1 5077
5 328
3 1092
2 7819
2 309
1 4569
3 1206
2 8162
2 284
4 323
1 1881
10 227
1 180
1 1455
1 5072
4 328
1 8118
1 3331
1 2489
3 1117
1 1932
4 627
4 404
4 9
1 7362
6 313
3 73
7 451
1 6024
2 6107
2 650
2 5630
2 5135
3 702
1 8586
5 487
1 71
1 8116
1 5843
4 833
1 2510
2 68
1 6845
2 1249
2 160
1 1822
3 875
1 1235
3 1194
1 247
1 3637
1 6130
5 760
2 990
1 7397
4 814
1 5210
2 7291
1 6440
3 928
4 259
1 4878
1 2485
4 74
1 1224
7 1011
3 433
1 1500
1 5924
7 398
3 324
2 537
1 2902
2 1982
4 1247
5 102
2 13
4 463
1 5264
2 351
4 113
2 4994
1 5693
8 164
1 1148
2 4264
1 4243
1 3961
3 869
1 1563
1 3328
4 611
2 7217
1 7645
3 8021
3 424
1 6889
2 6356
7 79
1 2796
2 1087
1 892
1 863
5 149
1 1196
1 1080
3 1087
1 583
1 7512
2 6749
2 6332
1 5976
3 1098
2 5184
1 7958
2 8179
1 3118
3 622
3 150
1 8205
3 2955
1 8135
1 17
1 8514
2 618
1 83
2 3765
1 1291
1 770
1 4514
1 1867
1 6660
1 6060
1 6813
1 6141
4 1244
3 1030
1 4741
3 7096
2 613
1 6568
1 7155
2 7158
2 641
1 6165
1 7220
2 254
1 2192
1 7319
2 1794
1 7536
1 6281
1 477
1 627
2 1071
1 1826
2 2102
1 871
1 3124
2 1187
4 1145
1 584
1 2960
1 5759
2 7931
1 2105
1 7337
2 2453
3 429
3 828
3 1222
1 4119
1 4681
1 6204
2 4971
1 2178
1 6534
6 325
2 8553
1 3157
2 1156
2 1314
3 841
2 1347
1 3796
1 7704
1 2161
2 696
1 1245
1 5147
2 749
5 77
1 4796
1 3715
7 331
1 2163
1 6668
3 740
1 1862
3 124
1 7900
2 7386
2 8580
1 255
1 8059
3 697
4 704
1 7957
1 4837
2 2630
1 314
1 4013
1 6993
1 4636
1 6693
1 5222
2 1961
1 2510
1 3406
3 539
2 3389
2 1973
6 164
1 4289
1 4856
3 34
1 7301
1 3560
2 332
2 3687
1 6938
5 1192
2 722
1 1712
3 934
1 2306
2 6705
1 1076
1 4786
1 6420
1 3697
1 7439
5 233
5 1061
1 1177
1 776
4 635
3 122
5 592
1 5470
3 6061
1 2411
1 3236
2 8421
1 6591
2 970
1 2413
3 409
1 811
4 485
3 499
1 2156
2 1070
5 418
5 58
1 6137
2 2784
1 4884
1 8618
2 5816
2 5330
1 5077
3 546
3 5159
1 5292
1 1030
2 8491
1 758
1 3674
1 1405
1 8150
1 1624
3 31
1 662
1 8062
1 5447
1 5823
1 7627
3 6713
3 2648
1 4711
1 5521
1 7081
2 514
3 1020
2 2034
1 8201
1 4039
1 753
2 3452
3 7588
1 2679
2 585
1 919
1 8008
3 349
1 8438
1 6543
1 5567
1 5873
1 4689
2 312
1 2714
2 1256
2 8501
1 2789
1 2875
6 90
1 6248
1 7370
1 4568
1 1436
2 700
1 7168
2 191
5 1275
4 379
2 3427
1 3901
2 3642
1 4069
5 410
1 661
1 2302
2 4586
1 6621
1 690
1 2559
4 8167
1 826
2 55
1 7781
1 6703
2 1446
1 3108
1 4202
1 3512
1 8443
1 234
1 4370
3 97
1 2071
5 48
5 1118
4 191
1 1527
1 4070
1 3872
1 6614
1 6079
3 442
3 2616
2 6896
1 2702
1 5314
2 1473
2 158
1 8593
3 196
1 5047
2 6956
1 1080
3 2268
2 498
1 4129
2 4597
1 6520
6 187
1 5580
5 281
2 4980
1 4953
1 8026
1 7744
1 8664
2 4989
3 807
4 28
1 8718
2 1389
2 4993
1 6834
1 2177
3 7105
1 8708
4 829
1 2721
2 222
2 835
1 8715
1 1997
2 4264
3 2702
3 921
7 763
2 841
2 6298
1 297
1 420
5 1131
3 4500
3 1058
2 750
3 381
2 5046
1 4068
1 1070
6 743
1 857
2 6574
7 1089
3 282
2 3929
2 3113
5 476
3 411
1 3435
2 883
1 5167
1 4864
2 4279
2 924
1 820
1 3261
5 298
1 3388
1 7007
3 2260
3 6093
3 6273
2 5723
1 7567
1 1473
1 2743
1 1260
1 3232
4 1170
2 1544
1 4900
2 494
1 5696
1 8072
6 114
4 3115
3 1236
6 114
1 6132
3 306
2 2900
1 1605
3 686
4 285
9 482
7 621
1 2165
4 640
1 8369
2 5981
4 983
1 7099
3 957
2 1892
1 8330
2 2181
1 8465
1 6645
5 952
2 4724
1 3087
2 6321
1 2722
2 3139
1 5536
1 8247
2 6287
5 1240
3 1193
1 3560
2 129
1 765
1 3136
2 1150
2 229
1 3254
1 6029
3 3
5 398
1 1027
3 4299
1 3570
1 1880
1 6160
1 8140
3 1001
2 4493
1 3905
5 122
1 490
4 538
2 6815
1 2995
1 824
1 6976
1 7770
1 2435
5 670
1 5711
2 5727
1 3979
2 4339
1 7997
2 6764
2 8692
1 3268
1 4057
3 1088
1 1677
1 7025
2 580
2 18
2 3087
1 878
3 599
1 5813
5 109
1 7082
3 1283
1 3571
1 1154
1 866
3 8258
2 5646
1 7256
5 1003
2 415
1 5896
4 547
2 8606
3 340
1 3005
4 974
2 7871
6 538
2 8078
6 689
1 7424
1 4219
3 784
2 434
2 760
1 160
1 5335
1 2131
1 272
3 316
1 6253
1 2976
2 2797
2 2139
2 8705
1 6712
2 537
3 406
1 6818
2 8488
1 5754
3 5328
1 5166
1 3483
1 1523
2 8333
2 4739
5 30
2 7564
1 8158
2 4645
3 882
2 3857
1 7507
1 3661
1 3548
1 2825
2 4173
3 3700
1 1770
3 1759
1 5206
4 292
2 3851
1 5319
1 1034
2 763
4 663
2 7903
2 5908
4 8602
2 5493
3 713
2 5911
1 5531
2 1696
1 1015
2 4258
3 1205
2 6114
1 3277
1 7299
1 917
1 947
1 1258
1 4980
3 901
1 744
2 336
1 7541
1 1253
3 778
2 7002
1 8488
5 83
2 914
1 423
1 3202
1 1247
1 4254
2 656
3 7061
1 2477
6 103
1 5353
6 1166
1 183
1 4
1 707
1 303
1 3749
2 1899
1 5159
1 3176
1 5487
2 655
9 243
1 3081
1 3434
3 1159
1 3000
2 1070
1 542
2 785
1 5620
1 4427
1 2990
5 475
1 8576
2 1863
1 8039
2 5323
1 8048
1 4944
2 7605
1 3207
1 4371
2 2786
2 1329
1 783
2 2552
5 612
2 212
3 1853
1 4183
1 7748
4 1230
1 508
1 4007
1 1004
1 7448
3 397
2 228
1 5014
3 919
3 6261
4 650
1 2103
2 6317
2 148
1 7688
1 6320
5 861
4 202
1 5744
6 192
1 3768
1 7685
5 620
1 5996
1 4708
7 592
1 6485
2 8389
1 4125
4 442
1 376
3 922
3 1067
1 5933
2 530
1 6917
1 153
2 5685
2 4209
2 565
1 7699
2 8688
3 1238
1 7094
1 6682
2 3340
1 5468
1 1885
1 6965
2 1277
4 363
3 935
1 5026
1 3172
1 2055
2 6312
1 2927
1 935
2 6416
4 318
5 719
5 1138
2 2373
2 1010
1 939
1 6132
1 3636
2 78
1 1443
1 7057
1 6473
2 2745
1 393
2 1701
1 8173
2 1284
1 613
2 8062
1 4362
2 4540
1 6877
2 8377
1 5149
2 3706
1 6377
1 221
2 4605
1 440
5 986
1 2051
6 963
1 3422
1 6242
1 617
1 5293
3 6241
7 57
1 6680
1 61
2 4439
3 6084
4 708
1 3093
1 1968
1 3386
2 4114
2 853
1 4409
1 7534
2 4557
1 472
2 3369
2 3687
3 1039
1 2567
1 7414
6 592
2 513
1 634
2 5299
3 915
1 3
4 168
6 106
2 6593
3 187
1 1430
1 4963
5 177
2 1696
1 403
1 7413
3 8621
4 528
1 6784
2 3799
3 194
1 5231
3 6630
6 384
1 1070
3 1255
1 6183
2 170
4 133
6 159
7 1124
1 7579
2 3406
2 685
1 1562
1 1828
1 5236
1 4073
1 8550
2 2979
2 4508
1 6956
1 847
1 2754
3 1002
1 929
4 805
1 4957
2 3175
5 608
2 3883
1 4066
1 2897
2 5030
1 6199
2 1010
2 5139
1 1546
1 176
3 1028
2 5891
5 338
3 563
5 997
1 7440
1 7636
1 2349
1 4040
2 3417
1 7116
1 918
1 6590
1 5794
1 3169
2 749
1 7358
1 5579
2 6920
1 3943
2 616
1 3926
1 3111
1 2696
2 6002
9 372
1 510
2 718
1 7980
1 4978
1 2764
2 542
1 5199
2 788
2 2665
1 2097
1 8399
5 263
2 3626
1 62
5 61
3 5948
2 1245
2 2669
1 8093
2 1385
3 12
2 427
4 333
3 954
6 986
1 2975
4 1111
2 2916
5 878
1 4350
1 7904
1 3309
3 464
1 1726
2 712
1 1881
1 4443
2 7766
1 3029
1 2664
1 3449
6 666
1 321
1 5097
2 5540
1 491
1 5663
1 6430
1 7453
2 867
2 7967
3 3627
1 2489
1 1399
2 4147
1 8507
3 301
1 5269
1 1240
1 6304
4 780
1 7794
1 6777
1 3296
3 851
1 4677
2 6766
2 5666
1 4096
4 319
1 3699
6 428
1 3812
4 447
1 5780
2 418
1 5151
2 895
3 5008
1 3110
1 4476
1 84
1 6726
1 7527
6 457
3 154
1 7256
1 7122
1 3371
1 4950
1 3344
2 7708
1 6321
1 5889
1 4641
1 1810
1 7666
1 8651
1 1845
5 422
1 6485
1 1214
2 4359
1 1256
1 7675
1 6162
2 298
3 6284
4 1223
4 1031
1 2742
1 4997
6 1158
1 1375
2 7467
1 5588
2 1604
1 7282
1 2705
4 259
5 530
1 823
1 5095
1 1336
1 5784
1 926
3 1258
2 5119
1 2524
1 1267
1 6023
3 760
5 249
2 5409
4 47
1 6198
1 8237
3 409
1 6591
1 7478
1 885
3 34
1 3
1 3884
2 2829
2 2053
1 1620
2 2544
3 231
2 441
2 7077
1 3734
2 143
1 7463
2 1032
3 4011
4 205
1 2288
1 1464
2 8233
1 3323
1 1328
7 206
1 1274
1 559
3 5409
1 648
2 1379
1 2786
1 5458
1 5559
3 296
4 983
1 8476
1 8146
1 3849
1 35
3 3324
1 2337
7 6
2 2024
1 5887
2 6401
1 1966
4 1104
2 8
1 3790
1 7029
1 7010
1 2276
2 4645
2 5442
1 2250
2 8037
1 6932
1 6664
1 3398
5 463
3 132
1 1016
3 1017
2 4130
2 4108
2 2263
3 426
1 8239
2 7994
1 4539
2 2477
1 1903
2 2439
1 2100
2 2938
2 5361
2 159
1 1773
3 1375
6 578
3 1273
1 7736
1 1250
1 85
2 6497
4 907
1 1786
4 617
5 925
2 4275
2 408
2 7235
1 4008
3 4456
5 1046
2 3878
1 978
1 264
5 509
1 8615
1 3046
3 273
1 239
2 1402
2 6320
1 3581
1 724
1 839
1 1935
6 220
1 3523
2 6647
4 1187
1 1498
6 92
1 3615
2 1042
1 6943
1 8582
1 1158
2 2191
3 520
1 4536
1 7253
1 7647
1 714
1 502
3 1185
1 2629
1 7002
3 325
2 309
4 479
3 784
1 1858
2 1861
1 8035
2 4922
1 7438
3 5470
2 5680
2 7771
2 4380
5 624
1 6106
1 3762
4 1254
2 1817
1 4708
5 130
2 7526
1 3386
1 1623
2 872
1 3619
1 2585
1 1833
1 331
2 6512
1 1006
1 7264
1 5943
1 3557
1 5302
1 2478
1 4401
1 2727
3 861
1 1597
1 6765
1 1090
2 6373
3 144
2 82
3 3386
3 684
1 5025
1 3136
1 5542
1 877
7 505
4 238
1 3111
2 2318
1 8595
1 7249
2 1502
1 4781
3 218
6 740
4 1034
1 139
4 205
1 4463
1 1482
3 578
1 7290
1 2391
1 6827
2 909
1 5119
7 397
4 603
1 1413
1 7071
2 682
1 4350
3 851
1 5313
2 3692
1 5404
2 4498
1 2260
1 525
1 3519
4 832
2 4260
1 3716
2 6949
2 943
3 3728
1 5578
5 512
1 3837
1 7861
2 500
1 7327
3 456
1 2462
1 6366
6 51
1 323
2 440
1 3025
2 4402
1 1441
1 3164
7 114
1 4436
1 7738
3 789
1 529
2 4517
1 5940
1 1380
1 4294
3 129
2 5811
2 507
1 654
4 401
1 2489
2 976
1 3280
3 7556
4 299
2 661
1 3892
1 3418
1 1486
4 262
1 273
1 7631
1 5859
1 4969
1 349
1 5109
2 2006
1 2021
1 6953
2 1054
2 420
1 5752
1 942
1 540
1 1280
1 486
6 231
1 6991
3 7609
1 6835
5 926
4 938
1 4643
1 6115
1 360
1 7770
6 121
3 2467
1 3787
1 7178
5 411
1 2347
6 813
1 1811
2 5086
4 533
1 6185
1 8053
2 1823
1 1281
2 489
2 567
2 7472
1 6364
3 302
6 414
1 1719
2 4443
1 5809
2 697
1 5585
1 48
2 5033
1 6238
2 8010
1 509
2 8363
1 8661
1 3168
3 884
2 6547
1 2337
1 6228
2 7064
1 8190
6 737
1 5390
1 3147
1 2407
1 7764
2 3549
2 3272
2 2508
1 8136
1 4419
2 6571
2 634
2 6503
1 1836
2 2806
5 21
1 3265
2 2136
5 1190
2 1319
1 7645
1 1290
1 6967
1 5249
1 1831
2 3963
1 3703
1 6667
1 2965
1 4606
2 8053
1 2700
1 6551
3 3275
1 4045
1 652
1 7794
2 820
4 815
3 602
1 8298
1 8055
1 1253
1 5
1 1184
2 7271
1 4659
2 4772
2 4972
3 1524
1 4509
1 1935
2 5359
2 216
1 216
3 4031
5 514
1 1100
5 70
3 139
1 644
3 6154
1 3348
1 1083
2 229
1 1628
1 6748
1 3389
1 2437
2 5681
1 2712
2 8576
1 1793
1 2184
2 228
4 5926
1 1441
4 880
2 4128
3 146
2 3124
2 970
3 350
1 6676
1 1499
1 4907
2 1506
2 4464
1 1764
1 7457
3 2950
1 8659
1 7039
3 8390
4 108
1 8181
4 1048
4 1052
1 3142
1 2403
3 2775
2 865
4 1006
1 6987
1 8584
5 1133
3 942
6 987
1 1472
6 756
5 249
4 1030
1 3764
1 1039
1 5937
2 4745
1 4923
3 830
2 739
1 4225
1 644
5 448
1 6114
1 2788
4 944
3 2480
5 453
3 767
5 196
2 5638
3 2691
1 6267
2 1451
2 7991
1 5924
1 3817
1 1943
1 5145
2 487
2 3624
4 3079
2 648
1 2683
2 8382
2 671
1 5063
1 3265
3 179
1 5781
2 855
1 415
1 5395
1 166
1 3334
5 1163
1 3906
2 5995
1 7943
1 4127
1 1785
1 2645
1 5035
1 8047
2 1046
1 60
5 269
1 3080
1 7127
1 1241
1 2853
1 8048
2 8029
2 921
1 8451
2 3029
2 921
1 1279
2 1867
1 2555
2 5554
1 6343
2 34
1 8059
2 1151
1 1437
1 8345
1 6595
2 6938
1 8716
4 630
4 1034
1 3666
2 1011
1 2768
1 8531
3 2319
5 789
2 208
2 7216
5 810
4 798
2 484
1 4371
5 218
5 870
5 233
4 3078
4 692
1 7865
1 5046
1 7852
1 7070
1 5296
1 3648
2 5939
1 2851
1 3093
2 194
2 3742
1 5264
1 6548
1 8291
2 3311
1 6584
1 5445
1 3040
1 3170
2 935
5 1166
1 3470
1 5635
1 3277
1 633
4 967
1 5716
1 3917
3 1029
1 6185
2 6321
2 379
1 593
4 1099
1 6765
4 217
1 7066
1 3194
1 456
1 1572
3 16
1 1761
1 2412
4 1227
2 791
6 250
5 440
1 6086
3 1162
1 184
3 536
1 4492
3 2984
5 451
1 8202
1 6683
1 409
3 887
1 6392
2 3881
1 2601
2 2496
2 3131
2 3375
3 1007
1 2965
2 5785
1 8232
1 1960
1 438
1 3364
5 777
2 3530
1 169
3 385
3 7677
2 5800
1 4005
4 933
1 7033
1 5025
2 7229
7 375
1 8515
1 3939
3 5574
1 5782
3 2713
1 6551
1 2177
1 4008
1 5026
1 1936
1 3403
1 6045
1 2669
1 751
1 4491
3 7608
3 776
1 1062
1 4975
1 7095
4 315
2 119
1 7089
1 7086
4 574
1 5377
6 321
1 1962
2 2364
3 949
4 105
2 3138
1 3354
1 6256
2 962
2 8193
3 849
1 1337
2 8674
6 993
1 6699
2 7732
1 7241
1 2899
1 4939
1 8352
1 1585
1 5322
1 7962
1 6323
3 1244
1 4213
5 687
1 5264
2 7334
3 1615
3 470
2 3851
2 6045
2 5651
5 856
3 934
1 3527
1 2888
1 4504
3 5427
1 5752
2 6847
1 1659
5 766
1 7508
2 758
6 632
2 2917
2 7230
1 4652
2 1871
1 6727
3 2863
2 4415
1 3242
1 63
2 3097
5 230
1 6885
3 7958
2 4484
1 4760
1 8493
2 5443
1 436
5 726
3 566
2 5300
1 5132
8 447
1 6069
1 6787
1 5696
1 6564
1 4909
5 346
1 4458
1 1680
1 59
1 3842
1 5418
1 4
1 1451
3 7402
4 2308
2 5536
1 3272
1 2254
3 1198
2 8632
4 925
1 1369
2 285
1 7751
5 845
3 564
4 1004
1 198
6 788
4 347
2 761
3 4536
1 1259
1 4135
4 6
2 6513
1 4348
1 4505
2 694
2 6318
1 8357
3 3147
3 314
1 5753
1 1020
3 314
1 1420
2 4433
4 926
1 6632
2 6493
1 70
2 8701
2 5085
2 220
1 6404
1 4669
6 422
4 591
4 8251
1 1445
1 6246
5 1008
1 5629
2 5648
1 1502
1 2301
2 7983
1 1634
3 674
2 2318
4 511
1 8523
2 915
1 3281
5 1076
4 517
1 5731
1 3261
1 5017
1 4
1 2814
2 3370
1 7412
1 4549
1 5685
1 8346
1 6742
4 831
1 2658
1 6518
3 1147
4 1101
2 612
2 7571
1 6827
1 4753
9 1090
2 2374
1 2959
1 7816
1 537
1 788
2 1036
1 413
1 6263
1 3139
1 3583
1 5257
1 4041
1 1389
6 63
1 1174
1 7732
3 5177
1 2852
1 912
1 5893
1 2975
1 2854
1 6864
2 171
1 111
2 8307
2 5251
1 6463
1 2776
3 253
1 8214
1 3803
4 558
5 1233
2 8153
1 1302
3 831
1 7345
1 2166
1 1769
3 957
7 993
1 3981
1 4985
2 6421
2 3644
1 6534
1 5257
2 3990
2 5993
2 231
4 167
1 4380
2 596
7 330
2 5033
2 1905
2 337
1 6317
1 2492
3 494
2 2466
5 1115
1 3304
1 6046
3 623
3 1043
3 737
2 7910
1 5384
2 6098
1 6703
2 695
1 3076
1 6870
1 7931
2 8062
2 6314
2 950
1 7188
1 2395
3 602
1 3856
2 4172
1 2892
1 8235
1 4801
5 286
2 5433
1 6461
6 377
2 422
2 1085
2 2652
1 2670
3 493
2 1171
5 1035
2 6756
1 7116
1 5936
1 241
1 6448
1 7126
5 973
1 6807
1 6020
2 3523
1 382
2 1927
1 758
3 2402
2 3193
2 7311
3 4001
4 1011
2 7564
1 6045
1 4716
1 8372
1 1395
2 5979
1 2047
1 2327
1 5993
4 357
1 2540
2 3381
1 994
1 8438
2 913
1 3540
5 575
2 315
3 1065
2 8610
4 1250
1 7053
1 6985
2 416
1 5599
4 1039
2 598
5 906
1 3889
1 1929
2 5831
2 750
3 6674
1 3304
1 3886
1 7931
1 2076
1 1005
1 6309
1 6211
2 237
1 8534
1 5975
1 6815
1 6289
7 179
1 5059
3 2
1 6338
3 401
4 814
5 699
1 3514
1 2053
3 4714
1 1784
1 4304
2 848
1 7675
2 3235
1 7451
1 5767
3 1001
1 3918
1 6072
1 4296
2 8557
5 160
2 4824
1 5480
2 8310
1 8251
2 8642
6 1041
1 3944
2 4001
3 152
1 8108
1 4394
1 1229
2 5343
1 4569
6 579
1 2684
2 4243
1 6031
5 819
1 4212
1 7378
1 7662
1 8654
1 115
3 3100
1 8408
1 345
2 4
3 176
1 6455
2 2821
1 4208
3 29
3 4145
6 1072
1 996
1 8248
1 2353
4 441
1 995
3 562
2 7496
4 811
5 280
3 155
1 52
1 4045
1 392
2 4087
1 8618
3 200
2 388
5 390
1 6953
1 5683
1 1253
3 459
3 21
4 477
2 1160
1 1184
5 875
1 4114
5 57
4 1136
1 981
1 1217
2 5715
1 550
2 2067
1 6162
2 5857
2 7646
3 747
1 4922
1 3741
3 837
1 909
3 602
1 3215
1 5339
1 2687
1 7361
1 7137
1 615
1 8350
5 5
1 4592
2 634
1 6694
2 818
1 6989
1 3801
1 8398
1 389
1 8286
1 4928
1 1042
1 5862
6 391
1 2153
3 878
4 1215
1 5772
5 194
1 1421
1 8606
4 1161
1 4069
1 7898
9 753
2 393
1 5085
1 1406
1 2245
1 8688
1 7902
5 1066
1 6706
2 436
1 7442
1 5285
5 221
3 511
6 272
1 5249
1 8592
2 1728
1 548
1 3739
1 6970
1 2100
2 7592
1 1578
4 79
1 4518
1 3321
3 1102
2 7451
1 1809
2 2930
1 7644
4 1071
1 443
2 2718
1 3116
1 790
2 3863
1 6646
3 1132
1 4978
2 5526
2 2524
1 4542
4 2572
1 1669
1 226
1 6700
1 8592
3 493
1 2496
1 7456
2 793
2 568
3 6903
1 7748
5 545
4 85
5 177
1 7837
2 35
1 2633
1 8137
1 3637
5 274
6 764
2 5296
1 8494
2 338
6 391
1 6838
3 7534
1 7540
2 2695
1 1427
5 483
1 6164
1 2593
2 334
3 2292
1 6524
2 4010
1 2373
2 1028
2 2751
2 1282
1 8094
3 608
1 3345
4 263
2 7133
5 383
6 1058
2 7967
1 1463
1 4692
2 2822
1 5890
2 8373
2 1060
2 2398
2 7620
1 4602
2 1418
1 3014
4 468
3 4587
1 2140
1 3126
1 673
1 3269
1 7943
1 2732
2 48
2 6701
1 4000
2 1536
2 4869
1 8098
1 1018
1 7823
1 2428
1 8285
5 1125
3 7021
2 241
1 3784
2 1379
1 4434
2 8611
1 7582
2 175
2 4086
1 1685
3 1099
4 150
1 5069
1 301
1 158
1 2098
7 225
1 3964
4 373
10 610
1 2999
1 932
5 356
1 2842
1 926
1 7512
3 998
1 2569
1 3391
1 4905
1 502
4 1133
2 8006
2 792
1 3088
1 999
1 422
2 2667
1 6644
1 6789
2 2040
1 6524
1 2768
1 4626
2 5606
2 6335
5 716
3 854
5 465
3 175
6 423
1 1022
1 167
3 1231
1 4559
4 352
1 71
7 484
1 2935
3 91
1 1585
2 1068
1 2839
2 44
3 519
2 380
1 262
2 4543
1 2593
2 1999
1 6318
1 6595
1 1229
2 4894
1 4145
1 527
1 77
1 3369
1 215
1 7205
2 797
3 875
1 1875
3 1069
1 5476
5 458
2 7549
4 487
1 2453
1 4697
2 847
2 621
1 4991
4 780
1 2336
1 6915
1 5763
3 560
1 642
2 5431
2 3891
1 5091
1 4475
1 5963
7 460
1 2529
1 7238
2 2380
2 435
2 285
1 170
1 2085
2 4202
1 2367
1 5127
2 1216
3 1203
1 5479
1 4065
2 6684
1 5018
1 2267
4 1012
3 1069
1 7082
4 392
2 7258
1 1634
1 6784
4 259
1 4379
1 8290
5 1065
2 4995
2 4969
1 1154
1 7652
1 5497
1 5185
1 6879
1 6883
2 230
4 115
4 1001
2 220
1 2848
2 5197
1 664
1 8427
5 166
3 769
2 5792
1 2206
2 7343
2 698
2 1962
1 1678
1 8360
2 1014
2 6106
3 314
2 2548
5 1021
2 1100
2 5724
1 6832
1 7709
2 8561
1 4398
1 3812
1 6468
1 1621
2 452
1 3009
1 1631
1 7630
1 2760
2 7711
3 282
2 404
2 141
1 6163
1 3171
2 6758
1 6528
3 501
2 2216
3 800
3 125
5 220
1 5046
3 347
2 5997
3 1859
1 5701
2 875
1 733
1 2886
6 561
2 3268
3 163
4 377
3 529
1 6799
2 197
4 1088
7 1260
4 1234
2 3816
1 3649
1 244
1 38
1 4826
1 1076
1 1049
1 1567
2 1026
3 1080
1 4872
1 5137
3 826
2 2579
1 5032
1 2035
1 2181
1 7008
2 1995
1 7756
2 4446
3 7329
1 7557
1 8410
2 3957
4 821
1 8039
5 85
1 1332
3 1126
1 4163
1 4170
3 594
4 460
2 1548
2 2258
2 1897
2 6083
1 3971
1 6254
3 349
2 1666
1 1055
1 6908
1 4878
1 7777
1 6884
4 850
3 1185
1 4660
1 4612
2 5473
4 175
1 2843
1 3445
1 5073
4 1091
1 7242
2 5599
4 98
3 15
6 285
2 3393
4 220
2 5609
2 7808
1 1121
1 1046
2 4262
3 217
2 35
7 945
1 3832
2 5325
2 5456
1 6164
1 3338
1 7419
5 969
3 6426
1 2399
1 1315
2 6562
4 1119
1 6700
1 7190
3 545
1 965
1 310
2 5384
3 527
1 1442
5 317
2 1273
3 1243
1 7169
1 5715
2 4374
1 7215
1 3897
1 5561
1 8261
3 4412
1 2378
3 469
2 5143
1 7405
3 153
1 5908
1 6912
1 6696
1 639
1 3310
2 1027
1 1819
4 368
4 172
1 790
2 540
4 133
1 1696
3 265
1 1486
2 7395
2 938
2 318
1 23
1 219
2 1280
2 3987
2 5030
1 2355
3 7605
3 6766
1 906
1 263
1 7525
1 6895
1 8078
1 8153
1 5291
2 649
3 1035
1 6958
1 4800
1 5285
1 8225
2 109
6 1161
1 390
2 1980
1 5868
1 7467
1 7458
1 2804
1 3199
1 7080
1 939
1 7682
1 8459
1 2000
1 2247
1 2754
1 4030
1 6459
4 1280
1 2589
1 3745
1 7382
1 4227
5 694
3 4623
3 928
2 5896
1 6261
1 7016
2 197
1 8433
2 2161
2 7499
1 2910
1 5764
2 7070
2 6496
5 489
1 8017
3 8014
1 5663
3 1724
1 5288
1 23
1 1193
1 5860
1 525
2 3849
2 1287
1 1438
3 2420
5 413
1 4164
1 7929
4 943
1 8024
1 3100
5 736
1 573
1 2711
1 118
1 8090
1 3993
2 477
1 1043
1 1976
5 1116
1 3312
2 3187
2 423
1 727
9 694
2 2253
4 124
2 5281
2 484
1 7315
1 8068
1 2109
1 592
2 5633
1 4399
2 1536
2 456
1 7208
1 7071
2 7031
3 134
2 1255
1 2080
1 1149
1 4310
2 1144
2 2697
1 505
3 1109
1 8442
4 1149
1 1064
1 7368
1 7228
1 1722
1 8314
2 6544
4 402
1 2060
3 410
1 778
1 2601
1 2750
3 624
1 4121
2 1263
1 3103
1 43
2 7677
1 3748
1 8281
3 2746
1 6098
1 6656
1 6530
1 888
1 7361
1 8314
1 410
3 105
1 953
1 1111
2 957
1 7512
2 922
1 8059
3 805
2 401
1 7904
3 4905
4 8237
2 3063
10 379
1 6385
2 7040
1 4105
6 997
2 4930
4 93
1 7664
3 630
3 180
1 2534
1 1545
3 838
1 499
2 1178
2 6638
1 1487
1 1916
2 6708
1 3538
2 6510
1 8199
1 2313
1 6534
1 4372
1 7609
1 2665
1 6609
2 7401
2 3044
1 6746
2 725
1 3739
1 8137
5 1260
1 1470
5 161
2 143
1 1587
1 2795
1 2200
1 4789
3 1075
1 7455
1 170
2 3372
2 8244
2 6529
4 173
2 203
1 50
1 7472
1 3035
3 1179
1 7324
3 713
2 230
1 8282
2 465
4 370
3 535
3 2154
1 1869
1 2829
1 8234
1 1734
2 2560
1 7827
4 821
1 186
3 283
1 4648
2 239
1 507
1 7515
1 8579
3 809
1 1069
1 5832
4 241
1 5127
1 4899
3 7485
1 3259
4 1130
1 8153
4 638
3 1269
2 927
3 984
2 2498
1 288
2 1704
1 7924
3 94
1 6502
2 4939
1 7585
5 23
2 1100
1 678
1 7166
1 3527
1 1580
2 3322
5 368
3 2590
1 1070
3 462
2 2284
4 599
2 7206
3 815
3 3381
1 3679
3 462
4 825
1 3259
2 5608
1 6547
1 6057
5 359
3 1806
1 5661
1 3314
1 7446
1 1071
1 7618
3 324
1 1711
1 1978
1 1852
1 837
6 708
3 1129
1 7146
4 159
1 3777
1 6331
2 7161
1 555
1 2305
3 1250
2 1890
7 42
1 398
1 381
1 5275
1 1894
1 5348
2 7224
2 6092
5 455
3 2681
1 4043
1 4764
3 200
3 408
1 5256
2 53
5 1274
2 472
2 1865
1 6089
6 457
2 8206
4 1041
4 347
1 5913
1 6456
1 989
4 412
1 1994
1 6410
2 5468
1 1612
5 1045
2 6455
3 491
1 7205
1 7457
4 513
2 7569
1 3274
2 4367
2 662
4 191
1 4677
1 1879
2 5885
1 7108
2 1591
2 264
1 5222
1 7234
1 966
2 1061
1 5637
1 3282
1 1090
3 3517
4 438
2 3832
2 2702
1 5042
1 5986
1 2090
1 8233
1 11
1 4153
3 734
4 957
5 108
1 5386
5 175
1 3139
2 6614
1 4490
1 7642
3 187
2 4544
4 840
2 7827
2 7232
3 417
2 538
1 3085
2 2111
2 6605
1 1401
1 5267
3 273
4 637
1 884
4 798
1 5205
1 7236
1 239
1 1973
1 4028
4 430
2 118
2 5506
2 950
3 981
1 180
1 2301
2 1142
1 2847
2 2019
3 3976
3 2797
5 771
2 172
2 6618
5 925
5 326
3 729
1 4210
4 313
3 785
1 1567
2 1183
2 454
1 7367
1 7608
1 1643
1 6850
2 359
2 5468
2 1379
1 5393
4 842
1 8199
1 8367
2 5141
2 2579
2 1125
2 8316
3 2334
1 5836
1 300
2 298
1 634
4 1062
1 969
1 3353
1 837
1 7205
1 8098
2 3271
1 6350
7 249
2 1030
2 1180
3 337
1 2569
2 3889
1 5474
1 7470
4 34
1 7122
2 7462
1 2046
1 603
1 1749
2 4386
1 6255
1 3462
2 3608
1 8248
9 225
1 2863
1 1781
1 5116
1 2502
1 3615
2 4985
2 2902
1 4742
1 5806
1 4982
2 7844
1 646
3 328
1 3283
1 6698
4 917
6 1022
2 7647
4 640
2 600
2 8381
5 306
1 5740
3 6267
2 4055
2 7468
1 5606
1 5629
2 800
2 6896
1 7027
1 7573
2 734
1 1409
2 5593
1 2290
1 4966
1 6382
1 5529
2 540
3 27
2 6810
1 6697
1 5634
2 8400
1 8272
4 660
2 5185
1 3659
3 7253
1 4388
2 8361
1 1831
5 616
1 2302
3 135
3 273
2 963
2 7274
1 357
1 1639
1 6715
1 5044
1 8423
7 275
1 3129
1 2540
1 3636
2 7284
1 5131
2 4284
1 7534
1 4580
1 712
5 357
5 993
1 4639
2 7839
1 999
2 158
2 1829
3 1431
2 1755
2 239
1 3529
2 1204
2 6590
1 2297
2 5113
3 1019
1 2368
2 320
1 5851
2 2741
4 161
3 501
1 5799
1 6753
2 6791
1 2457
2 2529
2 688
3 665
3 1276
1 593
1 1947
2 6425
1 1825
1 8608
2 931
2 7896
1 2972
2 1291
2 583
3 1205
1 368
3 1100
1 2801
6 847
2 6745
1 7952
5 773
1 2344
1 1613
1 3372
3 7017
2 4205
2 161
3 8584
4 1161
1 3486
2 818
1 6680
3 689
1 3125
1 7975
2 1050
2 3753
3 8541
1 5965
1 3954
5 1212
2 1925
6 480
2 8540
1 2812
1 977
1 558
1 6701
1 2496
5 33
1 4815
4 162
1 233
2 6528
1 3951
1 163
1 4789
6 903
1 8362
2 7272
1 6709
4 514
1 6476
2 537
1 5935
2 6960
2 249
1 1293
1 8025
6 1045
1 8110
2 8572
4 188
4 378
5 610
5 472
1 1105
1 8617
2 785
2 796
1 5189
4 411
1 7448
5 841
1 3195
1 52
2 364
1 8610
1 2646
1 5714
1 441
1 8116
1 8194
1 5612
1 5342
1 3218
4 643
1 7409
3 1257
1 6877
1 778
2 2330
2 5172
2 8473
5 231
1 5683
5 531
6 1049
1 7059
2 1005
1 3053
2 4077
1 8323
1 1708
2 8397
5 889
2 395
1 5892
5 792
2 7101
4 1237
1 6269
1 936
1 6635
4 651
1 1245
2 1422
2 5769
2 3879
2 3306
2 8514
1 233
5 254
4 1242
5 550
6 184
1 1206
4 634
2 982
2 1282
4 1157
1 8672
2 7411
1 496
2 764
4 13
4 965
2 2604
1 7468
1 1093
2 6208
1 4631
1 3769
4 293
1 4801
1 6690
1 4130
2 4766
1 2476
5 772
9 428
2 7352
1 5895
2 6742
1 6794
1 8388
2 508
2 195
1 4995
1 6053
2 384
1 5214
3 454
1 4084
2 3658
1 5207
1 2113
6 753
1 69
1 6849
5 1272
1 6876
1 8064
1 7940
1 180
2 1189
4 1143
1 6973
4 5
2 1856
1 2336
1 7012
1 8666
1 6662
1 5795
1 5648
1 7945
2 2653
1 4667
2 7647
5 277
1 7281
1 2505
1 8307
1 1266
2 3637
2 937
7 508
1 4202
3 459
2 6263
2 419
7 1125
1 8657
2 1119
1 600
1 466
3 8691
1 7635
3 903
3 5139
1 1556
2 1830
2 590
1 1666
2 8485
1 4808
1 6515
2 2053
1 3479
2 941
1 5101
1 4611
1 6079
1 491
3 404
1 8442
2 6275
4 1194
1 971
2 533
1 2432
1 2515
1 8561
2 2146
2 576
1 7244
1 5531
5 1212
1 2491
1 3713
4 896
3 612
4 1123
3 533
1 886
3 1801
2 700
1 6139
2 329
1 4561
1 8419
1 4370
3 794
2 2017
3 265
2 8486
1 2166
2 8459
2 2757
4 733
1 196
2 403
1 1267
4 653
2 695
1 3656
1 6575
2 2235
3 4858
1 2451
1 3699
1 1365
1 5852
2 8012
1 6497
1 3006
1 8100
3 654
2 1562
3 378
1 5025
2 162
2 632
4 1049
1 7149
6 1083
3 3793
2 1682
4 323
1 8119
2 3883
3 1207
1 7527
1 3334
1 3927
1 2927
1 4662
1 7936
1 7814
2 2245
1 1608
1 5488
1 836
2 4923
6 784
1 2452
1 3113
1 3487
1 7308
1 622
1 5398
2 766
2 169
1 6720
3 1059
1 5024
1 3627
2 1065
1 4170
1 7837
1 1927
2 376
5 923
1 886
3 107
1 1258
5 979
2 5882
2 1455
1 3206
1 5713
1 1752
1 5916
1 2858
2 4297
1 8466
1 7536
1 268
2 12
1 3634
1 5434
1 536
8 446
3 4040
8 846
1 4423
2 2484
2 3635
1 4508
1 6268
5 698
2 7824
2 3193
2 935
1 744
7 879
3 439
2 4967
2 950
2 5323
2 1224
2 5301
6 332
4 1085
1 7692
1 3187
1 2280
1 2655
4 244
4 1227
2 7223
7 727
1 7354
1 2365
3 35
1 6318
1 6124
2 2370
1 8589
1 5741
2 4433
1 8394
1 4826
2 1456
2 8422
2 4126
1 2142
1 2047
2 7428
2 1275
1 7165
1 6588
3 8471
2 3085
4 1227
1 5730
3 1231
1 1441
5 903
1 4300
1 829
4 425
7 640
3 664
2 531
2 954
1 8676
1 8186
9 868
7 125
4 42
1 7741
1 8090
1 6920
3 565
1 8534
4 529
1 5309
1 6190
2 5155
1 7525
2 4124
1 4965
3 603
4 1177
3 1276
1 7468
6 1009
2 5363
4 205
2 148
1 8543
6 998
3 8283
1 8345
2 7198
1 6514
1 5973
1 7728
2 8517
1 5702
2 6749
1 6303
4 111
1 6245
8 942
1 2606
1 4325
1 5535
1 274
2 8655
1 4321
1 3207
3 434
1 1051
1 5368
1 4950
2 2743
2 533
1 3290
2 546
2 389
4 509
2 5355
1 5234
2 8168
1 6724
1 7630
1 7872
1 7567
2 127
1 1410
2 5273
1 2296
1 7236
1 1168
1 7932
1 7208
1 4796
3 7819
4 160
3 1242
1 1170
1 1825
4 894
1 2331
3 640
1 7238
2 6371
3 681
3 470
3 360
1 7063
1 2593
1 6099
2 7597
1 5550
1 5477
7 923
4 623
4 315
1 2111
2 692
5 787
1 8502
3 888
5 128
5 1235
1 6638
3 841
3 339
2 592
4 176
4 54
1 588
2 7661
1 651
2 6605
1 4483
2 5881
4 720
3 5380
1 2782
1 8468
2 1575
1 6566
1 7007
3 725
1 4452
2 1164
3 787
1 1763
3 1170
4 160
2 794
4 407
4 258
1 6343
4 899
3 1447
1 647
1 4727
1 7816
4 1281
3 445
1 4652
1 1866
2 2294
2 6921
2 834
4 401
2 4951
6 1177
1 2250
1 6314
1 460
1 5936
1 6192
3 7396
1 1278
3 5966
1 5686
2 7103
1 1210
1 121
1 4402
1 6481
1 7370
1 571
1 5376
1 4392
2 5313
1 1145
1 2000
1 3156
3 975
1 274
1 4531
1 6315
1 1750
1 5254
2 262
4 304
1 6483
2 8365
1 7666
1 2383
1 6795
2 5944
1 7775
1 1873
1 3767
1 7970
2 4054
2 1594
1 3790
1 7259
3 3112
1 1592
9 1250
2 1864
3 226
2 837
1 7093
1 3139
1 4725
1 8513
1 5368
1 4601
4 902
1 2632
3 5131
1 4204
2 7325
1 5087
7 169
4 726
2 549
1 3055
3 3641
3 839
2 527
1 1774
1 7189
3 296
2 5924
1 7148
2 379
2 1221
3 7160
1 5446
2 3574
3 1090
2 4891
2 1831
2 574
4 1120
1 2542
3 34
5 961
1 4855
2 4229
1 7614
3 1180
1 6776
4 1212
2 3365
1 2516
1 7330
1 4192
3 5133
2 227
5 1223
2 18
2 5226
1 8426
2 4463
1 7501
2 5002
3 7801
1 3364
1 2200
1 5130
3 250
1 6170
4 262
2 2152
2 5775
2 3247
1 109
2 6752
1 870
2 1353
3 3540
1 3801
2 315
1 2630
1 1822
2 200
2 4473
2 2543
1 6466
1 2297
3 472
1 434
1 5318
4 1195
2 690
1 5072
1 4372
1 2102
1 5451
4 663
4 155
2 939
6 616
1 8719
1 3614
1 164
2 3554
1 820
6 709
2 2113
2 273
3 1221
1 1886
3 659
1 2251
2 494
1 929
5 731
1 8615
2 4131
2 4983
2 3874
2 5850
4 1183
1 6457
1 8069
1 7632
4 1057
1 3799
1 2934
1 3949
1 7954
1 1594
2 8022
1 3311
1 3171
1 6717
1 5766
1 471
1 5727
1 5230
1 1072
1 8167
2 3507
1 1639
1 4439
1 8059
3 1139
1 7543
2 1588
2 816
1 1084
5 196
4 221
1 4200
2 449
2 1298
1 944
4 727
2 5746
3 134
2 1922
1 469
2 636
1 166
1 3564
3 934
1 946
1 5212
1 438
4 884
1 5466
1 5412
1 4554
1 898
2 2722
3 418
5 492
1 718
1 5316
4 1161
2 236
3 2756
1 1868
1 5949
2 7907
3 7829
1 5511
1 5638
6 328
2 698
2 112
2 4380
1 1916
2 3933
1 6237
1 2828
1 5045
1 2997
1 1041
1 4105
2 5873
1 3449
2 5387
1 7796
2 1440
4 734
1 1272
1 4489
1 1844
1 5355
1 471
1 3323
2 6158
1 6308
1 2943
4 1018
4 638
3 1267
4 6287
4 922
1 3513
1 1941
2 550
1 473
1 3250
1 1609
1 146
3 2304
2 6552
1 5762
3 232
5 1174
1 6308
1 5199
1 7500
2 5915
1 6097
4 257
2 1528
1 4024
2 104
1 3588
5 1090
1 8254
1 5175
1 5394
2 4022
2 7067
1 8270
2 90
1 7131
1 590
1 3997
2 1537
1 4423
3 695
1 1069
1 2818
2 4082
4 578
1 53
1 7656
1 2624
1 8447
1 7021
2 5380
1 7044
1 3783
1 5443
4 314
4 540
1 8111
1 1948
1 5461
4 721
2 3769
1 7116
2 5517
1 6982
1 2504
5 74
3 247
1 4236
2 8700
2 7692
1 5826
1 8302
2 8443
8 263
2 653
2 4955
1 6540
3 416
2 8337
3 574
1 4836
1 3957
1 3781
1 1877
3 1143
1 8229
2 6392
1 7084
4 1403
2 594
2 343
2 8713
1 4335
1 7488
2 175
2 3032
2 52
1 1150
3 2091
1 6647
1 746
1 1779
2 1119
1 8634
3 850
1 1342
5 578
4 1257
1 2249
5 19
3 293
3 721
6 937
2 8572
1 1089
1 3196
5 572
2 1038
1 3849
1 4829
1 147
3 452
1 2800
2 196
4 796
1 6705
1 5519
1 8650
1 6
2 3388
1 4544
1 2366
1 3948
1 2972
1 7573
1 6770
2 222
1 7168
2 378
1 5142
2 7911
2 7555
3 1512
1 4350
1 4254
2 2628
1 703
1 6660
3 562
2 3341
3 566
1 1752
1 557
2 6178
1 4840
1 6385
1 4627
1 7142
5 264
1 1754
3 6983
2 1178
4 1005
1 8625
2 8103
3 482
2 1839
3 4126
1 8311
3 6311
1 6329
1 7596
2 3967
7 1107
1 5375
2 1112
1 2859
1 6581
1 2429
1 7925
1 7926
1 7929
1 3841
2 5944
1 5937
3 251
1 4429
1 6986
2 8683
3 183
2 537
2 3046
2 8468
1 3812
1 2960
1 6411
1 869
1 3798
1 2678
2 7532
1 8598
3 6680
2 8211
1 5062
6 156
2 6993
5 756
6 953
2 1806
2 3158
3 944
1 4327
1 5440
3 1186
1 3266
2 5810
1 7740
3 638
1 8481
3 1034
2 1361
1 7462
2 25
1 7265
3 581
3 440
1 7321
2 844
2 1226
2 433
3 1108
1 2405
6 996
1 4930
2 466
3 88
5 533
1 6784
2 6941
5 827
2 25
1 2050
2 4276
2 6178
1 1237
2 3892
1 7154
1 2308
1 1721
5 1087
3 3787
2 6118
2 2263
4 1109
4 809
2 1031
1 3455
2 817
1 3538
1 8636
5 96
5 1229
1 5470
1 6513
1 4072
1 1067
1 2935
1 1751
2 3962
3 490
2 2701
1 7816
2 7282
2 958
1 6169
1 1311
4 1094
1 7726
4 1079
1 619
2 842
4 1150
2 6323
2 950
1 7909
5 757
5 482
3 441
1 1934
1 7827
1 2342
1 6295
1 2125
1 4939
2 2987
5 1254
1 627
1 7846
2 93
2 6625
2 7496
2 6012
1 5320
1 983
5 1240
1 1350
2 6274
2 1645
1 7052
1 1206
1 4662
1 2218
1 7926
1 5422
2 2590
2 133
4 903
1 5765
1 4158
8 1242
2 5329
1 7626
1 77
1 274
1 4289
6 924
2 6905
1 7053
1 5687
1 1765
5 799
2 45
1 2366
1 5719
1 4684
1 5609
4 1347
4 1281
2 328
1 1536
2 2057
3 1585
1 4639
5 1076
6 258
1 6286
3 1170
1 588
3 3181
1 4126
1 8225
1 2067
8 472
2 3343
1 2914
3 803
2 935
1 1345
1 846
1 73
1 5776
2 417
3 1071
1 5414
2 6921
3 916
6 743
2 3462
4 18
1 5478
2 5450
1 1250
2 503
6 471
2 4279
1 6408
1 6342
4 442
1 341
1 7692
1 3978
5 338
2 1120
1 7697
5 838
1 255
3 63
1 2307
1 4804
1 4097
1 2305
1 1074
1 4727
1 3176
1 5787
3 442
1 3739
4 755
3 279
1 4453
2 5578
2 770
1 4604
1 1732
7 177
1 4982
3 996
4 499
1 2751
2 6981
3 7259
2 7545
1 7531
1 7572
1 952
1 3275
5 1262
1 4161
1 3712
1 4968
3 6133
1 3096
1 8290
1 7422
1 5487
1 4757
2 4048
1 6322
1 863
1 4930
2 1270
1 27
1 4390
1 2513
4 867
2 643
1 677
1 2794
1 731
1 7317
2 952
1 7283
1 849
1 4553
1 4084
1 3347
2 1374
1 2752
3 571
2 6458
1 750
1 5303
5 1029
1 226
1 1519
1 4141
2 529
2 7544
1 1983
2 612
2 6789
1 899
4 6870
1 1363
1 467
1 6878
1 3531
1 5532
1 5009
1 8685
2 2772
1 209
2 79
1 7532
2 8139
2 5868
1 6722
1 5751
1 6339
1 3742
2 4724
2 3718
1 7125
4 365
1 3166
3 5536
1 8112
2 8423
6 1244
3 90
4 191
1 7297
3 461
4 733
5 482
4 219
2 5615
2 565
4 443
2 7782
1 3376
1 2353
2 8174
1 2350
1 342
1 2774
2 2168
1 2017
1 1837
1 3407
2 4329
1 223
1 4161
3 545
1 7578
3 293
2 621
2 5864
1 8496
1 3781
4 1057
2 5950
1 3793
2 877
2 6213
2 2536
3 336
1 7472
1 6864
1 5410
3 84
1 5423
1 3443
1 321
3 1242
5 1027
1 855
1 8436
1 4380
3 569
1 850
1 1965
2 333
1 2259
5 417
5 1117
7 514
1 6790
1 7692
1 5614
1 5583
1 514
1 1504
3 469
9 362
6 1161
2 987
1 4838
1 7631
1 2779
1 5971
1 8108
2 1112
1 3476
1 2858
5 1172
4 1103
5 270
4 1089
1 2889
2 432
1 65
1 2096
1 4008
3 256
1 8100
3 1190
1 3820
1 5458
2 4645
1 3428
1 2810
1 2890
5 1122
1 3743
5 870
1 1736
2 7093
1 4409
1 5640
2 5656
1 1435
1 457
3 80
1 6353
2 196
2 7364
1 6783
1 8542
7 1085
1 1829
1 2335
1 4234
2 582
1 5577
1 2258
1 3257
1 2071
1 2103
1 3935
2 2007
2 1918
2 8447
7 969
2 5072
2 4624
1 6981
1 3625
1 3715
1 2402
4 1218
1 4552
2 1409
1 1909
1 8339
2 5073
1 7851
1 2079
2 4
3 297
1 3978
1 5186
1 4122
1 435
3 690
2 1786
2 4124
3 1077
2 1007
1 6394
1 40
4 957
6 1071
1 24
2 5375
1 1556
1 6347
4 774
2 7773
1 5701
2 7002
2 1225
1 7787
2 2408
3 1049
4 271
1 2008
2 2925
1 6529
1 1260
2 5735
1 7427
1 3220
1 3236
3 6074
2 5009
1 512
2 1086
1 6008
2 5252
6 491
5 189
1 106
2 1628
3 294
1 6979
1 8367
1 3526
1 7409
1 489
1 8576
1 2025
1 568
3 79
2 1640
1 3121
2 702
1 785
2 3835
1 4251
1 5186
2 4889
5 470
2 7960
2 7202
2 220
3 892
6 1243
2 2162
5 342
1 428
6 439
1 2720
1 6454
2 7313
1 888
1 814
4 451
3 750
2 3957
2 7138
1 4108
1 5082
2 1560
2 2729
2 5371
4 394
2 8391
2 4683
3 1095
1 4279
1 8230
1 8703
1 1056
5 473
2 253
1 2447
1 866
3 466
1 2890
5 384
1 1454
1 3655
1 948
1 7867
1 5147
2 4018
3 442
6 326
1 4230
1 4315
1 4585
1 925
3 990
3 455
3 6061
2 484
2 6914
1 5430
1 5715
4 415
1 1771
1 5424
1 2928
2 323
2 3781
5 709
3 500
1 5797
5 1192
3 474
1 4711
2 8685
1 7868
5 1122
1 2153
1 1197
1 1682
1 1698
1 1181
1 592
1 202
2 746
2 6538
1 6633
2 1357
2 310
1 6232
3 3867
1 6106
1 3956
1 6839
1 4004
1 7460
4 912
5 1089
1 3395
5 755
5 1026
2 7164
1 3487
2 4399
1 4116
2 1156
5 969
2 3871
1 6340
3 1565
1 185
1 4905
1 5890
2 962
4 228
3 8213
1 6464
5 292
3 1108
2 1552
3 5587
1 5204
2 3672
2 6352
2 409
1 144
4 4097
3 281
5 118
6 599
1 3154
5 33
6 523
3 72
1 8681
3 29
5 1130
1 107
1 315
4 275
1 7504
2 6031
1 5381
1 2256
5 12
1 927
2 426
2 2580
3 359
5 283
6 35
1 2380
3 690
2 4840
3 7823
2 1564
1 3933
3 826
2 2758
3 458
1 4877
5 180
2 2612
5 890
5 793
4 1062
2 2166
1 6531
1 844
6 616
1 551
5 605
1 6890
1 651
1 6585
1 2264
3 1578
1 2215
3 1229
5 116
2 4916
5 354
1 3516
1 7075
4 1099
2 1635
1 802
2 6822
1 7828
1 5455
3 2542
1 8182
1 2942
1 784
2 697
1 6389
5 384
1 6301
1 1795
1 1135
1 4555
1 5638
6 197
2 7466
1 7370
1 4398
3 1414
1 8406
2 964
3 4942
3 1158
1 1412
1 6237
3 950
1 4653
1 2472
1 197
1 5839
1 1063
1 5068
1 5035
1 8664
1 3837
6 637
1 342
1 4589
2 234
1 5096
2 962
2 4670
4 218
4 748
3 277
1 1158
6 868
1 4138
2 1963
1 4030
1 10
5 421
5 1146
1 7555
2 1296
5 1051
1 6813
1 3489
2 1723
1 2661
2 315
1 2864
2 510
4 146
2 949
1 2234
1 545
2 2010
1 8238
1 6871
1 8643
4 675
4 661
1 4626
1 1502
2 372
1 906
6 203
1 4939
6 117
1 260
2 994
4 446
2 2462
4 949
1 7941
2 75
2 545
1 7686
2 1181
2 5732
6 381
1 996
1 2033
1 5924
6 109
6 58
1 4957
2 2162
2 278
3 532
1 6602
1 6987
3 771
4 1188
1 1088
1 6141
3 4563
1 2582
2 3856
1 1074
1 4760
2 5972
2 2353
1 2529
1 6283
5 168
3 4730
6 955
2 5167
1 8420
1 1021
1 5641
2 780
1 3066
3 966
5 910
1 6122
4 301
4 637
2 1118
5 1231
2 676
1 2055
3 737
1 2645
2 3278
5 1220
3 839
5 708
1 532
4 691
3 7275
1 2821
3 4685
1 7749
5 1215
1 2390
2 5424
1 3612
4 576
1 6564
1 6924
1 482
4 823
4 493
2 5348
1 2026
1 7891
1 7599
1 3268
1 5899
1 459
3 139
3 1010
1 6608
1 8336
4 508
3 4
8 460
5 1057
1 6037
2 6515
2 1081
1 4893
1 4412
4 216
2 3635
1 6339
3 1111
4 7
2 6979
2 6408
3 704
2 535
2 154
1 3448
2 1127
1 8394
2 7818
1 3858
2 725
2 237
2 3099
1 7789
1 3341
1 8004
1 6569
2 2563
4 929
1 6904
1 3331
5 442
3 549
2 196
2 1205
1 3109
4 1222
2 7001
4 947
1 7416
1 1251
7 126
3 578
3 337
1 261
2 2849
4 51
1 2442
1 7594
4 1056
5 532
1 6332
5 212
1 4230
1 4802
3 722
2 2572
1 4357
5 1269
2 4627
1 2554
1 5262
1 4647
1 4639
1 3366
1 8375
1 878
1 3112
1 7771
1 95
1 7912
1 2335
4 500
4 856
4 499
2 3403
3 3184
4 1068
2 8051
2 1075
1 5130
2 7744
1 6564
1 2942
2 4225
3 127
2 1137
2 2165
4 910
1 4054
1 3114
4 515
2 236
2 5391
1 7295
1 6056
8 771
1 2187
1 4360
1 7410
2 8486
2 675
6 510
1 5436
1 1985
1 103
1 3025
1 626
1 8028
2 8333
1 885
2 5191
1 914
1 8058
2 5178
1 2429
1 6122
1 6665
2 7795
1 6630
1 25
3 1166
2 1100
3 328
4 940
4 1132
1 2998
1 7331
1 3421
2 69
1 951
7 19
1 6639
1 6174
1 3837
1 3071
1 2173
2 6252
2 8257
1 7641
2 4556
2 416
2 3500
1 78
1 7274
1 96
6 501
1 7921
5 1165
1 1347
6 67
1 4027
1 607
1 7328
4 827
3 110
2 1179
2 3733
2 8657
3 749
1 581
5 628
1 8694
2 5572
1 4656
4 955
3 3289
2 3530
3 256
1 7646
1 4443
4 892
1 3508
1 41
1 3964
1 8147
2 4128
1 1128
4 526
1 2723
1 8606
1 103
1 4363
1 2986
5 320
4 1050
1 2906
2 3434
2 1683
1 3154
1 3997
1 2564
4 1216
2 8123
1 7305
2 1595
2 1197
6 1057
2 4562
3 1042
2 545
2 1239
7 864
1 6258
1 5707
3 5186
1 4804
3 494
1 5114
2 910
1 1326
2 1910
1 3940
1 606
2 5215
1 3817
1 3487
1 6022
1 7271
1 1893
3 4566
1 25
2 8112
1 6451
1 1655
1 3888
1 5411
1 5831
1 7069
2 2493
1 2584
1 7323
1 2918
1 5956
1 2969
1 4445
1 278
1 7964
1 6893
3 266
1 1662
3 8696
1 4197
1 5678
1 7458
1 7681
1 609
3 1263
1 5201
2 1271
2 6820
4 248
1 8393
2 122
1 7503
1 6543
1 1139
7 448
6 760
1 8047
1 3510
1 1071
1 6930
1 5029
1 7118
6 371
3 65
2 7307
1 7665
1 167
1 1187
2 3976
2 3422
5 1062
1 995
1 8192
6 1131
1 6560
1 6839
1 5296
1 2152
2 5544
1 4372
1 3787
1 5562
1 8142
2 7031
1 7643
1 5606
1 8658
1 1603
1 8530
2 2518
4 1204
1 3102
1 5205
1 7364
1 7433
1 6598
1 475
5 650
1 1857
2 513
1 2480
1 4609
3 1153
1 6143
1 7931
4 1215
1 4697
1 4883
3 871
1 4359
4 572
1 873
2 4461
3 2242
1 6208
1 8567
1 8109
2 4284
1 998
1 4898
1 5472
1 6121
1 257
2 3079
1 1028
1 5755
2 6000
3 708
3 7834
3 328
2 6874
2 8031
1 4717
3 518
1 6621
4 295
1 6756
4 1087
1 7791
1 8686
1 4920
2 6779
1 425
1 32
3 200
1 2340
2 953
2 444
1 5211
1 1127
5 250
4 654
2 1180
2 53
1 292
3 1715
3 860
1 7877
1 1384
5 576
1 3241
1 3865
1 2177
1 6803
1 6830
2 803
6 677
2 7089
1 464
3 3651
3 1207
4 168
1 137
2 1637
2 3121
1 3878
2 546
2 6242
1 815
3 17
1 4195
1 1966
2 5941
6 277
2 3716
3 7347
1 1726
1 3544
5 1213
4 77
1 7673
1 5456
1 327
1 8005
1 1954
1 761
1 2296
4 1264
1 1181
2 267
2 809
4 437
1 1767
1 6472
2 8132
2 6566
3 565
1 1575
4 36
1 8585
1 6998
5 461
1 2725
1 2513
4 2085
1 1068
2 3958
1 8145
5 878
2 5120
1 6972
1 1977
1 4038
1 815
1 1870
3 3056
2 2233
2 188
1 1680
3 708
2 7230
5 474
2 1225
1 3051
1 3367
1 532
1 8005
1 5847
5 299
6 1216
4 1222
1 6174
1 223
1 6413
1 7456
3 6358
2 6576
1 7252
2 6863
1 3766
1 1614
1 4459
1 6045
1 1725
2 8270
1 6574
3 6916
1 5505
1 3436
2 6932
3 441
1 26
1 1054
1 7187
2 8142
1 6376
4 1219
2 8305
1 3565
1 1401
1 4661
3 7269
1 6297
5 959
3 334
3 519
1 8223
1 1938
1 8306
2 147
2 934
1 2674
4 1266
2 1909
1 7994
2 1849
7 891
5 51
1 6921
1 692
1 3346
1 2002
1 2894
1 8173
1 7183
1 1913
1 5382
1 5679
3 456
4 762
1 1379
2 452
1 631
2 1281
1 3632
1 7872
1 6232
5 862
1 4872
1 3302
1 8262
1 244
4 191
1 5722
1 182
1 3238
4 668
1 1811
1 2491
1 4867
1 8409
4 345
1 1411
3 424
1 6841
1 6865
4 46
1 4114
4 734
5 750
1 1238
2 6026
1 8307
1 1834
2 7943
1 6652
3 552
4 875
5 649
3 471
5 31
2 3244
1 1532
4 2263
1 8701
3 34
1 6028
3 6567
3 630
2 637
2 823
4 611
1 6885
1 5927
1 2215
1 2001
2 7170
3 5890
1 5009
4 273
5 438
1 721
2 721
1 1232
1 1644
1 3065
5 903
2 4770
6 989
5 793
2 8625
1 4219
2 1051
1 7111
1 8165
5 1082
4 520
2 1121
1 7472
4 342
1 959
2 4954
5 931
3 1126
3 8279
1 7912
2 4304
1 7532
2 7370
1 2365
1 3362
1 3779
2 6288
1 5704
2 5323
2 6988
2 6967
2 822
2 7425
2 7892
3 258
2 806
5 943
1 2147
2 351
1 6542
2 809
5 718
1 1575
1 199
1 3978
1 8145
1 1921
1 2814
1 7653
1 6089
1 21
2 7321
1 2010
4 1269
2 7327
2 8362
1 3264
5 759
1 2001
8 1229
2 94
1 8178
3 1215
5 472
3 215
1 280
1 7269
1 1544
1 6986
6 1037
1 4965
1 8255
2 6473
2 4272
1 8150
5 1254
3 8299
1 4693
1 7389
1 8107
5 1140
1 1521
1 8280
4 55
5 850
1 698
1 495
1 468
1 3160
1 8412
4 174
2 5054
1 6315
4 459
1 4160
1 6978
1 5449
1 554
4 1257
3 999
1 6152
2 4277
4 903
1 3814
2 1902
1 3556
2 5652
3 377
5 254
3 4650
1 8657
1 2372
1 6711
1 1027
4 132
1 6927
2 8637
2 4836
2 842
1 3850
2 5353
2 5058
5 1114
1 1761
5 407
1 1106
1 6054
2 358
1 1334
2 3810
4 853
2 585
1 86
1 1153
4 1239
1 1296
1 3201
1 1259
1 5786
1 810
1 3991
1 5894
2 1820
2 1737
1 4915
1 1360
1 3102
2 1005
1 155
2 1251
2 54
1 8150
1 1324
1 2663
4 302
1 6444
1 663
5 824
1 5432
2 6816
2 3199
1 7512
2 8618
1 6124
2 158
1 5478
2 6925
2 891
1 6808
5 1053
1 1110
2 1106
2 1015
1 8173
1 8411
2 8386
2 5115
1 3718
1 1343
1 350
5 1081
2 7722
1 1593
2 6432
1 4392
1 3239
1 6388
2 5417
1 3156
1 721
4 904
2 2036
2 1089
1 1801
1 2844
2 998
1 996
1 3975
1 734
2 5857
1 797
1 177
2 664
1 5031
3 1256
1 3190
3 162
2 3313
2 1036
4 660
4 403
1 20
1 3342
2 4248
2 6896
4 1025
1 6488
1 6096
2 7643
1 2035
1 5589
3 1138
4 836
1 5211
1 3247
1 3044
1 3856
1 2147
1 1184
1 6214
3 943
5 1047
1 8138
1 325
3 785
5 805
2 7745
1 5755
5 136
1 1967
3 699
1 5985
1 6140
1 465
1 4380
1 4554
2 2992
4 1256
2 471
1 4371
1 359
4 1215
1 1220
4 539
1 1428
1 1651
1 372
5 633
2 289
1 7071
4 280
4 82
1 2643
1 5951
2 8424
2 5673
1 347
1 6941
3 1165
2 986
4 184
2 3844
1 5599
1 2640
4 1045
3 472
1 2073
2 4344
5 178
1 7588
1 501
3 97
1 8045
2 323
1 842
4 799
2 7031
2 4787
1 3221
1 2514
3 197
1 1211
1 3981
2 531
1 8437
2 5310
6 319
1 5590
1 1927
1 7214
1 628
1 6724
6 1160
2 5294
1 5982
1 1022
1 7831
6 316
2 1143
1 7772
2 6532
1 7871
3 5384
1 354
1 3801
2 1031
2 1758
1 4706
2 313
1 6610
1 7140
3 4989
1 1241
6 562
5 1046
7 210
5 718
4 991
1 2095
1 6284
1 4083
1 3184
4 131
1 4635
2 4375
1 3087
1 518
1 8111
5 563
1 5603
2 1602
1 2234
3 281
2 5725
3 540
1 2886
1 3712
1 2514
1 1838
2 262
2 4706
1 8476
2 7692
1 421
2 7727
5 1120
1 2500
4 2169
2 322
5 147
1 8160
1 4845
4 933
2 461
8 1024
2 590
2 1031
2 4527
1 3954
2 1652
1 2007
4 271
1 3069
1 5572
1 7494
3 3694
1 7219
1 582
1 886
5 261
2 6369
2 3501
1 6513
3 28
1 657
2 4885
1 803
2 764
2 8556
1 8157
1 1092
2 5116
1 8287
2 3306
4 1207
1 2180
3 1259
1 1357
2 1022
1 8092
1 8364
1 7542
1 7200
1 1835
1 4172
1 3286
1 864
1 3121
1 6010
4 599
1 8178
1 5801
1 7711
2 5131
2 8193
2 6492
1 5556
3 605
1 778
1 3347
2 1714
3 121
1 252
2 732
1 441
3 1107
5 527
1 1435
4 260
2 5769
2 2102
1 6797
2 368
1 3545
2 7825
1 1378
1 5206
2 3912
2 3197
1 2437
2 2006
2 978
2 8579
5 647
1 3706
1 6815
3 511
1 2383
1 7497
1 4768
3 887
1 74
1 245
1 7864
3 103
2 7461
2 5070
1 1605
1 6296
1 5000
3 8117
2 1202
8 687
1 1045
1 5061
1 4019
3 869
2 1001
1 3173
1 6123
3 1279
1 2659
1 3858
1 1488
1 969
2 2616
1 5192
4 799
1 8193
2 5206
1 8584
2 2087
1 7164
2 2443
2 2436
3 149
1 6849
1 2546
1 5821
2 1629
3 421
1 3276
5 408
2 8302
2 2205
2 7265
1 8361
1 5803
7 675
2 7887
1 4164
1 932
1 8051
2 2917
2 7356
4 479
2 7453
1 5190
1 2527
4 584
1 3876
1 1404
1 7708
1 4714
1 4079
2 714
1 6402
3 467
1 77
4 115
5 794
1 4429
5 1179
3 61
3 900
4 1250
2 2571
5 651
1 4921
1 843
4 615
2 770
1 378
3 5082
1 6974
1 2631
1 8611
5 821
1 3135
3 8347
1 7788
1 854
1 2115
1 5477
5 180
2 6178
2 1478
3 1075
1 996
1 3464
1 3810
4 800
1 482
2 1207
1 1458
1 5716
1 130
2 859
1 1637
2 691
1 1917
3 578
2 98
5 131
1 8397
1 479
1 7463
2 676
1 7405
3 1039
2 617
1 3803
2 805
2 794
2 1774
1 4391
1 216
4 905
1 6569
1 1507
1 3333
3 767
2 1832
2 6067
2 1212
1 829
4 369
2 3227
3 2417
2 6830
1 4405
3 363
1 1362
2 3494
2 6863
5 293
1 799
1 2364
3 118
5 808
1 399
1 8695
7 960
1 4644
1 330
1 2386
1 759
1 4577
2 1031
1 2910
3 1030
1 1206
2 582
1 6497
1 8142
1 5366
1 1587
1 375
1 4498
1 7157
1 1355
2 2566
2 3390
2 5270
4 777
1 5006
3 144
2 272
2 1250
1 5582
1 7716
1 1559
7 1093
4 562
2 3047
1 5337
1 5224
1 120
1 7227
1 6447
5 596
2 7046
1 4270
4 481
1 7022
4 2743
2 4154
2 1758
1 2593
1 5309
1 699
1 1984
1 5049
3 955
1 5803
3 321
1 7193
2 351
1 2722
2 1201
4 696
2 7075
2 546
1 3630
1 4156
1 7669
2 783
2 1189
2 7290
1 6591
1 5083
1 1
2 7901
1 342
5 732
1 297
1 281
2 4731
6 307
1 7279
5 342
2 8350
4 307
1 5206
3 729
1 5224
1 4846
1 85
2 186
2 7888
2 4425
5 253
1 392
2 3756
2 1168
1 5687
1 3973
1 4505
2 6364
1 4294
2 314
7 1025
2 7078
1 193
1 5576
1 3503
1 7359
1 3854
4 428
1 1629
4 652
1 2682
1 861
1 5941
1 359
2 8131
1 8179
1 1286
2 1202
1 1044
4 845
3 171
1 5516
3 681
1 6244
2 1209
1 4505
2 6907
2 8141
2 1226
3 1224
3 812
1 291
3 1030
2 666
1 5386
1 2825
2 2422
1 1729
2 4007
2 128
1 205
1 4473
1 4315
1 5748
1 515
1 6981
3 2853
1 8699
1 7056
1 4276
1 3921
2 5875
1 3446
1 5155
1 3114
2 1040
2 2463
1 5850
1 4989
1 8025
1 2814
2 4534
1 8617
2 731
1 3017
4 495
2 4662
5 1229
3 813
2 3413
1 6570
3 4191
2 177
2 5630
1 8666
2 5254
2 486
1 987
1 545
2 741
1 1651
5 7652
1 5332
1 3402
4 835
10 746
1 1111
1 3483
1 794
8 753
2 861
1 5727
2 1865
1 3337
3 113
2 424
1 708
1 2837
2 6475
1 5914
1 6041
1 941
1 3645
3 4664
1 5926
3 656
1 5333
3 281
1 5944
1 7261
1 2789
1 1349
1 3001
3 4497
2 7920
2 622
1 6824
1 1043
1 295
1 3941
3 736
6 355
2 3955
1 2995
6 347
1 5654
1 3120
3 8316
2 1009
6 320
3 7725
5 387
3 4298
2 2138
5 16
2 7891
2 3767
1 578
2 1553
1 8439
1 3258
2 8556
2 5523
1 939
1 615
2 3282
3 142
2 7849
2 1135
4 351
1 7638
2 58
1 2171
1 2081
1 5156
4 167
3 772
5 353
1 7260
1 1472
3 169
3 877
1 3956
1 1015
1 4902
2 232
2 2862
2 1795
1 2146
2 902
1 4405
2 3440
1 5708
1 992
3 920
1 1167
6 676
1 3200
2 8572
9 609
1 1139
1 332
3 313
2 3861
3 163
1 4672
2 6321
6 1127
1 4022
1 2164
4 822
1 1043
1 4758
4 1131
1 4699
3 867
4 905
3 973
3 156
3 906
1 4923
1 88
1 970
1 2650
2 7942
1 967
2 6937
1 128
1 5109
1 1214
1 4563
1 4646
4 367
2 6376
1 2152
1 1006
1 6929
3 218
2 4013
2 1038
1 1172
1 1600
1 8620
1 5487
1 5744
2 223
5 1046
1 3239
1 1575
4 497
1 7712
1 4870
3 131
1 1776
1 2452
1 502
2 4542
1 5975
1 8541
1 2944
1 4275
1 3581
1 3834
2 5444
3 732
1 6103
2 6759
3 2360
1 6083
1 4866
2 8466
1 4260
3 942
2 995
4 596
1 916
1 7912
1 325
2 802
1 3225
2 5322
1 4960
5 171
3 5662
1 6617
1 6310
1 7162
2 238
5 132
1 8458
2 1074
1 1558
1 2757
4 332
2 1566
2 6416
5 1094
2 8717
7 1212
2 984
2 156
5 372
1 4803
1 3482
1 185
1 751
7 787
4 135
1 5879
1 7125
2 8397
2 1740
1 7203
4 804
2 8530
6 966
3 242
2 419
4 1205
1 2310
1 561
1 5308
2 1919
6 28
2 7642
1 2118
1 3451
1 3621
3 7956
3 7687
2 1152
2 4829
3 1055
2 5949
1 6549
3 649
1 6354
2 3807
1 5056
5 248
1 8127
1 1300
1 4530
2 741
6 561
2 175
2 709
2 7767
2 5406
3 1887
2 5877
1 7625
2 2165
5 433
1 8257
5 895
2 3094
2 5404
3 1264
2 2307
1 1096
1 803
1 8515
1 3407
2 7037
2 7478
6 64
3 288
1 8643
1 3862
2 1355
1 4047
3 774
5 811
4 28
1 67
1 6190
2 8261
4 900
3 156
1 4181
1 4958
1 7043
1 2246
2 8658
3 1024
1 6919
1 7645
2 689
1 6166
2 6128
1 5865
1 1534
2 5087
5 487
2 3654
1 4549
1 7812
1 694
5 341
2 8107
2 6301
1 514
2 4975
1 2341
2 1156
3 1034
2 827
2 837
2 6872
1 6589
5 821
4 700
1 292
3 480
1 8256
1 6405
2 4307
1 1899
2 7922
2 4996
3 5232
1 4531
1 5518
5 131
2 1513
2 3542
1 4673
5 779
1 5987
3 8697
3 8590
1 2983
2 4268
5 1087
1 837
1 6410
3 5507
1 6755
4 1246
1 234
2 82
1 7699
1 2538
1 3353
1 3941
3 3565
1 6700
4 685
1 659
1 7408
1 7733
5 1073
1 872
1 2531
1 7482
4 599
1 7600
1 2646
2 8530
1 5256
4 780
3 1901
1 3791
1 3073
2 996
2 5562
4 514
1 1785
7 428
1 6054
3 496
3 790
2 2908
2 5915
6 735
2 339
2 6317
2 241
1 4922
2 186
6 893
3 836
1 8659
2 1182
1 1870
1 3282
2 4246
1 1397
1 3764
1 8046
2 3413
1 1604
4 1189
1 688
3 1109
2 2931
1 6549
1 555
2 359
1 164
4 165
1 3832
6 517
3 910
1 1654
2 8450
2 5696
1 5465
1 7300
1 10
2 5376
1 4056
2 8212
1 918
2 173
2 6703
1 4527
2 8555
2 849
1 5270
1 623
1 5603
3 447
4 312
1 8151
1 2035
4 47
1 594
1 3624
1 2377
2 187
5 1081
2 1402
6 203
1 4164
1 315
1 5071
2 5732
1 7007
1 873
2 3547
1 8376
4 1049
4 502
2 3103
1 3596
3 622
4 740
1 1440
2 4312
1 5096
1 7456
4 101
5 187
1 5929
2 5347
1 7183
2 6454
1 7839
1 8105
3 42
1 2121
1 7342
2 205
3 1060
1 1029
1 1254
2 6207
2 8551
2 4145
1 3238
5 1200
1 2655
7 599
2 5925
7 1232
2 2072
1 4849
1 3931
1 6382
3 2810
1 1618
3 790
1 7648
1 624
2 747
2 669
2 5794
1 2082
1 585
1 4955
1 419
2 4661
2 8251
1 3953
1 484
1 6560
1 7762
2 6837
3 1167
5 903
2 8026
1 3987
3 107
2 1623
1 3448
2 466
1 2544
3 617
1 1992
1 5523
2 4563
1 5943
1 3021
2 1959
2 4874
1 1427
2 701
1 6923
1 919
1 1630
1 8538
1 3667
3 583
1 3181
2 3693
1 950
2 5063
1 1256
1 8199
2 3652
1 5021
1 1699
1 6078
3 1140
2 5809
1 646
1 2236
1 5434
2 7902
1 3368
1 1512
1 7220
1 3114
5 154
2 124
2 1134
1 8559
1 2118
1 7058
1 1785
1 6506
1 1215
1 2865
1 98
2 5312
5 1278
4 1250
1 5025
1 3994
2 1130
1 4053
1 3274
1 4385
4 1197
1 5886
1 4956
1 1632
1 1915
2 3746
2 6292
2 5447
1 3092
2 3869
6 348
1 8416
1 1230
1 8050
3 183
1 8305
1 6462
1 1998
2 4097
1 4413
1 3991
1 466
3 864
2 915
1 8401
2 4852
1 6064
4 296
1 954
1 5824
2 403
1 8433
2 1122
1 2544
5 744
4 1117
1 6159
1 5040
5 360
2 4711
2 7543
2 6568
1 7119
1 3854
1 4762
1 7465
2 5883
2 764
1 1050
2 8325
4 302
1 854
3 6646
1 3041
1 6021
1 6022
1 5575
1 3151
6 759
2 3642
1 7876
1 4811
3 716
1 8484
1 2215
2 3128
1 8291
2 490
1 2194
6 1200
1 8424
3 7877
3 890
1 8008
1 2369
1 1726
2 7094
2 2762
2 940
1 352
1 3685
2 1175
3 212
2 7367
2 6321
2 955
2 1808
1 1848
1 7685
1 982
2 5795
3 6817
2 8712
1 2447
1 44
1 333
2 3031
1 7498
1 7040
1 7732
1 2456
6 727
3 710
2 4659
4 987
6 89
2 1809
1 7635
1 6291
2 5602
2 1489
2 711
1 5109
2 3483
1 6862
3 2406
5 1176
1 2145
2 1015
3 630
2 3527
2 7399
1 3232
5 659
1 2597
1 5886
1 3860
2 5022
1 7500
3 819
1 3350
2 7843
1 5805
1 2096
3 396
1 2715
7 750
1 3969
2 769
4 594
2 1019
1 3363
2 4363
2 2312
1 1880
2 97
1 4886
1 4942
6 1023
2 7180
2 5547
1 1280
1 6908
1 6616
3 1964
1 1635
1 7776
2 1243
6 1160
3 33
1 5983
1 2697
5 1169
2 1237
2 962
2 8082
2 3228
2 570
1 352
5 806
1 6250
1 6389
1 759
2 408
1 4838
1 1058
2 4927
2 7160
3 1148
2 2933
3 676
1 7379
1 3166
5 202
2 5609
3 432
3 1005
2 32
2 8
2 446
1 525
1 4850
1 4319
4 1193
2 3874
1 6879
3 8085
3 399
1 8285
2 6282
2 686
3 43
2 5426
2 4569
2 463
1 31
3 9
1 5685
1 1286
1 4274
1 6048
1 2549
5 631
1 1691
1 5205
2 8424
2 8101
2 7085
3 1874
1 565
1 1871
1 3012
6 73
2 217
2 7430
1 132
1 1564
3 471
6 760
3 4214
6 527
4 125
1 3595
2 4830
2 3662
1 7106
1 1695
1 1706
2 1260
1 5212
2 7278
1 3014
1 7996
1 6553
2 5637
1 5423
3 1157
2 2983
1 3990
4 958
3 631
1 748
1 8191
1 4007
3 46
1 1119
5 936
1 324
1 8144
1 3714
1 5408
2 1596
2 169
5 1050
3 641
1 7639
1 868
1 1922
2 6518
3 2116
1 3745
1 8181
1 3802
1 929
1 5204
1 6620
2 240
1 823
1 6239
1 3981
1 6293
1 6675
7 202
1 4940
1 3021
1 8154
1 1036
1 1312
1 521
1 7268
1 7133
5 695
1 7253
5 1159
1 6613
1 420
1 2150
1 6244
4 1281
2 6992
1 5402
2 1922
5 180
6 17
1 2397
2 3096
3 634
2 4393
2 885
1 854
6 219
2 7278
2 5569
1 1331
1 7574
1 2880
1 6254
2 320
1 1532
2 8210
2 4171
1 1089
1 5837
2 2667
1 1228
2 4441
4 1004
2 6357
2 3611
1 6440
1 3383
1 8643
1 1252
3 1789
1 4533
3 1271
2 1165
2 6709
1 5604
6 594
5 809
1 2697
1 3651
2 7537
1 8279
3 1042
2 593
2 1893
1 202
1 4637
1 4614
1 7465
1 5912
3 1208
1 188
6 597
2 4708
1 2942
1 8213
1 6005
1 4030
1 2094
1 5837
1 6219
3 1242
1 8389
2 819
1 8111
4 1085
2 7492
2 7485
1 7974
1 5773
2 4830
1 740
3 3797
1 2407
1 8115
1 355
2 1554
1 2648
1 316
1 8505
1 747
1 2991
1 1755
5 357
4 1090
1 7279
2 8140
2 7899
4 489
1 2315
2 4061
3 1016
1 5020
3 895
1 4520
1 8430
1 54
1 3635
1 2726
1 4082
3 501
1 8408
1 5357
2 1123
2 1277
1 7232
1 4857
1 1014
5 294
2 889
1 588
2 70
1 5755
2 4900
2 441
2 5279
1 8190
1 106
2 7018
4 1173
1 6693
2 1280
1 7202
6 517
2 3066
2 6050
3 1233
1 2617
2 5091
3 99
2 2778
3 84
1 671
1 6051
1 8010
2 2324
1 8621
1 4073
5 896
1 2749
1 8338
1 2457
2 3737
1 6857
1 6359
1 5079
1 6840
1 7045
4 278
1 2636
1 4530
1 1880
3 376
3 955
1 4502
1 1609
1 4201
8 1047
1 850
1 7110
1 3979
2 7535
1 6821
1 5364
2 5238
1 2178
2 792
1 8292
1 2177
1 895
1 2562
1 5952
1 627
1 2932
4 817
1 4686
1 4657
1 547
1 5352
1 5515
2 676
1 6569
1 6532
3 804
3 554
1 7100
7 93
2 517
3 1980
1 938
2 230
1 8487
4 20
1 4249
3 845
3 851
1 5725
1 5845
2 4299
2 1632
1 4487
2 7229
1 6430
1 8005
4 3690
3 1255
1 6581
1 5550
4 566
3 2329
3 444
1 3775
1 8258
2 2282
1 7180
2 4516
3 431
3 1117
2 6767
2 7771
1 4653
5 76
1 5309
3 789
1 3424
1 2727
5 103
1 8676
1 8088
1 8052
1 7177
3 913
2 6351
1 2022
3 4505
1 216
1 4123
1 8280
1 3584
2 1801
2 8112
1 584
3 91
1 6354
1 244
3 5673
1 4765
2 5421
1 2492
1 7813
4 1173
1 3737
1 5326
3 1131
1 4639
1 3880
6 238
3 416
1 918
3 3090
1 2945
1 7817
1 4977
1 1343
3 3871
1 6587
2 4919
1 6001
1 3185
2 3959
2 3198
1 300
1 754
1 55
1 4145
3 790
5 8542
8 1052
3 74
1 2760
2 596
1 1844
1 7398
2 4776
1 240
1 17
4 6560
5 724
3 286
1 7574
1 7130
2 835
1 4098
1 8590
2 7269
1 1084
1 1488
1 2969
1 6439
4 575
2 1047
2 5284
1 6816
1 2968
1 8511
1 2297
1 397
3 785
2 7143
2 405
1 5225
1 4673
1 2600
1 6426
1 853
2 231
1 6671
2 944
4 2852
3 3913
2 596
1 8076
1 254
1 4182
3 162
1 3122
1 2654
2 568
2 790
6 775
2 1820
6 1049
1 575
5 910
4 213
2 121
7 327
1 8616
1 124
1 7548
1 6985
2 7139
1 8299
1 1449
2 6223
1 5511
1 6344
2 2685
1 1740
1 4745
2 3752
1 347
1 2944
8 335
2 8199
1 1675
4 517
3 259
3 214
2 821
1 5828
5 667
1 1153
1 851
1 2867
2 332
2 6014
1 7967
2 5042
2 246
1 478
1 6339
5 216
1 6842
1 3314
2 4840
4 1261
1 4426
2 6635
2 7534
1 6967
3 8301
5 1025
1 5272
1 4166
3 4686
3 610
1 7686
2 370
1 2777
4 548
3 405
1 6037
1 213
2 3521
1 4716
1 4417
5 405
1 8022
1 4967
2 1427
7 547
5 669
1 4210
1 1108
1 3364
3 258
1 4686
1 7240
3 442
1 1024
1 6965
1 7839
4 946
2 5903
1 6089
1 3114
2 1654
1 1133
6 705
3 5575
1 4064
4 35
3 294
1 6345
3 3782
1 4519
1 4887
1 8209
1 3357
2 2723
1 3488
1 1489
5 477
3 937
1 5892
1 6229
1 1416
1 7678
1 5911
1 4924
1 7979
2 8004
1 933
2 8466
3 3662
1 4346
1 934
1 2895
2 6339
2 6841
2 942
5 1272
1 4492
1 5953
1 4982
1 5218
1 4457
1 1595
1 7257
2 5412
1 3055
4 309
1 1210
1 4196
1 1023
3 7989
5 1176
7 1052
4 1001
2 727
4 65
1 8555
1 228
1 6008
1 121
1 456
2 2596
1 236
1 331
2 2942
7 608
2 1038
1 2231
1 7524
1 4453
3 484
1 886
1 6599
1 1203
1 5897
1 947
1 5425
4 1151
1 5086
1 2900
3 136
2 4702
3 943
4 952
2 5716
1 6262
1 5139
1 1256
2 4047
4 92
1 3234
1 1190
6 557
3 3128
3 476
1 667
3 1019
1 5924
1 4735
5 648
1 5531
1 3197
2 5477
1 142
2 838
1 7879
1 7549
2 8690
1 796
1 7521
1 5757
1 4533
2 477
1 7808
1 5674
6 1101
2 7782
1 6
3 16
1 7395
5 376
2 4606
2 3801
3 911
1 3077
2 4278
1 3245
2 438
1 6593
1 8076
4 2558
2 6537
4 1191
1 7313
3 4900
2 6840
3 96
2 1113
4 383
4 1097
1 4487
2 2031
1 3671
1 1198
2 1039
1 5404
2 2846
2 8259
1 8243
2 1271
5 51
3 918
2 8086
1 8262
4 336
1 2060
2 2183
1 4166
4 821
1 2787
3 513
2 3905
1 7544
1 4492
1 6851
4 571
5 1046
1 220
1 1379
2 3910
2 4206
3 8465
1 7382
2 1909
1 862
1 127
3 1434
2 6189
1 4091
5 804
2 907
3 1561
1 6955
2 3165
1 8537
1 7686
1 3305
1 3247
1 6769
1 8204
1 6925
1 7036
7 677
5 251
1 427
3 5234
2 793
1 6695
2 2800
2 2607
1 6458
1 4312
1 3290
1 5697
3 704
6 45
2 4296
1 4014
2 2507
1 5173
2 2535
2 1040
1 3786
1 2322
1 6091
2 6591
1 6038
6 644
1 5084
1 2526
1 3039
4 3
2 4081
1 4083
1 8168
1 4509
2 7382
1 6131
1 2241
1 5342
1 2355
1 501
2 4238
4 590
2 1398
3 1076
1 5522
2 660
4 7450
2 883
1 358
2 7479
1 7265
1 1793
1 1180
4 657
1 6209
4 816
2 8562
1 8515
4 994
1 8177
6 238
2 7335
1 2061
2 4636
2 258
3 509
1 1148
3 339
1 3359
1 3888
1 2466
3 6112
2 2864
1 1614
2 7
1 7385
5 176
5 869
1 7609
2 4840
1 1793
1 5412
1 6222
1 6580
5 1108
2 9
5 671
2 6776
1 1692
1 6186
1 3437
1 8702
1 4976
2 7199
1 646
2 154
5 854
1 8560
2 7312
2 1900
1 7270
2 3160
1 6760
1 6284
1 1473
1 7612
3 730
3 335
3 607
3 5766
1 4554
2 187
6 275
3 751
4 1256
2 1368
1 35
2 7443
1 5528
2 7967
3 1050
1 8472
1 7696
1 3654
2 920
2 432
2 5896
2 7370
1 7574
1 3142
5 1080
1 6338
1 1909
1 6073
2 976
3 740
2 1167
7 211
1 1213
2 6643
1 4600
4 788
1 1434
1 80
5 103
1 5369
1 4201
1 7249
1 2261
1 6971
2 1685
1 3992
1 500
1 8537
4 542
6 629
2 6192
4 1110
1 4613
1 3132
1 7190
2 1083
3 433
1 7858
3 1209
2 3862
1 6750
1 1653
2 72
1 7114
1 1402
5 928
2 3682
1 6038
4 266
2 713
2 1093
3 529
1 1829
1 3181
1 1431
4 512
1 8154
2 1086
2 5045
1 6613
1 4069
4 355
2 3424
1 2099
1 5334
1 7611
3 1498
1 8009
2 5220
1 6786
1 8266
2 567
1 153
4 918
1 371
2 6501
3 1997
1 6729
2 989
1 242
1 7797
4 432
1 1653
2 513
1 2072
1 3810
3 839
5 320
5 333
1 7278
2 3526
1 1875
1 1717
3 513
2 3000
3 5812
2 896
3 956
1 824
1 3057
2 1492
1 2444
5 213
2 89
2 7041
1 512
3 83
1 8571
4 1202
5 982
3 846
4 619
1 5882
1 452
5 36
1 3236
2 7969
1 7436
1 7930
2 6674
1 1911
2 3456
6 66
1 7698
1 2881
1 327
1 7141
2 3811
2 11
3 1110
2 5887
1 5157
1 2523
1 3185
4 1148
1 3305
1 7088
2 4279
2 6820
4 1204
2 6183
2 1842
1 517
2 1198
3 2110
3 364
1 4954
2 1045
1 5719
2 545
3 664
2 4048
1 7935
1 614
4 446
2 6432
1 5101
1 1603
2 7807
1 2623
1 56
2 1635
3 1019
1 4092
3 81
1 344
1 2520
1 2545
2 360
4 1257
1 3740
3 598
4 118
1 2352
3 6147
2 5812
1 6510
2 8655
5 9
1 5986
2 1284
1 8173
1 7619
1 1347
1 2021
1 5862
1 3021
2 3568
1 2334
1 2056
1 5174
2 6122
3 1143
2 918
1 4896
1 1184
2 6786
5 805
1 733
1 1825
2 7708
3 3567
4 60
1 376
1 4414
2 7373
2 3294
3 32
1 3734
1 74
2 7063
1 7379
2 5753
1 1958
1 5545
1 6011
1 6192
2 4975
3 797
3 3661
1 7886
3 2103
3 320
2 514
3 32
1 6337
1 3216
3 7040
1 4939
2 494
2 1075
1 1298
3 262
2 7964
4 630
1 712
2 386
1 3830
1 5542
1 4207
1 2855
1 938
2 3210
1 3081
2 982
1 4772
1 54
1 5767
1 8159
1 954
3 1230
1 32
1 5150
2 7153
1 2894
3 958
1 1941
1 4766
5 336
2 3817
2 132
4 221
4 7234
1 3254
4 723
1 1647
2 6658
1 4222
3 610
1 7089
2 2162
1 555
2 7864
1 2142
3 750
1 3241
1 2981
1 7007
1 5009
1 5297
1 8514
2 8707
4 727
4 1192
1 414
1 1131
2 8209
1 7327
1 1690
1 4238
1 2097
4 7924
2 1794
4 933
4 835
1 7805
3 252
2 234
1 1765
2 5141
2 704
1 6479
1 3136
4 533
1 8647
1 981
1 1084
1 2538
3 713
4 134
3 7929
2 5402
1 149
1 6234
5 1139
2 6612
1 6442
1 2359
4 1243
1 6221
1 4394
8 496
1 3870
2 922
1 7288
1 7967
5 289
4 67
1 4919
2 1062
3 765
1 2833
2 1257
1 6917
6 368
2 8647
1 4146
1 4424
2 1075
1 7881
3 7405
2 1159
1 1740
4 1381
2 2242
1 5744
1 4023
4 1274
2 3778
5 658
4 2551
1 5808
4 1093
1 918
1 5042
1 2815
3 1277
2 94
1 3968
3 88
2 8410
5 229
3 45
1 7971
1 7847
1 3784
7 364
6 45
1 5529
6 105
1 6573
1 330
1 4976
2 3159
1 4773
4 1179
3 610
2 166
2 5551
2 6851
1 8443
2 4859
1 2760
5 1225
1 2471
2 3188
2 507
5 83
2 3160
1 3633
1 4713
1 1633
1 5269
3 733
2 3783
1 7154
1 5201
6 652
1 408
1 6062
4 757
2 8202
1 8245
8 210
2 5557
1 1248
2 584
2 756
6 400
1 2361
1 3441
3 787
2 121
1 5609
1 6077
7 210
1 5918
2 5381
2 796
3 135
4 985
1 8432
4 856
2 7733
2 1267
2 726
5 477
2 1668
4 1194
1 3170
4 1235
4 412
2 1920
1 8270
1 5338
1 4745
1 7234
3 1054
1 5045
1 8275
1 7412
1 6130
4 104
2 6152
1 1688
1 7529
1 3835
3 1106
1 5722
1 7640
1 16
5 277
1 2629
2 1272
2 880
1 4752
2 6469
1 6798
1 7919
1 1632
2 5087
1 2605
1 298
2 7276
1 8061
2 8698
3 5006
1 1173
1 3131
2 3278
3 3038
1 4231
5 5
1 8334
2 314
1 4640
1 5083
1 2662
2 23
1 1580
4 1088
4 408
1 2163
1 2059
2 754
4 260
2 8289
1 1434
5 480
3 519
8 431
2 1151
1 3807
1 2599
4 848
1 3786
1 7107
1 8682
2 2487
2 617
2 588
2 3394
5 1105
1 6401
3 650
6 48
1 5705
1 1625
1 6218
1 3238
1 5058
1 4847
1 1846
1 5908
1 3223
1 7336
3 1257
1 580
2 317
1 8611
1 5792
1 30
2 1901
1 4006
2 6309
2 3718
1 4272
1 4928
7 173
1 8484
2 7862
2 7917
1 228
1 4117
1 279
1 4835
2 5305
2 2882
1 8001
1 328
3 1229
2 6291
2 951
4 370
1 1047
1 6930
3 1127
2 6925
1 7141
2 852
4 712
1 6931
2 2191
3 8040
2 6178
4 518
1 3235
3 109
1 1098
1 8041
4 690
2 4147
1 4262
1 1242
2 5261
1 5532
1 5283
1 7846
5 572
2 24
1 7345
2 4552
1 1505
2 1834
3 3652
3 744
8 1021
1 5077
1 3523
1 6401
1 51
1 125
2 3043
1 7053
1 3728
1 7883
1 3291
3 6587
1 8370
1 8160
1 7152
1 8593
1 2850
2 924
2 4404
1 8246
5 149
2 3564
1 4434
1 2339
1 1091
2 2580
1 3192
4 587
1 5644
1 3984
1 5309
7 795
2 318
4 53
2 1150
1 8562
2 4459
1 6528
2 5833
1 6814
3 4967
1 7131
3 1195
1 2291
2 6597
1 8430
1 6731
1 4074
1 7604
1 495
1 6386
2 444
1 5993
1 7921
1 5787
1 5401
3 7286
3 179
5 291
2 4508
5 124
1 5462
3 1087
1 3804
5 1250
3 4184
3 710
1 5055
4 1263
2 1251
2 655
1 5427
1 4778
2 3508
1 5472
2 532
2 7239
2 882
1 1646
2 7985
2 8600
1 3232
3 6405
1 7784
4 471
1 3488
2 1767
1 6548
3 716
4 194
1 1764
5 116
1 109
1 7087
3 1217
2 454
1 3510
1 4702
1 7330
1 5136
1 1357
1 4093
1 1982
