1000 3603
971 970 90
680 666 93
104 103 81
649 226 100
116 115 87
583 471 80
988 895 100
839 676 96
786 92 94
703 702 81
489 295 93
94 93 91
419 135 89
990 988 86
908 332 85
1000 265 82
892 760 87
355 64 86
762 707 88
859 829 95
997 807 87
996 927 92
849 848 91
924 870 98
35 34 92
716 276 91
864 409 99
800 799 92
718 544 80
347 346 96
986 304 93
391 368 82
983 845 91
698 558 100
919 867 88
757 501 80
847 746 99
995 746 92
166 95 86
997 992 95
727 726 93
593 261 94
431 430 86
850 220 96
795 670 96
467 235 86
976 62 89
632 631 83
827 773 83
48 47 100
979 508 81
160 90 83
707 272 94
993 965 92
462 60 99
282 281 96
984 638 93
809 529 94
761 658 88
870 700 91
717 662 84
467 111 98
886 858 100
756 239 97
1000 986 80
523 257 83
407 260 84
960 772 82
961 785 91
359 12 99
965 889 82
599 598 100
762 507 100
985 981 96
445 444 84
844 811 81
981 940 81
872 871 95
453 329 91
869 520 93
356 355 94
847 260 89
830 258 100
918 767 92
269 268 83
794 772 83
175 174 88
884 571 85
1000 999 83
934 212 98
718 162 100
986 752 85
837 772 93
836 630 83
865 740 83
734 577 99
992 980 89
514 513 94
717 571 83
850 849 92
828 827 81
814 807 91
243 30 90
30 29 99
693 506 99
690 599 91
834 293 85
826 653 86
911 902 93
378 240 92
487 486 92
494 193 94
772 771 84
962 547 99
650 181 89
309 308 97
659 643 95
452 211 80
559 423 94
940 770 80
600 566 96
854 489 86
832 612 95
671 449 88
253 252 98
418 417 99
488 395 91
545 253 80
696 81 87
218 217 89
910 347 81
186 185 80
968 737 97
335 290 92
972 925 95
286 285 98
987 671 85
990 715 96
996 286 99
971 909 87
652 527 84
542 368 86
609 608 99
323 322 93
766 506 81
867 779 86
303 223 84
990 989 86
863 278 80
955 886 96
431 4 92
494 355 92
946 733 84
832 496 85
820 261 100
845 412 95
703 700 86
925 91 100
894 382 99
680 127 96
658 260 98
611 474 86
983 980 98
956 873 90
994 504 94
902 847 80
732 352 93
811 801 81
438 302 93
521 520 100
89 88 95
101 100 82
302 232 89
378 364 88
496 461 99
279 278 93
172 171 98
999 901 95
39 38 97
995 356 80
875 870 87
784 549 92
968 967 89
69 68 99
626 586 90
958 957 82
78 77 85
865 794 90
136 135 80
764 763 85
742 572 100
373 284 81
670 669 88
517 406 81
954 881 86
613 353 80
670 374 91
859 489 95
512 511 88
224 49 91
683 682 96
975 961 82
216 42 93
673 328 89
696 665 97
736 411 92
378 158 100
901 151 98
886 336 96
691 212 81
55 54 82
968 747 94
993 953 88
793 527 95
980 957 82
625 411 89
866 865 89
823 768 93
976 896 92
209 180 90
801 377 81
630 564 90
313 121 86
985 796 97
42 41 88
19 18 90
343 342 98
239 238 92
822 754 83
908 793 88
376 359 83
333 203 82
973 971 83
802 801 87
725 724 93
677 676 83
368 367 88
627 231 99
221 220 98
681 505 86
898 425 97
802 801 90
894 183 96
535 534 98
441 32 100
944 662 83
695 217 83
897 284 81
997 967 98
695 694 92
939 728 91
464 444 86
395 394 91
363 29 85
989 895 85
844 167 82
923 148 99
1000 296 89
721 173 86
786 530 84
905 904 92
752 607 93
941 459 80
985 979 91
344 295 90
991 980 84
679 649 80
876 875 94
545 544 100
328 16 85
115 114 95
851 750 80
985 980 97
307 122 83
638 552 85
995 348 83
920 771 99
98 97 97
966 946 86
557 113 98
782 700 83
670 28 82
984 846 85
741 498 86
802 742 83
999 994 88
636 413 92
915 82 89
522 324 85
983 584 84
11 10 80
447 118 88
343 202 96
970 957 89
837 724 92
589 588 90
932 556 92
831 830 81
476 331 85
917 777 96
967 964 91
672 64 89
584 572 88
879 864 83
797 670 88
993 746 92
982 912 93
582 558 92
869 278 86
971 764 90
938 937 80
669 76 87
965 964 98
714 713 80
968 950 90
897 716 83
353 352 90
416 415 91
201 197 87
553 329 81
992 977 83
999 998 84
974 872 88
988 712 96
789 631 94
968 959 94
603 145 80
775 531 97
903 880 83
406 283 95
891 814 100
567 252 92
995 872 90
559 369 94
57 49 95
315 314 87
510 338 95
696 695 86
859 357 91
988 536 84
232 186 93
781 202 100
627 626 87
650 335 80
1000 897 96
957 945 87
317 316 90
977 869 97
755 754 90
92 91 91
911 162 88
998 971 98
859 752 97
663 662 80
852 670 99
954 686 98
711 194 88
107 106 80
983 816 95
29 28 84
967 942 80
843 210 89
440 439 96
927 769 95
310 167 82
496 455 86
572 571 98
292 275 85
857 351 94
172 96 81
917 887 88
95 58 91
898 897 84
902 671 84
982 981 86
826 603 88
767 544 80
1000 999 99
862 274 81
190 189 80
462 430 91
677 168 80
858 857 95
902 658 81
810 528 91
397 385 89
348 347 96
821 313 92
801 800 94
735 734 92
867 770 83
994 919 83
742 741 84
773 299 85
951 642 88
393 392 93
526 525 81
970 938 96
819 774 86
377 376 100
859 811 96
448 88 89
846 790 99
707 654 91
917 326 87
545 457 96
314 207 82
291 290 98
386 385 83
574 254 85
578 250 96
610 511 89
131 73 82
423 256 95
915 666 90
396 395 91
768 767 87
129 128 91
770 613 98
979 514 97
779 698 92
996 995 87
901 476 93
777 650 100
617 212 95
384 383 87
664 161 81
882 827 98
162 161 100
694 395 91
864 564 80
940 922 85
703 612 90
824 249 80
974 318 99
658 68 98
406 405 89
889 833 84
251 250 94
452 451 96
983 822 100
866 781 94
844 778 93
761 685 80
325 324 84
818 543 81
148 10 93
619 618 93
293 292 99
430 42 95
467 466 88
83 82 88
931 624 99
762 603 100
913 792 81
1000 999 93
890 556 82
869 273 93
698 619 85
994 904 93
946 938 92
28 27 81
945 928 87
440 350 93
689 207 90
623 211 83
988 978 84
982 646 83
468 467 94
955 907 92
661 507 90
91 90 81
560 559 80
176 175 100
146 32 81
556 555 98
932 673 90
762 656 80
987 371 90
668 379 82
961 888 88
421 111 90
827 24 98
887 829 91
818 633 96
458 457 88
974 968 98
700 223 85
177 162 94
451 101 83
989 30 97
446 445 82
763 745 89
824 149 100
515 122 84
322 321 84
757 60 89
818 778 94
995 986 97
735 682 89
528 527 84
489 488 83
582 581 82
79 78 87
959 651 86
233 232 100
972 971 83
108 107 90
181 180 89
728 496 90
884 573 80
375 374 95
926 528 90
733 732 83
919 864 91
656 400 99
932 781 94
290 289 90
952 310 87
682 653 84
775 573 85
56 55 92
268 142 95
630 316 96
982 906 94
966 650 93
666 508 93
863 862 80
773 772 82
817 86 96
823 822 92
956 408 100
899 435 88
940 939 96
792 791 84
993 692 85
308 307 99
607 120 90
605 604 80
790 170 94
794 793 89
607 492 95
974 861 83
950 536 87
287 286 87
71 70 86
791 790 94
368 225 87
726 689 91
560 552 97
754 753 94
34 33 83
717 598 81
991 990 89
765 570 82
890 846 93
139 138 98
943 494 84
817 107 88
942 887 86
984 969 88
793 151 89
992 984 97
973 880 86
546 545 92
349 106 82
386 96 100
455 397 97
582 207 91
972 862 98
597 136 92
625 624 91
84 83 93
856 855 81
698 55 95
808 586 100
961 921 96
988 795 87
636 489 99
965 927 88
332 331 82
730 594 91
695 612 98
983 975 97
939 938 80
949 814 97
341 340 86
792 726 82
955 485 99
991 942 85
951 553 85
193 192 84
997 866 90
715 229 85
697 610 100
835 759 96
819 170 97
836 835 81
887 845 91
625 372 85
671 487 97
772 223 88
945 944 81
636 635 80
731 213 98
59 58 83
726 725 95
718 645 98
785 784 87
812 671 81
418 202 92
264 263 94
568 268 90
208 207 94
681 130 95
796 695 84
985 869 83
810 159 91
900 654 92
590 260 100
998 187 86
985 966 96
748 313 83
52 51 82
576 575 94
885 843 92
626 551 83
951 583 92
824 708 87
996 734 93
596 500 95
984 481 88
592 27 95
894 805 83
691 364 99
230 229 84
241 240 82
920 701 86
350 349 88
975 883 91
333 308 85
577 438 89
974 891 91
793 559 95
751 497 93
867 859 87
132 61 82
859 805 100
636 543 89
682 681 81
273 272 96
987 939 85
496 14 88
779 703 89
930 79 85
630 619 83
769 768 82
968 559 82
51 50 100
340 339 81
956 685 85
621 620 93
672 671 96
547 546 91
870 869 81
342 341 98
352 319 87
558 557 96
267 266 81
971 862 87
568 104 89
909 653 93
909 908 96
477 62 86
651 552 82
605 543 99
964 907 83
861 434 82
610 609 87
235 234 89
818 817 98
654 290 86
878 151 85
938 680 87
174 114 89
502 328 82
789 788 88
991 968 89
622 621 95
925 485 98
516 42 93
693 692 85
310 309 82
434 69 82
656 128 97
988 916 93
312 217 96
539 43 87
303 302 80
905 496 96
986 379 89
751 750 97
989 966 95
689 339 90
804 722 88
90 89 88
633 632 88
932 822 96
586 26 84
349 348 85
930 923 80
911 521 85
658 657 90
676 578 100
832 7 93
312 297 85
494 493 80
992 984 86
424 66 84
410 65 84
728 727 88
364 363 82
481 480 87
182 181 98
957 534 92
383 382 100
968 873 89
865 371 97
758 574 81
461 187 80
804 694 87
948 923 83
424 356 100
567 276 84
185 184 83
907 756 94
982 766 96
360 95 80
720 649 96
850 629 99
241 67 87
664 555 89
847 719 90
975 900 100
944 935 98
871 569 89
811 711 90
969 499 94
759 436 92
508 419 100
848 847 96
75 74 81
854 567 82
910 857 93
696 609 89
237 236 85
770 288 87
577 371 85
787 553 96
997 475 82
920 747 93
952 884 90
303 176 82
998 987 91
428 255 90
668 372 96
814 813 84
488 487 82
666 460 88
854 142 91
638 539 87
775 568 94
858 687 92
963 962 94
96 95 95
949 916 94
482 481 81
130 129 92
893 287 83
997 802 87
760 759 87
799 600 88
991 687 91
783 782 99
33 32 86
986 985 80
801 335 97
818 286 99
948 327 85
171 170 97
999 952 92
410 321 92
17 1 100
996 761 93
682 507 80
873 699 92
438 314 100
881 880 96
746 745 86
969 602 91
934 933 93
912 389 98
788 608 86
889 834 86
502 143 96
668 532 90
884 601 81
814 469 87
687 460 81
197 196 87
108 39 88
964 887 94
623 277 93
559 558 88
400 54 87
721 267 90
934 899 93
952 932 97
935 775 88
624 349 97
982 817 88
736 735 88
321 320 81
386 294 87
993 492 98
624 34 82
655 443 93
802 456 83
463 462 100
991 223 93
505 504 93
518 14 98
718 709 90
724 265 80
990 925 100
748 665 84
995 945 86
334 201 81
903 833 98
582 35 96
957 956 93
811 72 93
874 711 88
973 807 83
966 861 83
706 296 80
959 60 83
981 570 93
476 452 100
455 334 86
581 257 96
944 943 99
999 895 87
526 18 81
817 298 89
992 988 94
501 500 99
759 758 98
785 562 96
927 362 91
497 341 93
175 93 92
900 899 87
708 659 99
953 791 91
194 127 83
721 460 94
609 36 90
68 67 85
970 704 95
778 293 80
932 911 93
986 17 89
983 913 84
789 666 94
779 541 80
338 337 92
967 10 80
464 463 81
552 293 97
972 589 95
816 815 82
915 914 94
954 791 91
479 478 96
507 506 83
886 874 87
477 338 93
938 583 94
802 499 94
899 534 86
20 19 94
952 200 84
310 217 90
514 402 91
899 581 94
556 12 85
952 759 93
964 506 94
972 964 100
813 789 93
545 195 84
992 984 96
405 16 99
178 177 86
772 417 97
378 377 100
947 864 83
169 168 99
195 194 88
751 741 91
875 573 82
978 961 91
999 857 87
942 340 97
103 56 92
818 624 92
921 920 80
299 298 83
714 140 96
654 653 93
964 865 86
993 936 97
479 410 90
973 796 99
942 941 98
811 753 99
992 940 93
986 963 87
429 240 85
593 356 92
966 953 94
95 94 96
895 673 99
845 758 95
998 928 80
604 603 95
108 54 96
451 405 87
432 431 100
865 864 83
924 801 86
24 23 90
932 615 98
855 590 85
996 964 83
654 293 96
936 892 84
770 584 96
924 923 87
880 849 82
751 656 93
845 830 99
724 49 86
868 619 85
667 591 85
891 292 98
29 23 93
791 550 81
327 326 84
810 579 88
578 577 88
929 776 83
582 505 91
903 6 91
409 408 84
857 856 86
643 642 99
947 926 81
950 949 97
343 141 88
708 545 86
762 761 94
328 327 84
513 356 98
595 594 98
976 930 89
994 924 98
113 112 98
951 939 84
796 791 88
459 458 84
967 904 98
865 670 85
351 350 90
839 330 92
806 805 90
719 458 84
830 430 93
357 356 88
949 410 97
922 803 92
790 597 100
842 804 93
730 62 100
880 879 97
998 996 99
508 406 94
443 442 100
563 214 86
971 819 92
905 219 94
822 429 82
843 741 84
249 248 94
957 837 80
476 280 86
422 421 85
871 870 86
820 758 86
823 51 99
898 123 87
123 60 98
647 646 81
918 908 92
502 501 99
390 389 99
584 572 82
622 148 87
429 197 98
540 539 94
965 268 80
593 592 87
506 95 98
352 342 80
7 6 86
985 360 87
294 111 84
824 823 91
821 764 89
954 953 93
867 854 96
871 701 93
119 118 94
533 453 93
294 293 88
228 227 82
666 665 80
962 135 92
821 820 89
148 147 90
929 915 91
904 788 88
793 788 88
528 427 86
965 374 95
862 661 88
993 983 86
952 425 96
999 930 97
988 842 97
865 793 86
646 454 81
302 301 95
867 866 97
263 262 94
177 176 100
312 311 93
992 990 84
955 954 85
637 29 99
21 20 100
908 835 94
508 175 100
530 519 93
746 599 89
824 720 90
822 502 98
8 7 86
720 719 90
825 760 81
732 509 96
231 230 100
163 162 85
686 66 87
23 10 92
551 266 93
993 992 94
575 409 96
267 14 90
887 206 81
939 248 93
888 604 81
903 864 98
590 190 84
549 261 90
947 735 85
814 798 97
873 872 95
436 435 90
920 395 93
409 402 85
840 397 96
971 959 99
719 115 93
515 514 93
932 611 80
948 46 83
879 85 99
32 27 81
773 660 83
152 151 81
857 637 91
646 479 89
913 735 91
578 494 84
60 59 91
665 664 91
531 530 97
744 743 84
151 146 97
977 964 80
975 648 90
492 274 89
702 657 100
730 469 95
476 475 95
271 114 91
915 312 95
282 152 100
841 761 91
284 141 88
798 797 88
318 317 96
885 247 98
474 73 82
723 231 94
637 636 91
995 994 92
848 595 91
259 182 93
908 799 80
524 503 94
969 596 100
203 202 80
123 122 94
658 340 90
966 329 95
683 464 85
959 938 85
797 490 84
344 343 99
991 988 87
442 145 85
725 380 82
374 239 90
69 8 88
868 867 100
900 316 82
542 59 87
712 634 97
192 65 83
998 879 87
913 912 80
796 795 84
526 109 88
989 966 96
380 248 84
820 24 98
396 164 84
956 497 84
700 612 97
643 326 97
88 87 100
999 997 81
163 17 92
925 511 91
843 769 93
248 247 81
941 11 95
320 190 83
446 91 100
970 831 90
874 873 89
626 625 100
1000 968 89
949 483 88
918 128 97
341 247 84
660 176 95
465 132 82
814 660 93
892 860 80
955 555 84
695 536 86
624 623 90
81 80 91
929 461 86
996 989 88
678 392 81
616 389 100
851 850 83
785 622 84
100 99 87
750 749 93
937 828 98
517 516 96
986 316 91
502 304 99
201 200 82
498 497 95
931 930 84
132 131 86
870 847 93
324 82 99
202 197 87
537 536 81
997 990 80
410 171 99
903 508 85
643 420 86
799 798 89
278 277 94
57 8 85
251 178 84
825 824 97
214 208 100
908 907 91
485 484 97
820 120 90
803 378 90
423 123 99
797 796 100
999 611 92
109 108 97
758 604 84
593 239 81
399 398 80
795 450 84
835 285 90
963 919 93
608 575 84
660 41 83
868 207 90
760 471 86
694 612 87
988 980 84
489 86 94
548 547 95
983 947 85
631 139 100
829 828 81
976 548 85
687 686 83
806 151 87
576 432 83
960 236 93
989 977 96
725 629 86
735 696 86
717 540 80
940 622 98
918 764 98
981 614 85
760 729 85
786 785 80
966 121 97
878 877 80
855 854 82
896 816 97
981 392 92
539 257 97
872 859 82
532 531 98
253 195 86
639 638 93
1000 966 80
792 448 81
982 816 99
689 604 84
699 165 91
750 309 88
675 674 89
851 848 90
725 411 84
896 811 100
932 803 87
166 165 85
677 627 87
419 418 95
553 353 85
691 690 83
722 335 96
945 872 93
917 631 87
845 844 98
584 583 87
748 652 99
857 732 84
671 670 86
966 965 90
699 417 98
886 612 95
468 298 85
680 46 97
929 928 94
788 554 88
303 191 96
891 818 91
445 415 88
719 411 89
534 336 94
800 598 93
903 549 97
998 997 88
541 336 80
811 294 81
578 539 90
147 146 98
734 61 96
401 15 94
839 838 87
141 140 97
859 615 81
853 852 81
973 972 83
928 927 90
698 397 100
992 932 84
411 410 99
329 328 85
698 697 88
448 242 82
489 275 91
79 50 94
868 769 92
844 785 82
617 505 91
710 709 100
992 991 85
146 145 82
660 652 90
532 264 88
833 830 94
920 849 85
822 35 84
395 130 92
834 833 89
969 968 82
918 917 92
192 159 94
855 495 90
26 25 84
561 560 84
660 603 98
770 731 89
575 574 89
880 490 81
539 302 96
899 204 98
978 512 98
546 294 81
961 953 98
827 76 81
914 902 92
668 667 85
811 636 92
997 996 96
663 383 94
938 899 100
645 2 91
491 368 98
379 242 99
999 988 96
198 197 96
947 946 93
425 272 84
848 3 96
985 164 89
914 735 83
646 645 92
553 552 97
779 508 80
821 202 98
928 550 82
951 948 91
261 64 99
946 599 92
693 394 92
991 579 100
965 701 98
978 934 99
963 63 93
1000 999 93
496 272 86
964 940 82
391 140 88
817 713 98
885 872 88
799 717 84
905 525 89
959 856 83
695 488 98
930 908 95
723 722 94
749 85 88
149 148 94
271 270 93
992 649 85
757 727 92
894 515 90
280 268 87
523 522 94
511 484 97
935 411 91
883 882 98
306 305 93
959 943 91
805 621 96
896 566 87
930 929 97
727 628 95
833 661 86
863 859 92
964 963 93
899 787 81
229 75 86
351 279 97
854 769 92
85 84 96
674 673 86
361 100 100
346 345 84
943 942 91
743 742 88
974 973 95
975 917 90
1000 958 83
968 708 92
866 797 90
707 167 89
841 632 97
504 503 95
976 231 95
855 517 96
912 714 82
805 804 80
112 111 99
97 96 92
800 586 82
490 489 87
242 24 80
525 62 97
647 523 81
634 633 94
810 776 88
457 342 81
430 429 93
947 885 81
406 313 100
987 960 83
994 990 81
917 899 88
494 256 92
999 777 99
788 703 89
357 231 81
517 32 93
984 505 82
961 938 85
952 814 82
527 511 91
919 269 80
560 448 94
990 821 96
857 776 87
990 980 100
601 600 83
335 334 87
754 563 88
40 39 97
829 828 95
576 289 93
770 769 98
681 680 94
959 772 81
937 676 82
472 471 99
996 654 93
573 449 99
609 395 86
972 710 80
969 876 93
53 52 83
944 378 87
948 912 82
665 294 89
731 730 80
47 46 89
348 198 85
181 65 87
495 399 87
968 912 100
341 243 96
37 36 100
363 352 83
968 823 86
900 411 96
982 346 88
327 125 80
836 558 95
924 662 95
631 630 85
674 220 94
997 918 81
762 540 92
457 456 89
980 902 95
277 271 96
708 159 86
413 412 85
692 528 81
260 165 91
655 654 82
996 229 90
680 679 92
854 644 95
295 98 93
922 921 84
313 139 97
765 764 91
476 95 83
946 752 98
2 1 92
952 310 83
410 409 99
934 347 83
336 187 96
865 804 80
808 783 91
962 961 80
841 496 84
594 390 95
648 191 94
945 873 81
891 890 91
434 145 96
948 769 90
831 278 91
984 881 96
962 950 83
744 654 84
433 82 85
988 987 87
566 391 87
642 573 92
975 612 85
76 75 93
942 791 94
929 155 92
216 56 84
984 952 80
777 776 94
679 678 85
700 472 87
603 602 82
710 194 96
814 559 82
569 534 94
698 655 99
724 531 82
994 970 95
355 201 98
876 796 94
994 971 89
767 630 89
971 340 85
122 121 89
449 143 85
957 841 89
678 677 82
929 193 83
804 158 85
633 586 80
946 475 89
889 879 83
626 524 83
652 651 89
893 813 100
191 190 94
367 366 98
217 216 82
794 380 84
769 554 96
972 966 99
970 920 90
476 221 82
298 297 95
842 819 93
673 238 82
820 341 88
58 57 94
870 721 88
954 537 80
996 993 93
721 720 92
896 568 95
712 449 100
673 542 83
835 290 92
888 821 93
957 841 94
915 874 98
442 74 95
825 673 80
246 245 82
759 254 91
313 222 95
70 17 90
827 826 86
842 480 82
222 221 90
873 848 91
951 138 100
235 22 91
125 124 94
784 763 80
262 261 94
665 664 87
322 19 82
317 288 89
816 754 92
462 461 88
872 644 98
421 15 83
811 810 96
579 578 91
499 325 96
994 993 85
980 967 92
986 382 81
991 986 86
207 206 85
192 191 100
357 272 88
327 33 85
229 103 85
428 427 92
857 820 94
471 7 97
564 563 81
511 510 97
929 884 85
400 157 89
837 745 97
760 43 85
150 149 94
265 264 99
512 282 98
884 883 96
409 292 92
454 453 95
551 550 100
629 433 86
609 364 82
319 318 83
571 192 93
894 893 85
549 245 88
102 101 81
640 213 89
846 77 84
786 4 91
958 859 99
880 584 84
882 881 80
887 718 95
981 980 87
684 83 93
953 307 89
900 660 88
708 524 94
928 390 87
626 587 90
893 270 100
819 813 91
224 223 81
461 460 83
976 936 82
657 656 92
790 342 88
474 394 85
610 524 92
534 533 96
948 947 83
939 901 80
117 116 84
704 449 99
933 804 94
1000 984 92
391 151 88
969 963 88
692 626 89
480 398 80
656 24 97
928 674 97
877 876 94
684 683 89
790 765 83
551 105 94
875 874 92
690 689 88
376 237 86
750 673 85
500 499 89
542 88 84
503 23 82
576 14 93
720 714 80
295 89 97
863 674 87
272 271 97
420 419 92
1000 938 84
959 958 83
723 701 99
648 466 92
92 80 89
361 325 88
514 453 87
398 397 80
541 540 99
44 43 89
493 492 85
992 983 85
453 452 80
822 781 96
637 598 99
934 95 96
867 687 82
635 634 82
70 69 85
730 729 89
400 399 89
855 370 80
870 758 90
425 424 97
121 120 85
45 44 98
844 415 89
866 538 94
919 918 97
618 617 98
972 457 87
576 528 90
766 529 95
788 459 90
843 632 94
608 444 83
362 31 98
573 558 87
692 217 93
816 239 96
973 942 85
840 839 99
734 733 84
841 840 85
749 537 87
962 820 91
822 821 91
539 538 92
780 779 100
993 825 84
614 331 83
775 774 80
782 781 93
923 864 85
768 440 94
295 294 88
343 339 87
411 81 100
931 905 96
788 615 94
403 29 84
667 73 97
276 275 84
625 481 87
232 231 84
931 372 86
538 397 93
996 923 90
795 225 97
860 778 99
261 260 81
942 407 93
426 425 91
983 969 89
184 183 96
958 868 98
690 617 87
729 367 91
958 890 84
187 186 96
585 195 99
951 950 90
559 389 93
961 476 88
820 601 92
766 765 88
919 888 93
644 573 90
808 807 88
912 895 84
980 881 98
686 685 81
743 555 84
834 744 93
444 75 94
861 366 99
859 199 88
935 934 92
496 189 95
740 723 97
380 236 82
846 845 81
818 734 99
640 639 82
980 924 98
753 597 82
140 139 100
917 916 81
745 411 87
663 472 86
968 931 86
599 170 86
688 687 98
949 402 94
414 413 94
957 652 99
838 822 81
475 238 88
937 903 86
559 484 100
14 13 100
810 809 98
520 277 86
297 296 85
180 3 89
521 399 84
277 276 97
289 288 90
791 296 96
966 953 82
823 488 88
789 772 96
839 48 86
978 977 80
923 793 86
763 333 97
565 564 96
673 672 80
668 523 80
947 929 83
925 924 89
701 542 95
842 703 85
632 535 100
671 331 90
954 843 93
220 219 80
635 565 99
416 277 86
403 248 88
812 496 85
908 672 81
808 705 84
932 922 81
644 144 92
935 878 96
312 303 91
615 614 88
999 960 99
922 672 97
729 728 83
752 751 87
397 349 98
927 880 89
901 342 98
677 395 83
240 203 98
225 59 86
870 96 84
638 478 95
678 394 91
782 663 94
611 484 80
802 6 97
985 933 83
952 753 94
953 610 85
250 176 85
867 593 97
943 903 92
749 748 93
495 207 99
127 126 83
429 428 82
622 186 84
883 669 86
966 636 96
607 606 96
354 353 85
740 124 99
757 14 89
824 795 87
779 778 82
703 480 96
823 560 97
755 664 87
812 124 89
815 814 84
976 942 95
530 401 80
31 30 89
928 587 84
430 336 95
864 825 85
562 561 90
885 526 85
731 366 100
807 700 83
137 136 89
907 195 98
254 253 81
562 530 81
468 123 94
746 724 88
848 83 96
744 728 99
980 962 97
827 781 92
704 201 82
508 507 96
713 44 90
258 257 89
581 580 89
329 152 84
288 165 90
835 818 93
869 813 93
656 607 82
755 451 98
903 902 83
931 35 96
822 757 85
992 800 85
722 721 94
964 898 93
735 297 96
681 583 99
923 859 88
656 655 92
751 565 99
355 180 98
751 116 88
838 837 90
887 499 93
887 503 89
477 134 82
685 56 84
445 252 97
460 459 87
742 612 96
689 90 81
484 483 90
906 641 95
630 629 88
940 611 95
630 127 92
173 172 91
250 249 83
924 768 83
588 295 87
151 150 80
937 936 83
522 521 93
417 95 100
574 573 87
385 6 97
554 79 89
966 637 85
819 622 87
905 864 94
958 900 81
933 932 82
993 969 80
441 348 83
983 80 90
978 836 100
999 987 91
965 823 83
496 123 97
927 901 83
722 418 92
637 304 80
650 649 88
808 440 88
1000 998 94
668 581 87
574 365 89
647 606 81
962 297 98
812 448 86
1000 502 82
527 117 83
888 887 84
962 955 81
814 361 94
927 896 93
598 597 92
889 216 82
517 184 98
897 541 83
525 335 93
452 376 100
481 349 97
998 987 80
797 796 98
159 158 99
910 748 92
664 204 97
408 309 99
800 219 81
614 417 99
483 482 90
843 578 92
882 756 94
488 175 84
1000 999 97
809 808 95
568 567 100
951 914 95
724 643 99
796 260 99
960 959 87
951 822 81
727 632 86
514 304 80
427 426 94
905 569 87
704 703 82
990 717 89
302 260 99
399 221 83
909 780 97
722 532 83
735 290 92
474 227 87
462 356 84
941 829 96
22 21 96
630 301 100
327 137 96
284 283 94
897 466 99
785 448 84
930 898 98
994 972 91
314 227 81
893 851 87
976 807 87
355 354 80
986 767 98
542 541 82
724 20 98
616 99 84
279 184 88
999 953 99
643 290 99
1000 867 81
962 954 98
894 457 81
373 372 87
873 863 97
559 489 81
783 139 89
896 354 80
925 877 88
745 744 87
750 667 84
491 490 89
385 384 81
961 719 83
912 829 87
517 4 94
808 580 90
165 164 100
477 476 99
168 37 93
861 653 88
448 447 80
705 175 90
349 50 86
540 308 81
243 242 90
973 932 83
128 43 96
591 332 96
297 254 88
326 325 86
737 459 81
659 658 100
157 156 82
890 889 97
665 368 89
927 908 94
381 182 93
949 870 95
945 253 87
974 379 96
371 353 91
958 571 84
626 588 88
617 519 96
813 812 87
910 909 93
389 28 93
669 234 86
732 731 85
280 279 80
975 974 87
916 891 89
9 8 92
965 461 97
767 760 96
223 222 84
996 976 86
383 356 92
439 438 82
862 861 95
690 674 92
257 256 85
755 552 83
852 842 96
674 297 82
134 133 89
626 569 97
93 70 92
172 141 87
756 755 84
342 169 92
667 492 83
585 445 88
749 471 99
255 123 100
299 189 96
993 203 84
863 796 85
506 505 83
727 444 86
901 756 98
196 195 100
737 736 97
893 892 93
759 516 85
962 438 88
158 157 91
709 66 81
331 330 98
874 485 90
979 964 97
863 654 80
940 206 96
614 613 85
616 251 84
357 247 81
979 158 80
970 607 97
821 700 88
842 497 87
909 806 87
275 274 96
965 486 99
919 404 89
214 213 86
869 602 87
795 174 85
253 131 90
66 65 82
376 375 85
804 803 83
905 680 97
892 772 80
685 193 97
957 858 85
784 576 94
929 833 95
724 645 84
817 612 86
465 17 81
126 125 99
590 38 92
997 817 97
10 9 87
986 891 81
672 176 92
903 823 91
62 61 90
278 100 99
892 877 88
397 396 80
594 593 95
920 674 94
745 743 87
660 614 80
968 574 93
184 151 91
654 607 84
576 55 90
904 676 81
988 626 84
880 748 100
845 770 100
661 92 98
685 684 81
524 523 83
994 344 87
519 319 90
887 846 87
154 153 81
438 280 86
972 198 94
837 836 93
717 189 92
504 499 82
172 18 94
790 789 95
500 161 80
960 216 86
929 821 85
864 863 96
840 705 91
805 680 92
701 436 99
518 517 91
526 440 97
369 368 96
380 379 88
964 949 86
944 934 90
639 155 84
940 891 88
819 683 91
956 942 95
589 280 98
751 195 92
550 549 84
783 643 85
955 584 94
891 750 89
847 846 88
672 415 91
316 315 100
945 646 90
751 724 100
553 230 92
761 425 95
961 933 80
576 389 99
703 667 87
689 420 87
628 297 99
382 381 82
5 4 94
961 588 97
916 915 95
402 401 98
868 771 90
863 757 81
631 545 90
805 74 86
588 587 90
761 597 93
599 588 94
976 300 80
209 208 88
899 812 98
395 229 85
388 387 95
715 507 81
966 956 92
691 374 84
676 642 80
884 88 97
995 839 88
895 359 93
986 433 93
965 878 88
1000 927 82
490 21 88
976 975 82
782 2 97
859 263 92
270 269 98
971 728 83
320 319 93
826 797 98
911 543 98
647 603 81
981 955 90
840 61 85
969 956 82
793 675 84
810 687 99
111 110 98
700 521 85
879 878 91
628 244 89
984 976 96
951 834 89
205 204 99
648 629 98
666 233 88
757 753 94
474 59 83
394 393 81
903 780 95
719 647 87
984 983 84
545 529 84
346 250 81
980 701 89
920 617 97
702 647 91
887 886 90
763 196 93
381 101 95
206 205 86
314 18 91
617 310 100
733 464 89
727 326 98
941 779 100
868 853 90
219 197 85
245 181 98
868 807 80
887 234 98
364 355 93
795 794 85
693 414 97
702 485 95
519 518 89
359 358 94
905 417 97
602 371 98
416 80 81
963 961 88
771 541 82
962 599 89
650 510 96
846 640 82
783 577 91
611 610 96
636 382 85
652 407 96
940 448 83
822 784 99
297 78 88
924 691 80
796 523 98
858 76 93
442 440 97
43 42 99
144 93 84
892 891 94
784 625 82
1000 999 86
966 925 85
830 590 93
999 998 98
932 265 88
614 386 82
544 543 88
990 977 91
930 647 97
864 638 99
570 206 86
333 332 84
557 482 90
744 466 80
120 119 99
947 820 81
754 656 83
701 385 84
135 134 82
704 481 94
580 538 84
710 670 81
201 160 86
571 570 93
979 924 80
361 360 100
881 819 100
978 939 83
651 650 98
285 105 88
301 300 100
965 177 87
753 144 97
989 983 93
413 165 81
330 82 100
841 378 82
870 818 84
888 658 82
425 335 83
695 125 99
730 640 86
970 851 91
234 233 90
363 362 88
770 581 100
403 67 89
57 56 81
535 157 94
168 76 93
1000 785 99
775 468 84
144 143 80
702 661 100
685 660 97
945 224 92
930 929 84
991 146 89
86 85 82
527 526 86
41 40 85
983 797 92
700 699 98
807 498 89
783 684 97
853 624 95
885 364 100
389 129 80
36 35 95
981 963 91
983 864 99
446 179 96
241 182 90
852 851 91
863 346 100
955 946 82
416 80 95
634 161 86
375 86 80
552 551 99
791 333 85
960 907 81
692 691 94
805 378 82
918 471 83
312 148 95
465 464 84
925 910 89
460 446 97
847 686 80
776 775 95
997 985 85
437 436 90
525 524 89
745 571 92
785 752 97
956 904 100
935 729 80
854 467 96
841 405 80
977 735 85
894 375 83
505 208 89
143 142 100
931 925 82
304 303 83
894 889 97
664 663 96
714 572 94
559 353 97
472 462 93
600 599 91
784 622 98
369 308 89
178 162 84
854 698 80
862 247 99
796 756 97
260 259 98
213 212 80
596 510 86
466 465 92
334 329 97
897 182 82
398 205 90
649 648 92
965 927 94
755 737 87
959 777 97
226 225 93
651 368 84
872 318 87
756 102 93
302 263 85
897 526 93
969 822 92
614 278 91
827 743 86
556 547 91
856 280 95
341 167 98
766 525 99
740 193 81
616 615 98
131 130 99
941 584 85
572 81 91
622 436 97
911 597 85
920 96 81
586 585 85
363 173 94
862 68 87
103 88 94
161 121 98
510 394 94
645 34 81
739 460 98
961 775 98
602 428 84
806 783 89
563 562 86
103 102 87
570 569 93
990 955 87
920 742 100
965 947 85
806 801 100
784 452 81
988 763 96
947 880 95
622 256 95
762 713 96
706 362 82
674 433 96
946 10 100
463 23 90
959 52 92
840 709 99
721 580 86
371 370 83
861 161 88
781 754 93
997 8 82
781 780 100
401 400 86
970 969 92
381 380 94
702 432 88
707 466 91
708 680 94
334 333 90
16 15 98
720 719 82
952 615 84
896 501 86
835 547 83
997 525 87
885 831 99
738 737 98
981 927 93
988 646 91
590 502 99
886 658 80
409 402 84
174 173 94
837 717 94
743 562 80
15 14 87
894 890 99
999 987 81
573 567 80
640 416 100
513 471 92
975 939 84
460 327 91
800 258 99
719 532 98
806 299 98
925 315 84
981 958 98
899 757 85
976 387 89
544 471 81
216 215 87
859 169 94
968 115 90
927 926 92
524 380 81
995 985 81
676 675 100
180 179 94
972 800 81
25 24 87
950 857 97
302 182 99
200 199 86
851 804 100
723 201 84
904 873 100
998 778 86
958 894 80
543 425 87
830 620 97
790 744 85
992 334 87
236 235 84
617 616 80
179 178 85
735 239 87
709 708 94
67 64 80
924 152 100
255 254 88
441 440 81
984 555 100
959 958 98
606 348 83
995 426 86
689 688 93
985 435 88
67 66 85
974 953 96
977 963 89
283 282 94
804 208 92
989 663 81
999 941 92
913 345 86
97 95 84
904 881 98
875 869 90
527 376 97
266 4 83
954 863 96
972 813 83
953 952 100
973 860 92
542 451 93
983 759 91
949 876 93
985 940 96
978 900 99
660 659 96
405 64 100
998 355 83
32 31 100
874 502 84
983 921 82
400 138 96
926 42 92
55 8 83
629 628 89
941 906 82
994 797 86
513 512 85
393 78 89
799 111 100
955 760 95
642 641 88
675 478 90
618 175 86
921 427 90
902 901 91
832 119 92
782 757 100
835 834 87
581 241 90
923 922 98
697 696 90
963 925 85
913 890 84
955 463 99
639 386 99
596 595 92
972 940 81
962 459 84
952 487 96
998 985 97
682 600 88
930 818 82
870 518 95
996 970 82
236 94 98
215 214 98
857 633 97
6 5 81
384 281 96
873 664 97
252 251 80
266 265 85
517 457 88
651 1 89
470 469 98
806 595 84
946 795 86
636 322 94
105 104 89
285 284 93
918 383 98
964 619 82
721 330 98
978 778 100
935 685 96
907 881 99
860 859 82
882 550 99
3 2 90
921 824 91
911 910 95
653 541 87
61 60 95
164 163 81
389 388 100
465 451 90
717 351 90
946 945 94
992 814 87
969 902 83
641 640 90
856 614 99
719 718 91
927 191 88
925 921 82
895 883 97
977 204 80
692 621 94
979 976 94
579 176 99
168 167 95
412 411 94
896 645 84
468 380 81
956 955 93
716 241 96
510 509 97
994 649 81
775 48 91
171 46 89
844 717 80
707 706 85
924 479 90
892 8 89
309 110 93
997 988 93
194 193 85
703 279 96
994 993 92
839 171 91
968 462 88
569 568 85
451 223 96
847 685 87
660 499 97
531 454 88
982 578 93
985 975 91
971 952 99
956 952 93
616 589 100
914 913 86
760 749 90
327 305 92
886 885 86
170 169 80
994 920 87
924 855 87
288 287 95
842 825 83
963 808 100
688 247 80
247 246 89
581 161 80
900 539 91
942 768 83
721 118 84
362 361 96
957 715 84
807 806 100
990 861 91
370 369 81
984 675 84
962 856 85
854 853 94
839 436 97
984 778 86
660 536 92
971 920 95
669 668 88
870 250 96
681 145 88
861 812 98
383 329 81
444 443 98
573 572 85
790 788 94
471 470 87
877 130 86
753 741 97
4 3 87
612 611 95
847 254 90
372 371 95
327 247 88
748 1 86
856 364 91
930 648 98
142 141 81
899 898 87
337 336 90
820 819 93
640 86 99
780 739 82
699 463 81
774 597 83
819 818 92
366 11 80
971 949 99
574 23 86
748 414 89
124 123 85
778 777 90
951 941 93
949 921 97
499 498 82
424 423 96
610 586 97
827 94 89
914 377 83
692 412 95
184 110 81
702 453 89
932 584 85
771 272 92
753 752 82
827 821 82
981 949 82
189 188 100
552 524 98
432 393 100
741 740 82
564 271 100
473 472 89
852 732 96
682 520 84
604 417 81
924 822 91
941 940 81
937 542 84
720 546 90
841 603 88
981 867 87
983 830 96
840 685 99
952 584 90
838 649 99
496 495 84
711 553 85
961 960 87
705 704 100
210 209 83
281 280 97
870 353 83
910 787 98
1000 999 99
928 841 82
723 480 94
986 947 86
880 725 85
921 227 86
711 582 81
27 26 100
716 715 97
780 625 97
274 273 96
580 514 98
87 86 83
637 299 83
941 543 100
599 563 84
404 403 85
869 838 86
858 183 96
976 970 98
944 703 81
994 939 99
820 628 88
423 422 84
734 479 89
243 189 87
975 966 91
977 976 91
220 115 100
234 97 96
128 127 86
683 507 88
995 469 84
277 251 91
890 795 86
846 230 93
541 209 88
198 13 94
929 497 81
161 160 92
949 948 87
532 467 100
488 387 84
702 701 95
711 710 84
894 740 89
597 16 87
651 257 81
978 898 94
268 267 93
953 936 86
494 215 85
623 622 99
807 564 100
633 480 91
912 911 96
482 362 92
63 62 81
920 919 87
1000 972 93
798 557 94
988 985 84
817 804 81
492 4 87
450 449 93
767 650 98
492 491 92
920 830 92
417 144 94
589 96 94
949 917 80
967 966 80
218 117 97
999 994 85
415 414 88
753 536 87
400 106 97
207 59 84
974 675 89
679 109 82
613 612 82
983 982 85
743 85 97
895 182 86
942 816 95
954 946 83
996 983 93
980 979 96
715 714 91
435 434 95
960 775 86
653 652 98
884 868 83
793 792 88
835 535 94
443 81 92
557 556 89
818 465 83
304 250 96
315 14 88
875 835 93
207 194 85
244 105 97
554 553 93
986 672 89
861 860 85
964 946 89
615 302 87
977 665 82
771 770 91
929 788 84
984 944 85
284 12 84
916 317 100
820 701 97
976 81 100
846 804 95
992 343 88
808 235 97
929 928 100
46 45 86
38 37 81
914 894 85
803 362 93
993 986 82
700 430 93
661 660 98
915 485 88
950 799 100
691 619 94
914 118 92
735 94 94
840 740 89
798 160 80
449 448 93
971 339 95
577 182 83
969 200 90
188 187 81
901 822 81
238 237 93
726 705 86
995 890 93
362 260 80
979 761 100
662 661 82
547 390 86
920 528 99
718 570 94
971 564 98
903 715 89
379 378 90
803 802 89
925 866 98
975 812 94
622 589 84
672 471 100
738 463 81
354 239 99
568 48 94
886 300 100
304 154 96
717 716 99
699 698 80
971 431 89
895 894 84
882 575 86
847 621 81
481 9 93
961 959 80
363 326 97
775 323 88
597 596 95
748 747 92
793 496 96
523 342 100
513 249 87
955 835 80
545 282 85
202 52 97
552 262 82
833 812 82
155 154 94
979 978 99
392 391 93
23 22 92
902 820 86
455 270 89
699 237 100
842 834 87
788 787 96
983 940 96
133 132 86
739 738 99
433 432 81
856 656 86
816 551 85
522 374 95
984 893 92
456 455 89
841 285 88
749 748 98
962 668 84
934 843 88
957 745 90
702 377 96
883 648 96
820 744 83
733 507 84
896 865 89
888 385 83
768 323 92
653 289 88
296 107 85
72 71 89
455 403 81
360 359 100
905 620 93
695 52 89
943 537 81
874 458 93
953 487 91
738 206 82
339 338 84
796 738 97
422 396 90
839 760 96
958 562 98
118 117 80
366 365 94
628 627 89
478 338 81
583 150 84
451 450 80
300 299 92
718 717 93
296 295 98
906 905 87
484 361 87
716 581 98
842 841 90
959 874 96
395 366 98
707 609 85
847 603 97
559 298 89
926 925 90
819 365 85
80 79 93
693 671 86
904 849 100
369 157 98
524 400 81
486 485 81
536 535 96
738 28 98
684 137 83
844 843 80
955 710 94
414 79 98
445 151 82
869 820 80
493 226 85
930 454 99
927 875 95
694 693 88
658 620 99
608 607 89
973 165 99
726 632 87
952 951 84
668 405 97
929 915 91
743 628 96
968 869 93
916 92 94
746 82 93
990 707 81
764 50 99
961 740 82
859 858 87
828 808 97
763 762 80
741 195 89
992 884 86
341 261 99
996 824 97
990 961 83
994 656 92
417 416 92
839 838 87
555 554 98
82 81 88
831 580 85
710 489 93
629 536 83
905 398 87
872 231 90
513 417 100
708 707 87
924 75 88
706 705 98
940 891 93
980 978 83
283 49 94
634 297 99
323 299 90
93 92 81
403 402 89
347 225 89
520 519 92
982 898 80
909 770 87
675 370 97
918 573 81
305 304 86
341 208 100
900 388 87
219 138 82
879 283 86
998 976 93
826 825 80
811 670 95
775 448 86
954 578 93
568 50 91
880 846 94
955 600 86
956 771 83
919 725 97
521 215 100
729 335 98
358 357 82
495 494 85
992 987 96
812 811 90
985 951 100
580 579 98
697 484 87
793 269 86
959 729 83
767 766 96
709 8 82
599 432 96
701 198 89
961 879 86
993 968 93
757 756 85
936 752 89
903 154 92
135 4 83
776 159 81
357 43 83
965 859 100
567 221 88
509 508 88
934 906 96
345 344 94
994 983 100
713 590 99
903 446 92
961 937 97
406 175 83
996 993 83
421 420 97
964 715 86
77 76 84
864 637 98
932 665 98
49 48 92
586 308 97
834 25 91
346 204 99
153 152 99
365 364 82
982 907 84
790 659 95
259 258 81
467 369 93
975 967 99
645 644 92
991 939 87
455 454 95
889 888 95
998 699 93
516 515 86
447 446 85
370 242 95
832 704 80
895 864 97
227 226 85
985 984 98
784 783 85
782 49 93
65 64 80
410 355 83
735 570 83
54 53 84
549 359 80
324 323 88
926 224 82
904 901 94
982 950 81
175 152 85
920 735 97
808 766 85
929 912 80
970 871 96
952 895 94
873 718 99
970 903 90
18 17 81
839 257 82
671 631 91
1000 325 95
682 477 98
771 67 85
602 601 94
809 188 99
403 89 94
276 155 85
761 760 97
916 891 96
805 451 89
942 179 81
915 471 100
930 911 83
73 72 92
975 930 90
336 335 85
830 829 90
877 291 98
535 477 96
656 118 94
923 340 92
543 542 95
434 433 80
892 278 93
213 106 94
166 41 94
798 492 91
990 986 91
644 643 90
330 329 96
699 327 80
894 657 100
620 619 85
702 700 100
757 378 87
804 734 91
715 301 99
679 611 95
905 352 96
503 502 89
942 712 87
156 155 100
606 605 94
904 903 95
214 40 83
932 931 90
876 737 88
907 906 86
767 562 81
374 373 87
954 777 80
442 441 99
585 218 90
149 76 85
934 928 82
391 390 94
690 670 92
741 718 83
825 525 90
204 203 93
633 118 93
219 218 91
438 437 94
17 16 83
969 803 98
926 908 99
638 637 88
724 723 98
366 245 100
747 746 94
817 816 87
206 129 100
884 859 99
926 791 100
410 267 89
952 220 95
439 430 99
567 566 92
649 318 95
630 525 88
531 437 81
379 9 86
662 529 96
961 18 99
999 927 81
869 868 91
996 358 100
202 201 93
390 140 95
678 592 99
457 176 97
970 906 94
566 565 87
949 745 84
106 105 91
821 775 88
673 669 81
426 323 96
307 306 96
167 166 94
667 666 94
240 239 86
936 935 85
34 29 88
645 600 98
137 46 82
774 744 99
497 496 81
784 345 87
620 146 86
923 404 99
352 351 92
843 842 87
956 942 86
211 210 91
549 548 95
760 158 82
992 961 95
583 582 81
886 561 93
916 375 81
989 988 89
407 127 83
713 712 100
212 211 92
945 279 91
879 866 94
757 734 94
991 982 85
659 30 98
774 580 88
976 726 87
695 530 90
629 102 91
314 313 98
975 826 88
245 41 92
901 900 87
13 12 87
407 406 95
867 861 94
713 536 90
929 835 84
242 241 93
540 352 88
999 944 87
529 528 83
432 202 81
701 700 83
531 488 86
87 54 82
919 379 93
886 635 93
885 884 100
904 360 84
911 794 90
866 769 92
215 11 88
813 710 100
356 247 86
837 592 89
985 983 89
925 730 82
114 113 99
598 195 89
476 443 81
900 614 88
138 137 86
721 645 92
469 468 99
954 822 92
758 757 86
430 287 83
879 855 81
628 22 85
454 194 83
479 148 89
998 995 96
956 689 93
900 827 95
587 586 89
669 611 94
244 243 88
145 144 85
804 721 93
245 244 87
830 818 95
292 291 88
794 146 100
791 475 99
948 894 83
558 462 95
807 789 80
635 26 86
311 310 90
822 510 93
585 229 95
530 529 86
577 576 89
791 730 99
677 229 98
408 407 82
834 518 96
183 182 96
727 179 82
680 257 97
472 357 92
663 111 100
803 531 91
921 907 98
896 895 95
134 28 98
710 160 96
64 63 92
779 764 99
591 590 96
967 827 97
743 663 84
225 224 85
987 986 86
252 56 100
796 433 99
817 801 92
648 647 98
909 657 86
931 243 84
813 14 89
455 157 90
669 417 96
670 62 87
857 497 93
824 772 90
832 831 83
967 944 93
829 249 88
740 739 82
199 198 94
787 581 99
975 831 81
229 228 98
404 210 83
402 148 93
814 390 83
774 773 94
538 537 92
1000 999 99
592 591 91
795 700 82
531 182 86
953 756 88
713 691 87
12 11 88
846 493 83
731 670 81
729 325 83
478 477 89
785 38 88
405 404 85
110 109 86
585 584 90
993 617 92
932 806 90
744 89 88
732 563 84
160 159 85
247 190 94
888 510 86
897 896 93
873 839 93
441 139 82
946 550 98
99 98 94
474 473 81
590 589 94
712 502 88
991 795 81
921 906 95
902 708 100
397 152 88
833 832 86
233 115 82
934 559 86
533 532 86
491 270 81
971 814 90
92 69 98
256 255 96
549 527 95
480 479 92
500 73 91
936 905 82
850 386 83
932 419 82
74 73 99
860 819 85
871 745 95
604 563 95
50 49 90
939 798 88
313 312 91
490 255 95
1000 91 82
838 458 91
712 711 97
475 474 91
937 551 88
824 746 81
787 786 93
998 755 80
425 96 94
561 232 96
858 263 95
854 829 100
793 176 96
610 519 97
766 643 81
964 668 97
387 386 94
