1000
0 0 1 1
30 -100 30 2001
-160 88 -160 10000000
999999999 1 -999999999 1
777777777 1 1 111111111
1 2 3 4
-1 -2 -3 -4
213 23 -23 20
49 2 -49 -2
10000000 -232424 0 0
99 999 99 999
234 4341 434 899
-1000000000 -1000000000 -1000000000 -1000000000
-1000000000 -1000000000 -1000000000 0
-1000000000 -1000000000 -1000000000 1000000000
-1000000000 -1000000000 0 -1000000000
-1000000000 -1000000000 0 0
-1000000000 -1000000000 0 1000000000
-1000000000 -1000000000 1000000000 -1000000000
-1000000000 -1000000000 1000000000 0
-1000000000 -1000000000 1000000000 1000000000
-1000000000 0 -1000000000 -1000000000
-1000000000 0 -1000000000 0
-1000000000 0 -1000000000 1000000000
-1000000000 0 0 -1000000000
-1000000000 0 0 0
-1000000000 0 0 1000000000
-1000000000 0 1000000000 -1000000000
-1000000000 0 1000000000 0
-1000000000 0 1000000000 1000000000
-1000000000 1000000000 -1000000000 -1000000000
-1000000000 1000000000 -1000000000 0
-1000000000 1000000000 -1000000000 1000000000
-1000000000 1000000000 0 -1000000000
-1000000000 1000000000 0 0
-1000000000 1000000000 0 1000000000
-1000000000 1000000000 1000000000 -1000000000
-1000000000 1000000000 1000000000 0
-1000000000 1000000000 1000000000 1000000000
0 -1000000000 -1000000000 -1000000000
0 -1000000000 -1000000000 0
0 -1000000000 -1000000000 1000000000
0 -1000000000 0 -1000000000
0 -1000000000 0 0
0 -1000000000 0 1000000000
0 -1000000000 1000000000 -1000000000
0 -1000000000 1000000000 0
0 -1000000000 1000000000 1000000000
0 0 -1000000000 -1000000000
0 0 -1000000000 0
0 0 -1000000000 1000000000
0 0 0 -1000000000
0 0 0 0
0 0 0 1000000000
0 0 1000000000 -1000000000
0 0 1000000000 0
0 0 1000000000 1000000000
0 1000000000 -1000000000 -1000000000
0 1000000000 -1000000000 0
0 1000000000 -1000000000 1000000000
0 1000000000 0 -1000000000
0 1000000000 0 0
0 1000000000 0 1000000000
0 1000000000 1000000000 -1000000000
0 1000000000 1000000000 0
0 1000000000 1000000000 1000000000
1000000000 -1000000000 -1000000000 -1000000000
1000000000 -1000000000 -1000000000 0
1000000000 -1000000000 -1000000000 1000000000
1000000000 -1000000000 0 -1000000000
1000000000 -1000000000 0 0
1000000000 -1000000000 0 1000000000
1000000000 -1000000000 1000000000 -1000000000
1000000000 -1000000000 1000000000 0
1000000000 -1000000000 1000000000 1000000000
1000000000 0 -1000000000 -1000000000
1000000000 0 -1000000000 0
1000000000 0 -1000000000 1000000000
1000000000 0 0 -1000000000
1000000000 0 0 0
1000000000 0 0 1000000000
1000000000 0 1000000000 -1000000000
1000000000 0 1000000000 0
1000000000 0 1000000000 1000000000
1000000000 1000000000 -1000000000 -1000000000
1000000000 1000000000 -1000000000 0
1000000000 1000000000 -1000000000 1000000000
1000000000 1000000000 0 -1000000000
1000000000 1000000000 0 0
1000000000 1000000000 0 1000000000
1000000000 1000000000 1000000000 -1000000000
1000000000 1000000000 1000000000 0
1000000000 1000000000 1000000000 1000000000
658236640 439989779 464047812 439989779
198970075 -424295303 454124946 -932210840
-915628475 92101812 -58370464 -58370464
-339188406 27358447 -629002096 -629002096
426210391 944767977 426210391 767038449
-761917255 -864163665 -90545208 678072524
-387076978 102420843 -387076978 102420843
-81709391 743864676 -502870641 -989607580
-934834008 551037209 -934834008 -54959208
765146994 -886005566 765146994 562431324
-765780153 -725332622 -765780153 -629943818
-981647921 -939398055 120772923 120772923
-183590829 -183590829 -29510862 -587209801
-738213170 -786148773 812824039 812824039
-592755505 -861252539 -946825482 -478761071
-966064838 -32953567 702342042 -32953567
876752166 876752166 707528924 937354111
-736769758 -938486812 233719380 233719380
495483766 -170195692 495483766 -170195692
-901212681 23522703 -519872983 -762465220
745132179 -953496709 745132179 -953496709
-478220691 914684524 -918175415 -918175415
-566541486 -435794444 -168694421 -435794444
834305631 834305631 117502988 -483373709
634458124 634458124 670512527 -489502821
-145341570 412212289 -246321926 -246321926
-422387705 -422387705 91869872 -655186829
176053625 -656232859 176053625 -656232859
-697263610 674333531 -602569180 420239378
-536858760 575390051 -536858760 575390051
-489435054 647951983 -489435054 922777235
-911041415 -178151963 -50006082 -178151963
-306709982 114631085 -306709982 114631085
298365612 298365612 -924812907 -174784504
326941804 390275792 -897730391 390275792
493953135 920508108 -548478972 -5578530
968431825 95400002 -684226799 -357203786
394306518 -433899489 -957591972 -638546045
-960789771 -960789771 -298857898 -885602678
103641527 -852427214 -764979196 -653566328
-499245417 -459950104 -663661501 -726220956
-580814872 82637713 -580814872 514585130
757308574 -525836248 41327231 -525836248
-341821451 783976092 441991416 783976092
552107475 552107475 -72924103 699680261
788209129 -894200240 -819224622 -819224622
-52360110 -559215772 -52360110 -969722397
-685450321 129132172 29625454 -211286569
-805141277 -805141277 826421127 978834816
-476593739 -476593739 747872836 450482158
219943420 819104351 820596015 819104351
-385180738 210350018 -385180738 210350018
143408431 512292353 143408431 -874943045
-490513333 -713394610 982443426 -811575854
423750364 423750364 842362106 24139552
483509030 547861359 483509030 547861359
-687219293 -944206909 523130725 523130725
-994202377 738985954 370606329 370606329
940965926 214046786 -919912332 -919912332
442259502 70074939 137137961 137137961
-135596695 275449794 -135596695 275449794
666530120 672106396 666530120 722323211
-685045754 643230375 718537120 -946059801
285543561 369879715 -264857921 369879715
232464432 259130732 -889994399 259130732
-282153620 808952952 -888453134 993296175
12180991 -977126566 895374355 -977126566
622767910 454150050 785168165 454150050
296584526 296584526 -16531718 -481019407
121610635 908703631 -733227886 -766742281
25545046 -27573235 139674218 -312985650
-627204634 -50838292 -627204634 -50838292
-868718269 -942939857 -868718269 -942939857
833757985 -716597803 833757985 -330257380
-679042999 731965642 -679042999 731965642
90540530 145984051 -118202047 145984051
116754647 981654885 941607670 981654885
-809675314 -916568842 -809675314 -916568842
701102397 194105495 592780674 984504595
302214475 465968884 -113303531 -113303531
-106993698 -106993698 -943463904 -961009648
-977022500 419472421 -977022500 419472421
-921692196 -921692196 930339799 -985744685
78473203 134659513 78473203 -874904950
968068746 685695807 286553982 286553982
-538707875 665099953 27200680 -482171779
-856823381 535282922 -205798761 535282922
-123053010 -598073007 -340196859 -340196859
-798318019 359800513 -798318019 336341494
-561442994 -299934496 -875747188 -875747188
-966845044 861460563 73461613 698254909
-407414625 -407414625 426885540 -872131704
927569088 -782041291 731611543 -817987567
286066811 286066811 -953160130 -501616323
950951272 24969432 -926972130 -496466871
337793012 -436883115 -917048009 -436883115
684454228 593905878 -36143880 -36143880
-252875658 -967301676 -865737637 -34916948
631987564 -425241269 454857961 -425241269
230697713 -717742535 -891816502 -891816502
745322418 -584993509 450551755 -584993509
-832121273 -724961630 -832121273 -724961630
-937128613 -531489637 602789078 948086065
-922768222 -907840527 -947623954 -495493137
-286263542 507143078 -333066101 -4006076
328048424 -77030071 328048424 743054916
791784659 791784659 169616580 -933176971
-598928971 480586746 -598928971 -130418608
506882905 805867628 -890686555 451558731
201992547 909037713 201992547 909037713
-965929848 -90372369 -965929848 -90372369
-912635602 -854669995 256980978 256980978
134778646 -454582884 134778646 -454582884
-778626675 -460671419 145895160 -460671419
121861119 -961745287 -116584815 -116584815
420086648 423469929 420086648 423469929
625770086 -175306532 625770086 623616444
937554312 -890032188 937554312 -664512220
-87013437 -105124772 -87013437 -105124772
-689503262 -689503262 -150675385 -651248548
-584410439 15657010 88289761 15657010
-932751142 70020470 -251193170 -255541321
-915004372 -434478366 -984989710 -952520206
943943509 -794545389 943943509 -794545389
-963819440 -51863357 -963819440 -51863357
653477266 704629517 643153882 704629517
-552934654 576473091 254494935 517085816
-306274278 816423008 -306274278 259247356
534048816 282922066 780405252 739503427
755368495 -417432582 755368495 -443978510
172361247 305801974 -543031246 -270492884
557173378 747542986 -13837179 -13837179
-359908109 387994902 -359908109 387994902
-671531317 -142621752 -671531317 -142621752
315145298 394588549 315145298 897712717
560360809 -344951209 560360809 -281320865
211727186 -88130746 54825706 -188213475
-736684170 48685122 651310732 651310732
-271716271 636802945 -271716271 585661977
-380186729 -596589657 950149107 -985598181
-935001791 -935001791 62306816 -279953000
-793768474 614784851 118100780 118100780
-322226717 -958113498 971280366 726458405
228436206 908127585 -944092468 908127585
933919725 -801686795 933919725 -810153580
-663475623 -135536930 -663475623 398831193
958790338 445091905 958790338 426091542
-213102375 -170630488 -213102375 -318699520
418331359 -787099153 418331359 178975296
574623042 968369489 772936247 772936247
524143980 995002310 524143980 995002310
-209962703 585475219 -912354446 -912354446
93218348 93218348 -998812799 922587860
-920418826 -920418826 628541834 -855001626
999468730 999468730 411312463 820354572
622057719 696736387 146993368 469576381
-917042443 -367313530 -917042443 -367313530
-98348126 -128459696 -97160925 -97160925
103485489 -616743212 -415456324 -415456324
-936230862 -49089029 -936230862 -49089029
-286639809 -286639809 720753727 -737387070
521671014 -7942730 -993126164 -993126164
439280234 439280234 -825576081 -836663109
155311582 -920201486 155311582 538568370
-655401095 911768821 295509876 295509876
869270235 -583959872 869270235 442540314
-743556483 -743556483 269512178 248500787
-788609616 707040976 -614185696 -614185696
546876758 660417992 -601920420 479191625
-672242720 802653339 -907957547 -907957547
-555081932 377213924 -555081932 -139041804
-337744430 564547927 -337744430 564547927
895476565 -568386445 895476565 -568386445
513278809 -927538867 26213153 26213153
-421619398 -857127710 -421619398 -857127710
466803830 -571762251 466803830 -303465894
-667162299 -667162299 576913940 897385629
102084429 395458311 533697984 533697984
208079537 596414785 872920413 596414785
142166105 -812062395 330030520 137554748
-585267173 883704328 -157029424 -157029424
717324662 717324662 -886406213 146754954
-620237761 -825183711 -620237761 775220551
423976896 423976896 -740105342 -127091966
601205589 -805908551 486292566 -805908551
528763302 -506910389 -108903506 -506910389
858763432 858763432 837313869 824873572
-52401496 968780572 122414793 122414793
656872686 35356265 734655429 916767344
-219171727 -281708355 -938714597 -281708355
-414891663 -914248195 78197948 78197948
3239013 -171240336 3239013 -306930765
-954925760 814880683 -954925760 866371166
690657992 712730997 690657992 712730997
958013336 958013336 -913387433 -471178667
723476645 -421185174 723476645 -421185174
186596383 186596383 -306455511 -984643954
-188547 -188547 -178067712 -332791511
-354715943 504653569 -80871632 -789468594
-764141430 -983840447 -825012510 -825012510
817061360 548474297 -751607462 -751607462
28932304 -469435010 28932304 722476794
-993584070 -993584070 799623761 -319135429
15721157 947222505 15721157 947222505
-330858321 -541897145 -462182415 -462182415
-46161482 560632205 -709975182 -645170833
966471128 -693210400 567349661 -650447530
-507890275 -24900370 -507890275 -24900370
172343975 -672045147 -449622830 -672045147
-878002979 -16984485 592409927 -419900124
-272270917 893487439 -859122359 -859122359
-518709648 851770809 110399029 851770809
-70881160 847905058 904218471 904218471
-914379964 932938242 -586425110 -586425110
-48869211 -846350878 934146305 934146305
390125278 72975369 390125278 72975369
420550218 420550218 327302300 124837379
971467347 -555652271 671888757 671888757
-93033820 514346537 -93033820 514346537
401143617 527884711 554792739 554792739
691185725 403865093 -383322554 -383322554
-166419283 -376863455 -166419283 -376863455
-346830479 -346830479 -318506554 97517250
490692396 490692396 268058869 -142444715
-829811250 571041251 -829811250 698073461
726341998 641121366 726341998 -17276557
755579087 -648315826 755579087 -768768016
492729384 -591027991 492729384 -973260818
-967552856 -753980058 153022367 153022367
-902992969 628535573 -902992969 520564635
357841481 -376968568 357841481 -148520801
137606861 228164979 137606861 489291035
-116114546 -116114546 199363854 292857463
-906871475 214491851 -10898322 -660851533
-424145584 -689355731 -424145584 -689355731
-662903019 -595492938 -662903019 -595492938
-604805563 650770531 -604805563 623359416
-636944575 -834644504 -257618496 562419279
-975999067 -888888294 -975999067 -888888294
768482823 -950084115 768482823 -920872909
573531758 573531758 -957753096 978038820
-872111928 -914498985 -872111928 631174956
-280868546 -280868546 -461105078 -115513050
-993503022 -592465914 -993503022 -882391315
-776639212 623453125 -659878324 623453125
787920975 718652595 830167879 830167879
251496585 -828566986 251496585 189513953
-13972629 -518301520 859079239 -518301520
951572534 -991108433 -397420480 -991108433
-60810630 -79347902 -60810630 -79347902
-156078608 -109769550 -142737006 -109769550
-911205899 -911205899 -925144671 -739772885
-594734850 -594734850 -221084941 -113036370
120258187 977577121 1029018 -18333893
562196529 493830671 562196529 -664635020
527782199 527782199 420435685 -729470999
-310872146 604343074 -383500463 -383500463
683819005 -890164972 -714668989 -890164972
690248017 -987163117 -854930820 -987163117
-929376833 229846587 -458551831 229846587
980142882 -234682548 980142882 -234682548
65994182 -936315512 216768555 -936315512
-186812850 -918402287 -224461469 -224461469
934830044 934830044 398961534 947666928
25672154 25672154 -80338657 -891964906
757398241 -946413809 773245025 -624767955
-328405859 650511800 944850479 -412205017
-615938315 -441583954 -615938315 -441583954
719551753 323404500 719551753 323404500
349242814 349242814 -699987472 -878579491
917895001 866359696 -907386008 823997545
-889742858 -604900825 -889742858 -604900825
-50418461 848727205 -888703154 507997586
603783850 158998548 -998459296 -220295298
-443898368 -117344997 -825670490 -143885839
-50771168 457968393 -50771168 457968393
265837224 -82229038 265837224 -82229038
-771227633 -538664325 -584200755 -538664325
540205602 -107651022 380097033 -107651022
59711201 59711201 -960751169 942366204
160236958 -746323425 160236958 -746323425
-750947514 996767903 -750947514 996767903
664345924 878784853 -874318401 -874318401
-130993774 -112288578 225184167 -112288578
478790878 468449230 -310867776 370556062
558071265 -28221471 811747840 811747840
808099684 878899997 657383939 657383939
-27114101 160052912 -27114101 160052912
-788198507 -929784357 -788198507 99512915
999542425 -758714757 999542425 -758714757
-933992529 -777931886 473754648 -777931886
-391018820 -593899812 -659602471 -659602471
745487800 -457789725 745487800 -241942936
603088541 20584768 -950073983 525820538
77973557 -72984171 77973557 319258800
-955441178 -831029787 -880856711 -880856711
-691298803 -894376071 592329428 -285198614
-643216345 548096516 -101006070 -101006070
-827853485 436147058 -827853485 192731283
427136142 439600053 -793331677 -793331677
49367536 707168018 49367536 218337749
-622156846 -864637954 697398330 -664016564
-397341114 303852819 -378500277 -996728246
389492795 42066767 -321843795 -321843795
116258548 -929467055 -982459702 -591625047
-977502924 -434918193 273576158 582181448
-874785935 503693622 -874785935 503693622
886214174 -757574235 660915736 42583346
-659742956 308075940 382323811 382323811
399636889 -936495958 -446872258 470169834
-234302202 413805175 -163483875 330779606
137074898 -666974801 137074898 -506715128
-885789086 -95285863 -885789086 -643363321
-880443902 -880443902 327614617 280148391
178628488 317611554 94648883 94648883
234877900 -31853272 -941014886 -31853272
-888048787 488304997 -888048787 488304997
836258462 656141847 -160631891 656141847
14906931 840649311 14906931 840649311
-40478287 -912752612 -40478287 -912752612
-738719778 -738719778 292036173 229426950
-678696045 -381294078 -678696045 -381294078
364983464 -964252421 -739168175 -964252421
378166896 -747654040 869227708 71332559
335462465 -967541586 335462465 -967541586
-344239089 972924080 267233515 972924080
-812852966 -884865937 -329519227 -884865937
-997767574 -199460748 697589542 -962019995
269732373 376604088 801914453 376604088
-924833725 -924833725 -977793925 960141043
-875832131 -852090764 -875832131 -852090764
937661766 167566827 905312182 905312182
-702464039 50278799 -702464039 98075213
-394548406 128457161 947987529 982055682
127958084 767962707 150164159 150164159
-969160120 -198339608 -821250883 -821250883
-324164829 -324164829 -721107106 843401998
196091255 557210770 -17758978 557210770
572912762 572912762 -964030194 -446113725
-739376848 -686150432 500814300 -971414142
-161966695 -583621735 639693697 639693697
-913603178 -667530449 388918980 -667530449
134741689 134741689 999415635 -455531188
-367548910 -676951243 -367548910 -479062750
732005623 -950764374 -954144810 -954144810
275143349 87065130 691521614 691521614
97114639 41584272 97114639 41584272
-700724845 -887617108 -700724845 -848792858
-916544636 -997525307 -740979526 -740979526
-45074552 -313608689 -45074552 -313608689
556891512 -916314839 -503527006 -503527006
-850861714 -850861714 389829240 190722559
169660514 -942243326 282043406 282043406
626757642 626757642 286847219 629232336
843353762 774785328 -617738575 -617738575
422024832 -228351798 -926774865 505709994
-874473041 228844997 -428647231 228844997
598036488 598036488 646632674 508309515
790644093 -545402140 790644093 -69992336
594821126 -328498839 -276811603 -328498839
857767897 113576274 -620008993 -518067549
-66378269 -892856474 -988772041 -892856474
303084339 -641496246 303084339 -641496246
-188879051 -188879051 822885302 265718810
-722436227 425908335 -50935066 -50935066
-863100281 -863100281 -236134483 102992347
-508700544 -634172818 -508700544 -634172818
-974789105 -572902604 729529818 -572902604
-338969644 -548783722 195400485 -548783722
39151948 425848414 39151948 425848414
-298548854 -298548854 854864243 465316663
967399533 967399533 744167309 -814256933
930670760 752658959 -789715492 -789715492
-172138878 184855331 279077401 279077401
-653542640 -910309603 725504129 772305774
-663705494 -135332116 -663705494 -956324899
376380012 -821138056 882280811 -26936327
-3807187 -88514973 851210990 -398631876
-409177029 -409177029 -49704989 775678302
126685633 214667673 126685633 68892383
-596120160 707313053 -818959283 707313053
-529078914 356991494 -529078914 356991494
-891390755 -891390755 -18740934 20094273
620469114 637143888 -532423883 -576719522
-940072331 730534699 222456404 730534699
-910107163 -910107163 756321628 797205890
271916573 434649630 271916573 434649630
758956143 136710508 -101877580 -407268439
488002477 481039771 488002477 -22337283
-659210317 -348216701 -659210317 -928675618
499121646 343393419 107959626 107959626
-58486574 151932620 718086358 151932620
-909995106 -307915434 -909995106 79231755
-907304592 854019771 -907304592 426251532
-144421574 100461772 507361725 507361725
-844473484 -844473484 -544019626 498919936
-636361236 -527247130 -636361236 -527247130
309533531 -811720376 -736128792 -811720376
-683047939 -958739176 -683047939 -958739176
544506944 530875971 422661035 -502514932
-842982101 -842982101 -586883378 -387001727
515148432 804427950 515148432 987901302
-634802346 -757834528 -446522722 -446522722
-2011913 -2011913 -273900488 39248911
654922467 -431640492 654922467 38314791
260750265 260750265 -858519399 673866887
238140637 84123200 -104915061 -104915061
-126620797 -711370081 763141273 -711370081
-446670536 -172108871 -446670536 279428976
-574872551 128104064 713810722 -6513043
-803098070 977328332 -803098070 -661617469
-230634950 429748182 -517567642 429748182
-188643780 -188643780 -704134221 99986139
-573971192 632123673 772286993 632123673
459664062 257339002 329359771 -559715522
-159250097 579889349 -159250097 -329405412
-457183195 306613429 972564987 972564987
-494710508 -359940068 997373414 -198844729
266155954 483820807 375904714 483820807
-705675741 569929253 -705675741 551663261
266160480 -882442656 -301433819 -301433819
522747252 -986749816 522747252 -986749816
218524112 49157145 218524112 49157145
570117858 227454116 570117858 -93544982
147024499 504316537 147024499 504316537
-832721210 -332805415 -892857715 -862647513
-181926273 -592655131 -168676089 -168676089
-969408712 -154235872 -969408712 -67735214
-216185811 -637027919 67624176 -637027919
573579777 -205231441 -69587333 -69587333
-477948548 595409003 710368940 189246037
455107362 -860361401 -481688493 862452231
-911121665 -911121665 -358590023 -65357536
-94067408 206540471 -198661613 268904673
-373128960 -993243939 421639599 421639599
-90093684 -34752143 -90093684 -642168329
-536018153 183797144 -536018153 183797144
458624503 458624503 618691973 -899965521
-908532873 -709929090 537491371 -709929090
-816340033 46413129 -816340033 -957067618
445294946 464244615 -736940845 -736940845
-71455208 942759695 -855824426 942759695
-649192798 247713991 -941063124 247713991
458231699 269280494 -897045164 748302610
-443987083 66492680 584622402 602426046
522987368 -51205876 -74633918 -160251665
-258045014 -258045014 -226836574 -462768967
-911971292 579896323 -714848127 579896323
-79951826 694338867 -79951826 694338867
970037911 -615043592 970037911 -110953057
-632004637 -632004637 -209606374 316789487
945777339 948305247 945777339 -428542883
-907583437 -979681857 -907583437 -979681857
-31270378 692884646 -574503556 -484415158
463402496 -713633607 463402496 -713633607
713386448 -983783132 -643703574 -643703574
-812368357 248055426 -812368357 -864063111
871103160 -910627551 871103160 -910627551
-981093153 -979682837 564307846 564307846
-871556741 -871556741 -222445643 -585190348
878349423 355951416 747082644 747082644
-139242349 -560750791 -139242349 -560750791
733512660 -591312157 -268714618 822885109
417705828 -953519802 -653353762 -953519802
925681620 90707 -960602657 -444247671
-635234290 -762726624 -962410876 720717126
645428770 645428770 -911933012 -915322022
462438224 679534593 871126067 871126067
-459396547 -646079780 -459396547 -646079780
-621332145 -990695647 -621332145 378758562
140747380 140747380 -646383175 378020756
-700608531 -511249283 -801154544 -760025190
188224021 -6669870 -279725034 -279725034
-272451052 852447305 -272451052 852447305
198859826 -658936681 -319008257 -658936681
524191880 -915852327 524191880 877808706
868613652 -16106536 -417057386 -16106536
157906639 157906639 -429072384 -996246878
-282211074 608288284 -282211074 -577247417
-443332914 -555879733 -443332914 -102269595
-998305130 409400962 -914157457 -914157457
-276593096 -276593096 -871588926 707300369
-320250027 -185013704 250677590 250677590
-3758010 -437082877 -3758010 -542953374
-779824850 -894772233 -779824850 -335704583
20682342 -508048820 6377943 -717400344
975551763 975551763 584646593 -896037164
-92192312 828656444 -92192312 828656444
-25770605 808384457 -25770605 808384457
-801952773 760590001 -801952773 760590001
-86489648 771651017 -86489648 771651017
509453593 -910435694 -814953617 -910435694
-925685264 77751562 49333260 755487533
-858628304 948318666 598872992 802272507
160942545 -345571132 160942545 -225951101
539321973 929987397 539321973 929987397
732393552 -675471601 821957858 821957858
-8001019 515387232 -8001019 -930249457
-989077162 591420173 498655829 811757858
929302226 619055478 -833096414 -563752554
-855627417 217314706 -855627417 217314706
-933641651 754493648 -609113252 -609113252
-143059280 326223052 747663248 -775155695
-782608514 -782608514 -965320635 808811659
-906199601 355027640 -20537877 355027640
-473197855 -518712713 -473197855 -518712713
-672189416 -88726152 553316834 -88726152
511763389 267117714 511763389 -309497207
374009977 374009977 -824550102 408689343
-550670251 -794928081 -148975144 -794928081
952853866 952853866 33379993 -713342495
-883258704 926171665 -883258704 926171665
-452530389 -770931392 -452530389 814587325
-543332112 -944013633 -367882214 -367882214
-994788772 664235681 941791559 -937200500
683580989 -123651650 404035518 -430522666
-57667835 -863659844 -57667835 -863659844
-703571865 105547104 -474503257 -474503257
633070312 -953434292 633070312 689056679
-645216145 185851783 849052360 185851783
952168655 -958931047 952168655 -958931047
-902785858 244229002 -187724946 -913929348
24874411 20146598 829723372 20146598
945731109 134409048 844813171 844813171
88873395 -320181109 88873395 -872758470
-235725034 892136306 -235725034 -342139727
-905345045 -573129399 -955851585 338883957
123595127 642405562 7609831 -856258276
918943780 543465162 918943780 -94130820
884119359 -631958656 884119359 -583545397
-139358293 242641813 -139358293 -394705634
-780110087 -780110087 86240854 -353239486
-540557296 -923413896 386541592 -898151735
804506649 708445317 804506649 200488163
978849489 622084431 796764694 -800592815
-971335564 495871319 -971335564 495871319
-686601313 396825027 751561635 399639541
-678867833 -101170564 -678867833 -749765375
169884781 288405259 -269153550 -269153550
-222067197 -222067197 -149668360 -747466414
429373978 429373978 842444645 -222238351
103040521 -169289293 -647618099 -647618099
-987846608 791830414 -987846608 -236500819
-102355362 -369338585 -102355362 -961433750
239616844 358857585 239616844 -910051517
-141467875 -141467875 -801585246 -446506878
780125842 922647546 -358738749 -536647098
544902111 -361760669 189248877 189248877
498241468 498241468 345317316 -871097118
-865762362 166938490 -865762362 345611577
-890084472 553449969 -890084472 -839153365
64678442 64678442 732931950 -160157660
-114022129 437404352 -114022129 524217202
-142688689 283705852 -142688689 283705852
996048305 196917686 -141243918 196917686
661010387 -54275487 661010387 -54275487
-988836241 -854791744 744095710 744095710
-824296483 448942109 -176822467 613107869
-622642996 731866352 57222399 731866352
207824379 207824379 315140878 -742741583
-100686546 391340782 489961922 845037967
500441431 -331139368 -579381258 645649687
-403468009 -403468009 429237827 -954525901
-260726051 -260726051 -461112335 -676343346
-219958551 -535296569 -219958551 -904817674
319723569 783616888 913891007 -436419297
-864915988 -864915988 -533793036 -343539003
262521291 -323627911 262521291 -323627911
-974059264 -974059264 -629153821 -435171598
-931400202 -322339931 -347420003 -466696771
-173041805 458644981 920002246 458644981
-491320342 887009769 -491320342 -25113378
458324391 261196410 458324391 -865303521
-677856536 767169896 -307010357 -307010357
-386669422 -855195206 290990647 290990647
-164255379 -164255379 -482397931 -853094046
69512614 177401036 483391583 177401036
11134005 -894723643 769118948 -894723643
-804348879 410164645 -921524756 410164645
455045814 791766624 455045814 791766624
-802549569 988049408 216563440 -284947500
568753870 -848814380 -401328742 -401328742
-391250691 -916384522 -894328901 -916384522
458775799 770938856 458775799 -278543203
214380709 484748268 549068525 484748268
-812391044 -65353121 198885917 -971825284
-156547599 -156547599 -563869014 -5361979
456618198 488855534 456618198 488855534
232697287 850575094 232697287 -143847504
103588945 346182683 -791182764 346182683
-841062995 -841062995 399020438 93583884
244216509 244216509 -646799799 680347495
63531929 -465257988 -716994082 -595096185
976793568 -935623383 976793568 -935623383
476999172 476999172 267630382 -324301793
-124167272 -124167272 442717534 -872630481
292844727 -442268173 292844727 -442268173
785641380 814609113 -827100255 -827100255
816812984 -748665353 733705954 733705954
-354964548 -410832243 -354964548 -410832243
-899706511 -76249698 -392607964 -76249698
974025856 -446313166 974025856 -446313166
915877230 557099499 915877230 583002695
-74115892 -74115892 -884322006 177218755
45675484 -102115329 45675484 634843242
238091945 236836014 -44195837 236836014
204710737 851720204 204710737 851720204
208282949 -752754234 -382101200 -382101200
-607851061 -556458464 -455539128 -639656713
-945116790 -873353293 -380128537 -873353293
582211859 -914554809 345323003 -914554809
-504321853 -827800465 -504321853 -827800465
430318822 430318822 -230078614 677564589
114551748 -67040978 558093284 558093284
-553072145 -553072145 127026464 -426425438
703215591 -567903123 703215591 641177135
782986570 -938796476 -931365381 -938796476
-605433873 -605433873 325131706 164487513
552985663 130322081 -951466461 130322081
-154383962 -896768821 -154383962 972642502
59416376 -823679833 -964622464 -823679833
135808085 670427612 312057594 670427612
286037750 195394139 514326178 195394139
495338232 -822090530 495338232 -521823334
-932488309 690607324 -932488309 -976740777
298187144 -941853194 -994515637 474507311
76300303 76300303 -100724576 -400755732
-756746092 385878006 -756746092 438648047
568023978 854040108 -515055487 745933448
382986093 102758689 -116850777 102758689
-51120960 906827393 -51120960 906827393
-405756324 446696123 -687047737 446696123
365070928 507466612 365070928 507466612
-626810313 -17982594 -985361184 -17982594
-938404297 -319195840 -151408938 -319195840
65697421 65697421 349357255 -174958834
933898882 -101038522 933898882 233111357
-932826152 -180875200 427156814 427156814
924229707 924229707 132894808 -241236535
-443581598 447090840 -443581598 447090840
-470532127 650404249 941553469 878825129
-682649304 115924771 -682649304 216312174
-120013465 -120013465 232830803 699111335
-182632673 -852555626 -385252995 950262135
-598721735 -598721735 508851984 848369105
-224806519 -968705795 549135659 -721885918
364156754 55931414 597827836 -667402122
-175559799 -894586877 -942728996 -942728996
-660411722 410677427 -660411722 410677427
-863100668 -580850527 -863100668 -580850527
735492053 -159530729 735492053 766786258
-730292197 571290600 -730292197 325639217
872724561 872724561 637106212 830654038
-520899188 -520899188 -643952587 889778240
-621001159 -953325172 -201851685 -201851685
-910518074 -979422391 -910518074 -979422391
-96586039 -309941209 -493741610 -309941209
-582315773 -934150965 -582315773 -945209562
-504800060 -869724820 719409723 -869724820
-221772482 350286946 -221772482 -322581301
-750293647 -150709153 -729716037 -729716037
17265610 592099825 -733268739 707324401
-474425434 -313831343 11636401 -556060046
372207923 498403644 414143133 498403644
174314500 -494156180 -103865643 -494156180
-390839332 578061395 458451515 458451515
-603190698 208109956 988909127 988909127
117939263 -333785117 117939263 -333785117
583101841 -148182438 -65978163 -65978163
746646149 865858758 746646149 -894993679
102217966 -32296073 102217966 -467204287
474174408 877088986 474174408 -465199284
-810620802 -810620802 301512079 -144405919
-706731490 364113923 -706731490 364113923
-885189528 -464246547 -621917625 833185583
-22369899 -902379900 585306662 945334028
-288385968 434876101 444793135 434876101
-306009203 822247978 -306009203 822247978
-505271732 -923574144 170351993 -923574144
147876805 85944458 147876805 85944458
695736700 6856169 695736700 6856169
287458427 -725215616 308077691 -425149120
644443288 -871616011 319207618 319207618
403251791 -971664183 403251791 332194001
-959943917 -959943917 -668428524 -21483105
-599933598 -48832069 -599933598 406922571
-763086180 -291774367 -763086180 -291774367
-381407207 -381407207 -394156742 -253023218
752444255 388218405 752444255 780780072
977070307 88432063 -838841865 -838841865
-686287211 -442931202 -686287211 -442931202
-334971338 -846836681 -885476590 -846836681
683293342 683377669 -858347048 -858347048
-108680350 -690232257 -867945593 -867945593
870183062 -251113600 -87848766 -251113600
-213986442 290194037 387022159 343082356
-871788975 -12640257 -871788975 -866109303
-770060453 -584055175 -921488117 -584055175
-939219621 562036872 -35999162 -629451878
-972669201 409269034 -181245340 409269034
448240569 722116915 448240569 -409049042
611270938 611270938 248500393 -548852966
917244746 574747170 956056027 574747170
-701525355 -536054451 782669974 -536054451
-789854331 -768728193 -789854331 619414704
954509460 -870426009 962555722 -870426009
608195227 38330882 -982706030 38330882
-794552742 -574463908 -794552742 780194429
280139140 782612014 280139140 782612014
156601836 673928064 156601836 673928064
101547940 -996684709 101547940 83638284
-470256616 -868335000 -233116262 -868335000
-962445669 -456659187 -536909576 -536909576
-536967536 -536967536 394664216 -901839170
886507294 -966819975 200112120 -966819975
453711280 927696723 453711280 927696723
571397601 853268973 571397601 853268973
-991798689 -284059643 -533906975 -284059643
371307317 -670380299 371307317 -381512114
-846404652 573242104 229400389 573242104
-810040983 408310627 -882344261 -882344261
56557327 -253020254 -465447039 -237657347
944223689 944223689 641611465 -487319602
-604609143 815527179 -978817333 815527179
98140542 -759662984 -476101001 -476101001
-609840429 -463698448 22516644 -463698448
537501869 -965990127 537501869 -965990127
312516408 -777524987 312516408 -777524987
229955491 -253950615 368916365 -102000978
-943580705 884018546 44583818 884018546
-115521868 591609170 958642388 591609170
-79763404 -79763404 -661423325 -45753531
78388257 463526855 300863270 300863270
-974270013 658485081 -809206044 658485081
-989984338 -989984338 -497971473 746550561
-831840561 881670084 -831840561 759768609
-950900780 -950900780 -804021114 -612324105
390357640 634301902 -889836866 -293599152
-4030436 -214065677 289272744 -214065677
-888100647 -275027720 -533555767 -533555767
-610528071 755969346 690810484 755969346
467473740 -9210433 467473740 663452626
-151407007 985243932 -17255447 985243932
-69448385 -756907862 -69448385 -756907862
443729592 -919755263 443729592 -978781776
893191795 -1261028 893191795 -1261028
-732544996 506545435 308582642 258244571
133325368 -918323099 673144613 -28914348
-927611308 -986513675 -927611308 -832002817
-675342210 -932893340 -742581120 -742581120
712831016 112535805 571282081 -435913659
-281562889 -885256299 -281562889 -922501102
176431247 -535043713 110624501 110624501
-413520492 117652328 -814475729 -400034167
658054473 135150509 658054473 577677487
-174720893 -762960771 -174720893 937814912
-256024029 -792037561 -256024029 -141280328
798014994 798014994 948671515 -884512367
-558483867 -752668636 559168461 559168461
-110036741 -110036741 279032064 -974886233
-309129084 -431907964 -309129084 -431907964
-909574700 269109169 -909574700 269109169
-337441615 872508809 -337441615 872508809
-474446655 -982382738 -227115291 -227115291
373737529 373737529 607191365 -494714055
-427567513 -427567513 -754480570 140524523
-373835254 -966234896 999624690 -966234896
-269616367 933957440 -334396481 -544591206
-966509749 -990311128 654903116 -990311128
108226415 -907214324 654041706 -907214324
-992091848 -992091848 659460544 -746572418
94823688 420800975 -796517887 420800975
213442567 -910550373 213442567 -910550373
-396502199 -421264781 -534296974 -534296974
-854299506 -634402545 -854299506 -634402545
-378309824 -38282049 -241752376 -866332928
702327006 -257482569 -893501106 -257482569
-747993205 375445826 -747993205 375445826
265288527 535582046 265288527 844023746
-444420505 -444420505 -207833688 -78823049
298618410 -846730239 -213893958 -887147287
-348111969 123960215 -525383527 123960215
-911804726 -911804726 -782356436 316157454
681184440 -19383649 14045256 -19383649
679043810 129226190 266164850 -676273526
866232258 -920251902 866232258 -920251902
36963339 326654039 36963339 -986560094
-922479488 -815784849 -922479488 -704835924
666286957 -52982864 666286957 -500580340
555232507 -223716308 -463024951 -463024951
830617106 -992865239 -363456566 762881557
-532564525 414197698 794089514 794089514
-723962937 907703925 636485564 -539747786
-606775906 -787029817 -606775906 340241230
-149639927 869546721 -149639927 626643765
-704698037 276401332 577729978 -697563276
760900762 183004635 760900762 183004635
644467986 644467986 -916512044 404688263
624433097 318106899 837403281 837403281
-34601996 -669366315 -34601996 -669366315
327318975 655476535 327318975 -543763341
-906283851 -785799512 -977367474 276720785
871206824 -42907641 871206824 -42907641
822348729 142266170 822348729 -7028019
-886532158 -43460687 -886532158 -703382120
-625635563 -625635563 -125205273 -970159029
-416521902 306642666 -416521902 306642666
-828435346 -243361966 -828435346 128657014
981724231 989943718 -163527230 -23493247
600729458 -102047527 795428946 -102047527
177801162 326116717 -681072384 326116717
189122380 940305756 -215236961 940305756
-442312245 -442312245 -369591604 314325790
875400117 -518994794 -430579770 717860187
-468374367 958395256 -468374367 429578106
-195788610 -925597597 -560724569 -925597597
569197621 60450384 362019729 362019729
-361968431 -898069006 -361968431 -898069006
-87027598 406530871 334237818 406530871
556943918 804147000 367855526 367855526
123330313 504896701 123330313 197732716
473420061 235310779 -72895729 -613613203
-118204841 261614141 -118204841 -16273847
820836794 820836794 -945310340 79884017
884858224 -899423286 541521576 541521576
-540340802 -806026645 960740711 964555900
666356626 666356626 -521015723 -245816243
723802339 400296552 605108149 -162067167
558384675 -885474567 465590688 465590688
-870072589 -870072589 644174909 -769495875
49415289 -852641277 49415289 243388644
-204731351 495274696 -204731351 495274696
894877556 894877556 676212187 147690461
-698868395 -915217005 -698868395 -915217005
-704690219 -936150440 -704690219 -936150440
-873897298 -873897298 175509404 -726538574
431809929 899845929 320068572 899845929
-149294984 80257990 -149294984 80257990
-650487250 -76244565 -565704255 -565704255
713666558 91779049 777516118 777516118
-980117647 -247330034 -875359257 -247330034
-173850712 -549945187 -421488431 -421488431
206662359 91124424 165250798 91124424
-637748924 928616822 286006512 286006512
-918673600 751413743 -918673600 751413743
-503119512 579625233 544590583 249550454
-620463305 365188558 -620463305 365188558
726484173 -302498510 726484173 -302498510
-44312054 988899300 558026040 -263178880
-718302135 -718302135 917100612 -966888393
488096097 -308567870 -79762318 -79762318
-397002211 -444904843 -397002211 968186348
500437040 461109322 -809426869 -949545118
-854842922 -932573322 -854842922 -932573322
-991002417 394367240 -991002417 394367240
72939742 498241942 72939742 498241942
-99180953 -317332560 -99180953 455914204
860685264 484813178 -389446662 174310939
683711577 -985586363 -193834702 603654608
-927337104 -39925146 467030136 467030136
-482589165 446785953 -482589165 -984347224
-231144527 570099009 -976486476 570099009
-401720688 290768646 -401720688 290768646
-866363547 -389541483 903168214 -999433557
-726780068 -942551491 432002070 233294786
-381064683 -856395079 -381064683 -934278730
-948560615 437296570 621538394 621538394
-845729946 961869997 445038700 445038700
249331918 249331918 937011199 859790435
115503333 -566614852 172951842 172951842
810750510 -693590546 856080701 -693590546
220654829 220654829 202038327 -489532249
279708403 279708403 -927119485 94094752
127937737 399372506 -999030521 -82534711
-933667986 133853767 -647766485 -647766485
537167223 -920403797 537167223 -920403797
139631007 384704941 -805814314 -805814314
-541236373 991116259 -959749873 -615839505
-946531221 -551243994 -946531221 305357638
-712122840 -712122840 -304155421 421730928
645246431 920123383 -306970285 577358987
136306219 494583796 528753751 -626472488
-89438738 -704624352 -89438738 -245806127
349464047 349464047 544519496 798220053
812768679 380412731 -638870390 -638870390
-236261664 229304939 -236261664 -463621929
633404246 -302213 633404246 -302213
235629914 235629914 -390627006 531005562
-186757558 -186757558 352117951 -789721710
-360421603 -360421603 -395526820 -980008873
-591217296 -661553439 -210539755 -661553439
109031680 713723270 -891270534 -891270534
-463600604 -463600604 587955189 145772390
-973958351 -64367132 -973958351 378159600
-934967063 -400467565 -934967063 -330493882
-681657227 414714589 -681657227 414714589
114721141 404828171 -339527169 404828171
876519363 930017406 876519363 316990904
904052910 123639178 -817551561 -307797870
627142267 -956845278 625640976 -956845278
-295554601 903529976 -880840013 -880840013
-435254402 -884556042 -435254402 969573769
-128302047 -128302047 747797010 -345768289
-299303042 -299303042 -913347762 824336136
-912056114 -22066042 -868901392 -868901392
826307782 826307782 591603625 582354111
-110158409 -343051420 -110158409 -142198098
