100000 100 999999999
8254 15876
15464 28216
42710 56710
39681 54596
68233 92332
45821 74447
25414 34957
62030 68265
16229 20425
67745 71795
46648 99268
9440 59620
63194 88710
61771 69529
61860 64351
69907 91569
53955 62509
13065 21289
35527 91187
37542 69028
31766 68400
21677 26231
58052 99373
28243 49493
12645 41307
32494 77950
76899 86387
63329 69977
16510 56388
18203 64627
41139 99959
35669 63182
10721 76175
35659 60015
24636 62508
17547 87965
32484 34056
60704 67038
83349 97684
19301 35369
61150 87938
23222 40043
71044 82776
44778 69711
29463 30387
871 54098
8767 83859
60187 75110
14058 21336
63047 64031
34496 43703
10418 57717
97 97814
40493 44875
67524 86307
40404 84507
3164 98818
26235 88340
17935 51353
59819 86443
89945 92188
62328 82051
38446 86312
48627 64681
16033 79553
38158 92204
28561 60251
75928 86253
17554 65872
36011 97112
84149 98338
52278 78662
71755 72327
10828 71705
11155 28381
66995 99301
33624 51143
13991 45489
44697 82620
12755 61449
12960 61903
3184 23787
52168 87535
31110 57670
3158 32174
11565 75987
86053 93504
38369 52177
30431 74968
708 69148
22432 71745
46712 84493
16899 52369
44478 84822
6688 92587
28280 88614
37364 57437
7125 48610
68429 74975
55067 71760
