65000 100 1000
10850 30238
7206 28060
24946 25784
6874 13459
10874 52638
19290 55484
16608 20479
12758 49315
23619 24439
18075 51234
20271 30700
38418 56840
20570 63364
1432 17463
24293 55792
40058 45116
59232 60022
50538 58741
4099 5326
26082 42517
2339 34581
29219 59022
38971 39863
19978 27686
54858 64745
3500 39912
40564 50050
38590 48769
3994 44919
46487 55254
28180 38378
14763 30776
47089 62920
10295 21018
15347 35236
15154 53944
27574 61329
15926 44292
37218 51837
42091 58859
18131 39905
23572 32662
27869 46504
968 10227
31764 57678
2771 13519
53271 59985
14235 52041
52284 55073
26951 47031
10574 58715
26060 32523
49048 56925
24263 39684
21042 24849
1273 19123
34155 47336
5822 47458
41172 41777
4654 19934
26729 47807
6053 35172
18190 26560
17507 24011
9017 33225
13110 36540
10001 48379
36339 50990
9427 63068
16533 42123
41282 53876
1591 32255
58814 62858
16495 54182
25721 27434
12983 60182
57488 59416
19135 38182
28507 60416
27058 54709
5596 15000
21963 37298
7484 15777
15022 39267
991 19584
44117 50821
1893 57526
40529 58840
7526 62491
25338 55929
26583 51622
25889 44226
21816 59571
1784 47351
11652 23150
20640 53399
48891 53977
5200 29553
16932 31088
8778 25100
