10000 100 1237193
1805 4572
2347 4684
496 7541
6422 8973
4159 5726
357 953
7604 7662
5826 7543
217 2340
597 7331
6268 9295
520 8861
280 1991
84 4801
165 4524
2252 4350
6340 6705
1080 9592
1932 9054
529 8428
5495 9820
7544 7582
1124 3769
188 7640
1989 7395
1321 4681
4099 4487
3019 8753
4696 9011
1473 4979
2854 6967
4798 6749
517 1087
2933 3004
2036 5952
8108 8499
50 9155
5326 6785
4429 6798
1764 3634
116 6561
382 1015
2101 5098
2409 8330
4317 7915
8586 8776
2766 4987
6630 9570
4429 7777
3848 9614
1063 3787
630 764
5101 6509
3398 9417
776 1983
3321 8827
6519 7566
1795 9500
6909 9854
3063 4304
2687 3843
9808 9811
3597 5816
7985 8697
4466 9452
4188 5862
603 5982
3880 8621
2925 6629
7136 7709
3163 6943
4164 7467
7812 8501
2516 6488
2291 5951
4812 6466
4814 9684
2500 8978
4536 5015
3073 3392
5741 8412
2624 9588
7058 7837
3282 6621
115 8372
597 8535
3568 4698
5801 6068
5293 8148
2336 6423
340 6767
1654 8261
2958 9205
1288 2984
4827 6998
5170 9171
1521 9564
7884 8617
2268 8224
5512 7036
