30000 100 12410741
8001 18321
2001 29943
20505 23808
2526 12895
10615 12974
21938 28866
3749 23422
21833 22787
8005 29834
6128 24411
16369 26632
5375 7459
3606 10011
733 26239
2349 23462
10018 19808
16170 22498
25019 27471
11281 28543
1708 15744
462 11695
4192 15064
6555 20539
35 7686
8645 12803
9546 11785
1736 28603
4493 8549
10297 28987
1531 20841
14050 27052
20513 26957
17590 17655
2429 28483
22558 26089
6577 22338
27006 28015
10524 12870
5237 15016
21418 21885
20354 29300
7711 20293
5165 6024
4642 27722
2112 17570
2791 7903
5917 11090
12782 16440
7807 15376
14675 28979
15266 17378
8567 22977
7670 12162
23009 25768
14947 29720
26096 28675
13951 20632
20526 29243
19691 24448
21136 24932
1321 2298
5901 6689
8862 22997
13429 14417
20053 28583
11434 18503
10152 17236
10961 14947
14629 17550
13800 20529
590 29014
19877 27564
13767 13991
26985 27195
4760 17037
25777 26385
7072 7210
9491 24836
9782 21927
3429 19879
16759 26854
770 12712
4473 4566
25596 25711
7266 16633
6250 23108
13559 27602
2303 25161
15039 26228
20030 26336
2314 21663
4514 8629
10097 19552
4857 22111
3070 12482
17890 27855
6009 17683
20211 24565
5739 24724
3194 15835
