60000 100 729562916
20457 55048
22796 39827
32785 58804
3861 4841
53883 58156
20574 21649
15696 45291
32506 37947
29145 49411
17652 28292
5589 50436
3448 9449
43957 52201
55330 59652
13843 27835
13950 49561
26902 29165
24665 57044
17812 26734
40298 50876
24557 27251
4126 19886
3254 54320
24072 53556
22720 44897
24368 46645
37509 46287
13514 17345
10659 24201
2054 53180
16176 29211
22309 49441
37087 44486
18107 50947
7124 15805
8752 20638
9502 14834
11411 30449
1393 22070
31001 42272
18288 29389
14329 34463
16719 57260
1424 2346
23183 45973
5808 6658
38130 50912
27295 47631
5745 15058
37127 49079
25761 46629
14883 48866
19640 49834
849 36359
23445 38624
15056 51311
3043 32301
15790 53429
27043 38242
3459 5555
8110 40659
18265 31555
19282 33320
24261 36500
24764 45507
28264 51319
10400 31306
28778 52112
18980 54590
20238 27090
24525 34212
20000 48785
10712 21115
10644 15327
24097 51762
17219 44226
4287 11895
26895 59618
3059 18083
25316 39214
27999 35681
36036 37639
5753 50243
20710 25546
6072 41003
34081 48907
4486 13492
6990 19175
21019 53767
20839 54043
44285 50960
48925 51207
23599 59357
12848 23455
32111 34703
37441 49452
51887 55172
25290 53490
6947 55540
6677 15658
