201 10000 3
9900 2
101 1
101 1
101 1
101 1
101 1
101 1
101 1
101 1
101 1
101 1
101 1
101 1
101 1
101 1
101 1
101 1
101 1
101 1
101 1
101 1
101 1
101 1
101 1
101 1
101 1
101 1
101 1
101 1
101 1
101 1
101 1
101 1
101 1
101 1
101 1
101 1
101 1
101 1
101 1
101 1
101 1
101 1
101 1
101 1
101 1
101 1
101 1
101 1
101 1
101 1
101 1
101 1
101 1
101 1
101 1
101 1
101 1
101 1
101 1
101 1
101 1
101 1
101 1
101 1
101 1
101 1
101 1
101 1
101 1
101 1
101 1
101 1
101 1
101 1
101 1
101 1
101 1
101 1
101 1
101 1
101 1
101 1
101 1
101 1
101 1
101 1
101 1
101 1
101 1
101 1
101 1
101 1
101 1
101 1
101 1
101 1
101 1
101 1
101 1
1 1
1 1
1 1
1 1
1 1
1 1
1 1
1 1
1 1
1 1
1 1
1 1
1 1
1 1
1 1
1 1
1 1
1 1
1 1
1 1
1 1
1 1
1 1
1 1
1 1
1 1
1 1
1 1
1 1
1 1
1 1
1 1
1 1
1 1
1 1
1 1
1 1
1 1
1 1
1 1
1 1
1 1
1 1
1 1
1 1
1 1
1 1
1 1
1 1
1 1
1 1
1 1
1 1
1 1
1 1
1 1
1 1
1 1
1 1
1 1
1 1
1 1
1 1
1 1
1 1
1 1
1 1
1 1
1 1
1 1
1 1
1 1
1 1
1 1
1 1
1 1
1 1
1 1
1 1
1 1
1 1
1 1
1 1
1 1
1 1
1 1
1 1
1 1
1 1
1 1
1 1
1 1
1 1
1 1
1 1
1 1
1 1
1 1
1 1
1 1
1 1
