100 10000 10000
95 1345
109 774
102 2569
108 496
111 1598
93 2035
112 1058
106 857
128 1054
127 2372
107 2202
120 766
118 329
109 1291
109 811
116 2478
91 1963
111 2113
103 2773
1043 6058
120 1889
113 1497
108 2251
114 1580
115 2163
127 2324
117 2780
108 779
115 860
82 523
979 6450
90 1148
1006 7032
116 2778
99 397
98 198
109 2968
114 2095
998 4532
979 4289
117 1380
120 642
127 2918
110 471
107 1820
124 756
989 4458
105 77
115 2857
112 529
112 912
131 119
128 2175
120 1094
126 804
121 387
92 2407
115 533
112 2607
111 1891
116 1505
985 3637
117 1068
93 1116
112 1896
102 2790
115 437
90 2007
982 388
124 1621
111 934
114 1366
122 455
121 1876
105 1721
99 2164
96 1306
110 2884
994 1360
110 2523
110 464
123 2260
108 2036
123 2104
114 1461
1045 1731
99 50
104 1550
118 1552
112 222
130 2195
102 70
125 1622
105 1622
122 1491
102 1440
107 92
107 1087
92 101
115 191
