1000 1000
-239 -291
199 80
-29 -301
-467 823
-184 -320
-812 -974
654 597
417 -850
916 -590
911 -763
664 58
581 -490
268 235
-231 -103
-994 773
591 -151
-899 -787
399 -757
104 976
-387 -501
218 651
143 -303
242 870
-418 128
389 888
-789 -573
-909 381
-170 -576
338 -512
794 560
-856 268
-933 -241
-169 452
976 -545
-87 -649
458 -839
-974 898
-737 -709
506 -288
944 291
-177 -466
-727 130
-633 -321
285 404
711 -882
-185 457
934 388
-533 -942
310 527
-698 272
656 -286
-136 -859
-728 -86
711 104
-243 -359
487 912
-493 -185
385 -575
483 -755
804 379
-384 -829
200 -133
982 -552
815 921
-956 948
421 340
-554 -109
65 -499
-787 -689
-405 4
-710 -674
807 -20
-360 942
-258 36
100 -600
6 161
922 -563
-453 119
218 -968
-675 -914
-861 150
-243 970
-539 -479
280 -322
-417 -626
625 -438
-494 146
796 552
881 402
88 -345
-353 -109
3 848
-793 835
312 195
492 -567
982 861
655 993
176 -313
936 857
514 -583
-356 706
271 -224
-453 -634
703 973
-234 -414
-26 -652
-336 286
-623 -977
287 684
568 892
893 -387
753 242
-608 -703
-414 -430
90 -565
-231 662
-572 49
72 825
-11 -437
-464 -322
-839 847
-732 837
133 976
265 -900
-543 -133
145 -79
-225 645
-17 -540
483 892
921 274
462 230
-57 719
-579 -68
926 470
-414 -188
769 -149
148 -337
-358 661
706 -716
124 191
-473 176
-748 789
-22 -545
-535 -603
-755 -678
574 -122
-410 -242
-93 951
399 913
262 898
-512 628
953 -679
-219 -797
-49 559
-821 -69
-443 -796
581 469
-82 539
-42 -470
-572 -344
816 -810
371 -610
922 214
157 333
-808 17
-822 257
343 -125
-758 -599
843 396
752 -983
-390 298
-500 298
-409 906
546 379
-599 120
-272 -607
-690 559
309 285
-557 -435
-806 -144
83 882
617 680
64 31
-964 586
367 583
-608 -49
474 -158
-890 -218
-577 -397
839 -613
932 -357
-569 796
-793 -174
-675 -631
-877 -897
-879 901
249 113
73 -880
905 -284
-799 -913
824 -985
350 941
580 -86
770 -731
-962 297
-788 -690
170 -767
932 18
316 -365
-153 -563
-237 519
10 231
437 657
-302 482
-306 -300
800 300
778 768
823 -355
995 -925
682 -961
-264 389
223 -439
830 -220
-857 -779
662 -695
474 -120
-51 -386
-760 -424
-72 -807
842 -312
-499 -469
-964 -306
-497 563
-918 -319
112 -831
328 530
-890 -188
68 -418
758 533
113 -25
875 -258
-173 335
618 -518
312 -841
-391 -474
64 -106
-814 750
-591 989
611 -92
-241 -822
-503 -891
233 485
-693 -134
917 -231
-159 491
201 -522
543 662
-712 -47
186 -807
23 -792
-218 -36
-960 -574
453 383
57 859
967 -150
-656 132
831 499
-254 -192
-704 -903
-792 -859
801 -435
-68 902
-833 -294
-575 546
437 -100
-965 -747
-94 713
388 391
-514 -42
-292 21
356 288
524 -375
990 -417
-700 851
-198 -340
460 -360
71 -911
53 -61
646 969
436 -711
-141 524
-102 493
917 -310
828 439
-734 -694
497 693
-877 -372
-540 -18
-79 -406
586 -970
823 -113
934 -189
590 -49
444 -740
787 -464
941 -470
-56 341
-986 796
78 -247
-966 497
236 624
-369 -79
392 130
-275 -777
594 -771
-907 -383
-925 537
-382 842
473 357
-547 982
-334 -120
-118 417
302 -963
458 936
-625 681
78 -368
516 126
735 -85
-472 -44
370 547
-948 784
-469 206
-724 537
-717 -928
-940 160
238 737
-777 563
695 -731
-413 609
-980 717
-957 350
518 674
-928 603
677 612
-838 -208
107 627
-791 26
-512 218
-900 464
-537 -671
-172 -371
-652 531
360 -354
-610 -90
-462 -532
593 -838
871 -41
-188 -851
-166 23
22 -72
504 -617
-442 -326
284 127
467 832
130 962
-339 -171
-13 -307
405 -515
-537 558
-939 657
-509 -643
-789 581
-43 866
835 580
-721 926
-738 775
-247 44
606 -829
-745 -247
-326 321
895 539
632 69
-804 -613
-399 366
746 264
69 -989
-603 -974
-869 -245
-713 492
152 392
456 -145
-691 -136
306 -475
-161 388
961 -421
95 530
-137 -87
-430 946
-451 310
-900 124
-88 -56
623 -606
761 918
-124 -632
-827 584
453 206
904 202
-156 -515
-180 153
650 348
765 634
361 -367
969 640
598 -177
515 460
-51 -534
-916 -237
-900 -404
-943 -982
-165 -59
566 529
968 485
14 965
-463 -723
761 -362
830 715
-743 483
712 -758
-257 471
590 389
119 -105
63 659
-536 256
875 193
937 982
285 5
867 441
-592 74
-763 -249
-46 -951
-846 375
-761 513
-674 -248
628 -81
-640 -102
-912 -41
789 -639
70 11
844 179
-416 -59
-639 -562
-144 -325
-102 420
-252 498
409 -710
51 -969
-595 70
137 -865
-52 -716
-681 236
876 234
-137 -465
-182 566
726 -363
207 -790
-340 623
516 726
-923 827
840 651
-450 492
-475 -711
-310 -235
501 15
-410 -247
1 452
460 498
922 -921
148 -613
709 -521
-532 445
155 -887
-352 601
-206 74
-79 -659
-412 -513
-185 -629
-742 393
-936 -851
38 -497
181 -345
-535 897
-113 848
-481 867
902 627
-22 984
-417 78
-304 -675
-280 -485
-320 -186
-606 -427
-547 -159
-541 -782
-659 -593
225 -819
245 968
281 -750
-514 -223
432 -682
-470 -719
479 -184
962 -55
107 205
350 249
24 395
6 173
214 357
580 -895
-154 281
632 -459
-976 653
716 339
727 466
308 951
934 407
375 -91
-78 -337
-110 684
-220 820
-37 -941
-712 -598
502 -982
312 -36
-719 -848
-771 -611
-748 -916
463 -901
-771 588
-946 465
-573 -38
-380 448
-588 748
598 -437
-717 611
-973 299
303 -619
-88 -28
64 -328
988 -191
-733 -997
549 -703
279 -221
16 -223
-657 -530
304 38
-437 -322
-687 714
815 -69
-565 920
839 -21
210 -723
-190 -862
95 983
-792 777
811 -752
839 660
412 -194
-894 305
-82 720
341 -12
246 749
-808 -56
-740 1
-740 905
833 568
-201 20
-321 -394
64 975
-808 -606
764 781
-965 -605
-806 -561
-39 731
-117 -369
-633 685
-622 -375
-282 717
-872 -578
257 -957
329 -990
335 822
-718 -134
-17 -562
-913 -460
693 259
-484 -691
-52 988
711 -391
-707 -957
-793 -652
606 -968
921 -190
-796 947
345 -536
666 152
-396 -543
650 -314
-257 -757
406 -920
-410 -750
830 51
941 -221
725 -919
-66 26
143 -966
-235 86
734 236
56 -408
-249 119
369 398
-654 165
402 284
387 262
-816 -523
-632 -320
57 901
-888 -686
188 -416
228 778
683 -983
-219 152
-141 -178
438 -301
-723 960
586 165
-880 610
581 -887
135 22
125 -271
652 -686
-526 384
778 758
-178 -100
-154 124
-881 796
-480 867
-325 -832
560 143
-573 -847
-674 967
-166 304
610 -125
-958 -315
193 737
977 -51
695 110
811 753
-159 -226
-387 872
680 5
-262 -707
727 -240
874 -510
-280 895
751 201
-78 -320
-90 -44
-128 329
-177 -181
325 680
-546 218
-147 54
-499 -615
915 -539
-849 610
328 567
-159 147
254 720
-771 -343
145 435
-201 23
-713 227
363 -47
-249 36
956 766
288 248
938 -379
722 894
-21 822
-780 -11
-628 115
-800 405
844 -916
-112 -214
711 871
-424 540
-787 -540
-244 -565
723 462
921 969
504 -415
102 -420
659 922
-64 -857
-68 279
565 -14
994 432
158 -690
-222 103
478 12
493 795
-226 513
248 -959
424 -747
251 358
884 -302
-604 -40
-468 968
-957 -820
-615 -985
-439 -439
-698 501
917 982
877 -23
606 -900
149 -174
504 24
8 -951
-221 341
106 400
-857 -6
804 -856
664 971
-747 -993
-940 -561
76 655
-8 459
-971 -257
-671 875
-873 53
498 -942
-830 36
579 252
392 612
645 898
-539 -440
-17 -734
457 537
-48 232
-196 -936
146 -10
278 944
656 465
-796 296
-437 -255
-477 -554
889 -964
-333 346
-684 668
895 816
-209 296
907 -734
-901 -43
79 -184
-940 -203
814 204
39 805
328 817
-777 -524
529 102
416 -777
904 974
-378 -151
-946 288
-704 256
-981 94
-372 472
-374 584
-166 -866
-205 -717
-870 -530
-792 494
291 -200
662 -685
585 -376
774 -591
-140 -609
735 764
413 -271
438 -972
183 153
-904 -878
722 -347
516 573
-483 6
544 691
-55 698
395 -547
-695 -517
-210 45
-341 -788
244 -395
922 -896
-89 -994
-810 637
-578 -122
-44 306
-508 -456
-464 -68
-663 55
237 708
-606 -887
-87 -565
47 126
-554 -795
116 -815
656 -975
-823 780
160 449
663 -774
737 -782
271 649
-325 629
89 123
795 -616
150 579
-682 340
141 -917
395 -704
927 -640
447 135
-767 -826
-243 -514
287 -971
-27 589
85 -890
-440 885
-512 746
336 456
372 -881
-82 -245
-481 -861
531 -255
78 -33
-31 -890
-495 390
-74 -665
-773 -549
496 -152
218 284
977 -852
-839 101
-60 673
835 407
775 -88
593 654
-132 500
338 897
-974 -178
957 -998
-796 -362
-621 -972
-198 616
752 996
930 138
287 -22
-81 63
-718 -597
320 -783
-980 993
-724 -884
281 -714
-832 582
-692 270
481 -891
251 -290
-435 -799
764 -518
-37 757
-524 460
266 -11
-373 -134
-141 -258
-626 381
-327 -323
31 751
346 -562
-663 -920
-945 728
-696 489
560 -356
537 -320
474 573
959 -438
979 -661
850 -722
242 14
-833 -757
-833 130
385 -519
66 -267
-989 -685
8 497
-119 718
-532 530
-819 94
-103 638
-821 894
-376 754
913 -916
-1 -401
-181 -644
-535 -482
-820 17
343 210
416 -345
-942 475
480 568
568 216
-122 -494
-16 -710
-443 -902
74 355
-998 -625
-339 -132
-512 482
563 -358
928 450
-264 -124
494 468
-782 -584
-119 -510
300 -138
924 105
53 -274
-723 601
929 -993
853 -409
182 719
447 -532
-196 -604
905 -332
742 116
-90 -419
334 -104
55 -512
-74 -652
-264 502
485 -954
-250 -555
573 -372
296 -595
-115 289
-820 -509
432 -470
-921 -696
485 837
-984 87
294 -267
476 670
162 42
-443 843
-461 -907
-11 -711
-687 11
100 -130
-434 684
358 -451
-434 640
-683 582
-965 -170
-681 -49
799 257
-956 100
-322 340
349 -287
-707 -556
189 -214
-61 -406
-112 823
-275 -833
-990 -886
-981 -573
508 -165
488 -978
-958 -343
49 359
-599 -24
474 -958
-631 76
836 -862
-516 176
148 393
350 -935
934 -809
874 831
-464 442
896 646
881 -32
-42 639
-896 -445
-988 -944
-650 -55
-804 -419
366 -392
-580 -784
115 -989
707 -713
-265 429
-37 848
-999 920
-88 470
327 619
136 -790
-631 -175
-936 -276
766 509
-631 -543
523 -348
-454 805
842 364
-294 711
435 672
-946 66
663 -187
614 283
17 -505
-61 786
-619 -989
166 -933
-302 -543
606 -481
93 39
472 891
141 718
578 8
75 -942
879 260
-559 233
579 332
568 169
852 -488
-620 -874
536 -165
448 202
-7 -707
335 715
-980 -7
-409 736
-825 -194
286 -835
451 126
795 -430
-324 -315
269 390
-681 321
605 -380
-704 933
966 -289
746 914
-284 -271
856 458
916 798
-47 79
-379 -617
541 543
-29 -136
809 -980
-985 -237
418 257
265 460
500 188
494 -954
-231 904
520 599
257 -981
744 501
-854 -912
-785 -891
607 224
87 563
648 -389
21 888
-339 -175
-431 189
638 229
523 665
-548 -993
-260 403
110 733
535 248
-407 -104
387 398
560 397
-609 600
-562 1
605 -175
-945 953
-968 159
580 803
-591 972
-926 -997
468 -629
-38 -17
-852 357
258 859
944 408
365 -890
-557 -108
220 623
233 284
587 288
-737 10
-22 -743
-724 151
-610 -755
-344 -86
-328 -214
311 147
888 134
-142 944
-438 371
-30 -209
653 -304
303 560
805 -314
350 -446
160 696
515 19
-948 463
217 574
-850 -50
407 585
926 -581
703 -59
-81 658
639 874
615 940
-271 -111
-574 890
-941 -568
-277 981
-84 256
-406 202
-895 -147
-337 611
-995 935
-380 930
688 -954
229 784
30 -974
85 -623
659 85
701 61
-338 -559
-820 -537
-547 -873
-554 -288
793 248
-340 955
-497 -390
-826 794
-951 433
229 -206
632 -540
-948 754
-138 961
-834 -35
-333 -813
599 926
-672 -634
495 -171
916 -924
-701 235
-281 261
-97 906
878 231
-377 -245
535 -791
-917 -993
37 -841
401 776
808 541
679 960
-594 -748
94 -9
94 -374
851 777
-144 -994
781 685
40 -682
935 345
174 -312
-565 -66
-783 -797
542 29
-483 53
858 879
-909 -583
48 168
746 812
883 -722
-60 -321
-721 -954
902 546
-578 867
-957 687
721 -799
929 -958
-718 -666
-440 -34
-601 308
4 -510
-316 -512
-715 548
-519 259
-98 55
-679 536
928 679
887 -471
-294 157
42 313
793 964
-506 552
929 -711
-526 -577
558 -559
-773 778
317 -583
-292 549
-556 -952
265 622
-73 28
453 153
-871 -505
484 198
536 356
-535 -347
543 -309
200 191
28 493
453 -922
-96 487
-610 541
-507 719
774 -971
-76 -783
565 -176
82 674
302 -437
-163 -643
967 -84
522 -736
-588 414
-230 934
-858 661
-537 -24
-243 -99
350 -484
636 -16
761 -804
376 59
-260 975
706 -777
-210 -429
-603 888
-37 -784
493 962
51 760
121 93
-610 21
768 -571
-539 54
435 -283
-369 -316
603 -244
-789 715
-413 -325
198 -86
497 -358
255 902
185 -485
-12 885
821 487
-768 -307
404 -516
607 -404
-305 618
811 251
471 659
83 72
-33 343
-764 -349
-843 355
-802 832
-999 100
-964 -89
-388 941
-615 -545
674 -960
-40 675
-862 -776
581 643
-450 -624
444 69
844 836
120 -162
263 -175
155 -752
-224 -403
-152 -917
235 399
-236 -109
-212 -283
-582 -13
205 901
-279 987
980 -118
-533 931
-316 630
-385 19
331 -911
797 -284
-968 -611
-725 -344
-203 584
222 32
140 -165
-864 758
-335 737
765 -383
-21 179
-601 -75
-439 -689
933 141
-943 -987
-615 -191
290 -578
298 -794
-999 497
-589 -27
195 109
-450 -12
-519 -148
676 861
-698 -201
-691 596
4 373
-30 -979
870 477
-812 -260
940 60
414 580
543 805
567 552
133 -679
861 83
808 -38
-796 -392
595 229
-744 -684
732 779
897 -88
518 -869
-777 -185
663 -948
902 -310
617 -138
-289 -106
963 881
-629 198
149 715
-443 -249
-747 153
275 -539
509 -689
-459 267
-116 -802
41 70
-659 -961
877 41
-29 -991
266 113
-917 960
189 307
-551 630
-815 973
-717 79
-39 -991
499 482
146 -696
565 306
853 -941
-902 795
812 -928
776 -36
518 311
-484 -188
108 -193
403 217
-749 -885
-213 -856
589 91
-297 -310
900 -300
-926 264
-71 -860
-935 -550
-600 -979
-276 -320
-961 202
-136 677
-814 -787
-581 872
403 -232
627 803
577 -658
536 -789
837 -129
-28 606
-911 -502
-558 232
-464 499
-235 -49
315 326
-232 -508
-127 -375
-554 -984
932 -343
925 -490
-606 869
-818 303
182 276
-625 -290
-484 59
723 78
-505 38
-524 673
-535 236
513 -502
461 -660
-325 -221
-692 -491
151 -69
766 274
-256 928
903 916
-503 -840
-104 -783
526 973
130 381
-106 694
-961 -649
671 -740
-758 372
591 229
154 80
-911 -677
-579 -712
741 -461
-665 -139
327 -933
527 447
-952 556
-852 863
76 -864
843 -463
-114 987
946 103
426 -656
-676 868
-400 490
-678 -32
782 694
282 -991
-467 581
415 490
867 134
527 77
-200 350
109 271
-483 -750
-552 614
-923 151
543 19
515 995
-961 936
232 -854
-618 -206
-569 968
414 -650
36 -112
-464 -197
-544 847
718 745
601 639
703 44
-246 -369
-374 -94
-702 145
272 -672
-436 834
-484 83
-704 -854
379 -68
977 -188
-14 -180
-409 -470
-231 -405
-942 -221
539 807
-526 924
-761 149
679 568
437 -170
-693 -369
-284 -216
-289 433
802 113
141 310
-998 -879
-791 447
838 563
758 -698
507 -768
644 -746
-387 -712
895 -765
277 -976
296 89
-973 -876
-946 -78
-555 163
754 911
-140 285
636 -37
-187 889
-802 118
40 374
231 30
532 -193
-963 -947
767 -668
866 961
136 -735
530 -769
-18 -756
-135 -235
-451 562
-537 93
135 547
143 -225
132 682
74 -329
-15 714
-101 -542
-458 -424
-275 344
432 -233
566 -727
-812 -333
-900 729
216 -68
826 -749
-801 88
-537 -130
816 14
-103 -670
-588 -177
890 -884
54 -500
-802 -907
-165 99
728 859
90 -441
-231 667
-917 -636
-961 -992
644 -394
-942 244
531 -232
-120 645
488 -14
-997 828
-110 -201
-895 -861
-358 113
-373 -909
-715 257
514 879
728 579
-626 105
-330 210
-506 94
356 -311
-588 466
-105 -653
954 -443
-442 -928
-213 -102
-701 719
280 532
350 -339
-254 -985
36 -579
-442 -707
577 -861
-174 32
402 428
-106 513
587 -222
410 -905
-745 853
-236 -629
-34 -107
-435 77
418 -704
-409 27
-883 -812
-806 973
122 706
5 -320
-580 793
-471 215
-783 -203
178 -570
-174 134
-109 -471
244 545
-189 -610
958 7
-518 -139
127 -761
-603 26
-448 -548
-881 -679
-13 825
207 3
696 890
-555 -665
784 218
959 820
793 -923
35 97
909 885
-740 419
-876 97
700 -844
-163 326
109 -981
-984 919
144 717
-163 725
-601 -866
-935 -524
-375 934
-374 844
943 -993
-294 308
142 -746
-496 202
375 -611
161 913
-341 955
288 -35
-953 937
20 391
-614 -392
-607 627
492 775
676 556
-392 -419
-812 754
517 368
-223 589
545 -911
-387 -958
-769 722
-318 -753
664 -713
-948 741
85 -663
-751 684
-390 -410
802 580
893 982
-386 468
985 -851
316 879
-226 -72
601 -288
817 648
257 165
155 556
-819 -338
-449 207
59 -665
583 128
-515 -412
869 -363
932 575
-295 -601
-453 -437
63 -71
965 -49
435 599
-507 -403
97 -691
598 -689
-566 -998
253 978
-980 -157
-19 239
861 642
-758 951
700 -795
266 442
680 -999
46 458
-294 -935
552 -693
-519 -194
-585 -600
-750 -216
182 -126
786 933
73 464
355 229
971 423
833 772
-904 982
111 82
-945 162
-220 -122
-941 -933
340 -291
-100 848
345 34
-799 588
-201 200
553 -163
109 -437
857 628
120 216
322 894
-367 -574
-557 -897
55 -940
-310 -497
304 -226
457 934
-467 -35
140 -32
-387 -25
276 363
-337 -68
-606 174
-355 930
86 -382
99 567
716 -654
258 -704
876 -889
992 590
-166 -625
317 721
316 537
-806 -592
-732 -355
725 680
227 -495
-970 -723
217 531
-391 -446
938 437
82 507
-734 -863
209 -563
-795 856
-534 -615
910 -834
572 464
-372 860
-582 227
-705 948
-917 997
661 -735
-347 940
538 -1000
0 -480
-132 -947
545 -355
700 837
-871 44
858 -926
707 57
-206 643
-165 506
-371 -716
-919 -871
-585 -302
-568 308
-593 173
-471 352
-350 537
318 492
-55 578
-544 -285
568 -860
908 -889
193 -369
176 89
175 36
-377 -285
872 -729
-461 566
273 -480
95 127
877 166
19 -299
115 263
-733 -936
-307 -529
801 410
529 369
354 295
415 -738
-195 473
-734 131
-808 -1
-896 837
226 -865
-722 248
26 -96
13 524
-824 -472
1 957
-98 288
333 5
496 975
100 618
-41 21
-64 -159
-225 772
15 -757
-994 651
-713 716
-3 197
-281 -261
-97 -105
753 -520
-689 621
-522 -302
-911 -296
893 -806
460 696
-793 -349
-23 -22
-600 -525
-141 -961
294 -571
869 421
875 366
-650 683
216 583
-493 -766
-298 -358
-398 54
593 618
242 -612
358 -854
-306 -171
-401 55
163 594
515 -136
301 -347
-659 -336
-419 890
125 -61
438 748
757 -412
-678 327
-10 243
-42 -415
523 587
-955 739
194 636
751 942
5 715
384 708
-121 -922
879 396
374 808
-156 -633
-498 722
681 -81
360 587
-478 -322
752 573
-791 95
-367 616
-148 523
527 84
-177 -968
-926 556
33 482
-190 112
952 -495
575 -517
-242 377
-495 590
-993 -960
901 183
892 -486
293 -466
501 -84
191 723
-856 -143
423 194
-206 186
85 -338
308 520
320 -443
767 -344
-476 -821
356 146
-93 146
852 892
-145 -16
-959 -331
336 -39
-563 685
683 -560
142 -524
348 -928
449 -307
-564 360
506 945
385 -996
857 -802
-295 -923
-57 626
600 396
254 -181
517 -955
381 632
-374 -522
160 -178
319 230
24 -17
1000 -537
840 450
587 318
-30 495
-460 722
252 281
919 182
993 -628
556 793
-67 847
156 939
857 317
-526 20
-408 313
652 -635
444 990
890 -191
-76 582
-2 -456
785 868
-413 403
-612 522
283 775
-279 489
489 402
-226 -14
99 372
404 806
-250 926
-540 -111
486 554
-372 8
-996 545
961 265
586 112
-933 504
-225 169
-693 201
920 951
879 271
-477 249
155 -839
-368 -389
-843 840
354 333
-179 516
808 122
127 853
846 472
-951 -682
-771 271
