9000
69 30
88 27
98 40
129 27
182 60
85 4
72 37
194 72
72 35
304 12
446 3
449 59
492 12
515 50
482 25
468 37
613 68
521 66
696 49
633 32
555 64
803 60
457 34
872 26
1030 69
631 40
775 42
988 3
642 13
1108 31
1123 57
1264 41
1016 25
1094 33
521 25
545 61
1052 79
1514 34
923 13
612 52
961 14
803 81
1195 1
629 14
1601 38
811 32
890 18
947 12
467 81
690 30
687 51
1334 13
943 24
1269 68
1423 8
1050 10
1862 16
1121 18
492 19
732 46
2168 50
1609 37
526 32
1925 10
916 53
1452 71
638 10
732 45
1614 48
1925 47
2273 77
1143 6
2296 75
501 58
1508 49
1430 36
1493 34
2734 77
2940 30
2069 55
3111 34
1903 17
2752 33
2880 24
1566 72
672 39
2017 15
1278 33
2453 28
3361 50
1451 65
725 39
3657 26
3674 6
3675 39
3713 47
3677 19
3713 61
3659 56
3874 66
3944 74
3958 59
3872 58
3754 48
4272 37
4289 73
4312 13
4365 20
4298 56
4274 6
4350 21
4423 3
4323 18
4322 49
4280 23
4496 11
4555 66
4305 41
4622 65
4644 3
4703 66
4436 27
4582 70
4725 74
4695 29
4514 4
4345 31
4642 79
4281 31
4459 54
4712 36
4297 1
5192 74
4531 68
5178 31
5366 31
5047 45
4519 35
4740 69
4679 74
5295 38
5541 78
5556 51
4906 55
5779 72
5292 29
5462 65
5746 66
4329 23
4375 17
4678 18
5263 73
5924 16
6243 29
6054 24
6090 28
6218 45
5144 40
4769 12
5342 5
4443 58
6361 9
4620 6
6215 41
5013 18
5268 64
4771 81
5018 14
4939 77
5079 13
4856 73
6315 36
4385 76
6118 1
6726 58
4292 76
5453 2
5017 79
4777 64
4373 59
4505 17
6061 52
5043 73
7415 32
4717 38
6867 65
6376 43
7703 32
6433 72
5894 27
5502 48
4979 46
4553 61
7495 3
7770 23
7874 27
5136 60
6252 8
6972 80
6214 10
6991 6
6328 58
7972 24
8093 76
6106 69
8034 60
6831 58
7682 49
7605 46
8233 48
8253 32
8319 15
6320 79
4787 70
7726 68
4714 47
6734 5
4387 66
4326 34
5538 62
8803 14
9194 33
5000 2
5146 15
4519 56
7182 19
8905 76
8456 58
7445 70
5038 29
5908 25
9330 15
5883 24
8113 41
7764 45
5395 39
8853 50
8684 22
7373 18
7780 35
7458 23
7474 31
8236 55
5889 61
4665 19
6182 14
7287 76
8405 78
6178 20
7663 18
9015 67
7936 2
5531 34
8250 18
9806 49
9641 21
5113 48
8115 61
7618 18
6568 6
4330 51
9681 33
6562 47
6582 51
10816 4
10817 31
10816 25
10831 34
10882 81
10899 35
10878 29
10917 68
11119 52
10892 21
10983 81
10969 9
10827 61
11158 4
11252 12
11073 24
10838 7
11008 27
11215 22
11325 8
11020 35
11184 38
11505 5
11383 48
11448 81
11104 41
10928 29
10828 80
11571 80
11606 12
11894 22
11454 17
11761 59
10824 27
11416 35
11745 33
11485 40
11164 18
11063 50
11390 27
11457 64
12061 81
11556 21
11572 42
12010 65
12467 22
11419 17
11212 6
11949 16
11347 68
12540 23
11964 77
12635 24
12572 64
11134 65
11216 43
12088 38
11375 62
11004 80
12686 58
12019 24
12888 15
12479 46
11398 46
11285 25
11672 35
11705 58
12214 36
11761 68
12633 73
12522 77
13487 63
11433 13
11624 62
12411 8
12436 76
11502 30
11502 80
13553 68
13743 9
13048 3
13155 40
11563 81
14198 37
12734 3
11412 59
11383 69
10972 5
11674 25
13073 46
13459 44
10860 44
12427 25
13791 18
11784 1
14035 81
11587 65
14209 74
12417 14
12318 49
12342 75
14276 21
12261 46
14439 2
11172 30
13373 7
15049 75
15124 35
15101 47
15173 17
15126 50
15253 68
15197 28
15191 42
15166 50
15144 70
15210 13
15389 12
15443 23
15147 70
15643 51
15267 75
15067 39
15287 80
15430 38
15526 42
15967 76
15936 41
15931 26
15072 77
15441 64
15403 12
15049 6
15954 27
15830 75
15058 49
15448 6
15837 50
15938 71
15176 33
15786 50
16610 25
16271 10
16216 64
15504 65
16457 80
15902 81
16844 30
15384 20
16304 57
17009 81
15553 45
16682 38
16460 17
15704 79
15972 17
15658 51
16302 13
15370 40
15191 60
15993 5
15673 50
16346 29
16719 28
15247 9
15211 46
16633 56
15350 30
15286 32
16071 51
15370 71
17659 44
17493 25
16029 9
15512 10
17960 26
17911 41
17397 70
16134 76
16792 13
17066 4
17571 47
16973 56
16315 37
16826 54
15395 72
15834 42
16787 30
16937 48
16061 5
16702 10
16613 17
17854 10
17326 18
16992 68
18312 7
16916 57
17456 47
15076 6
17431 62
16003 22
17446 39
17891 40
16798 19
15218 81
17129 24
18704 36
17913 43
18040 18
19218 2
16471 41
15976 57
18894 14
18667 81
19093 35
16689 28
16090 49
16265 59
19077 22
15465 68
19272 54
18360 54
19496 36
15985 9
19148 72
18355 64
16940 9
16400 10
18761 17
15263 1
19729 57
19943 43
17877 78
19635 41
19401 62
19909 44
16009 42
17565 11
17781 9
20206 37
18051 48
16591 81
16261 81
19868 42
17145 79
15921 14
18195 20
17378 81
19209 28
18414 27
16195 1
17418 1
15056 33
17532 35
19400 32
17392 13
17358 58
16307 29
20168 16
16794 52
19289 72
15671 51
19409 47
16839 57
20493 55
18166 37
18056 15
17122 78
16884 59
19632 62
18897 28
16447 36
16570 68
20482 76
20954 3
18961 40
21820 23
16002 3
19011 61
15754 45
19338 14
21772 33
20665 37
19528 60
18643 54
17776 66
21517 28
19820 13
19556 48
18171 3
20021 26
22507 28
18795 58
21686 17
15055 26
22726 74
22766 51
22758 70
22838 29
22784 18
22739 3
22781 42
22958 73
23007 19
22995 18
23075 25
22815 62
22886 38
22929 20
23204 4
22848 34
22762 41
22755 73
23348 71
22967 43
23161 28
23246 25
23189 62
22994 5
23289 79
23681 11
23686 20
23130 37
22858 70
23589 37
23906 76
23183 2
22910 59
23789 73
23089 72
23767 74
24257 15
23340 49
23209 72
24374 35
22810 70
23310 7
24056 19
23985 62
23207 27
23862 62
23789 70
24095 76
23650 71
23078 11
24778 69
24953 60
24366 73
22923 24
24858 30
23785 55
23899 60
24484 66
24575 27
23778 28
24891 25
25456 12
25468 72
25527 51
25573 23
25587 75
25537 21
25477 4
25592 73
25670 39
25626 50
25519 13
25780 81
25850 61
25555 13
25521 46
25461 8
25736 35
25908 56
25489 77
25526 26
25863 38
26322 56
25941 41
25557 48
25720 9
25786 10
26324 46
26297 3
25745 36
25580 61
25580 52
25643 5
25749 7
25764 43
25990 56
26287 38
25886 42
26083 6
25572 3
26051 55
25484 80
26467 10
26718 6
26346 80
26976 66
26464 41
26130 29
25542 47
25543 38
26678 46
25571 62
27239 12
25639 63
27523 78
27368 23
27178 37
25686 15
25944 34
26528 16
27353 12
26362 1
27551 50
26766 1
27729 38
27533 26
26572 51
25980 53
26881 25
25719 53
27212 59
27539 47
26389 15
27166 70
26822 55
26016 1
26088 53
25777 10
26538 78
25635 75
28039 40
27095 18
27717 4
26381 11
26754 34
27373 55
25635 30
26187 27
28713 29
27142 4
26888 81
27842 11
28865 71
28865 51
28920 65
28942 52
29061 71
28979 8
28914 79
28905 81
29187 35
29331 46
29117 79
28896 53
29238 52
29486 50
29584 79
29348 13
29472 41
29441 27
29262 31
29331 43
29789 80
28876 65
29447 23
28901 53
29448 79
28983 49
29716 5
30152 42
29078 32
29186 39
29346 75
30426 79
30464 70
30391 79
29376 60
30235 19
28882 76
29610 67
30099 71
28902 43
30121 74
30089 50
29262 55
28935 58
31225 27
30461 57
29354 79
29367 68
29759 51
31063 8
30437 64
30304 55
29282 61
29203 39
31560 25
30811 32
31454 59
29692 30
29442 66
31227 68
31755 76
30671 81
30424 1
29651 81
30815 12
29645 63
31144 58
31763 56
29519 43
30847 40
31253 8
30881 21
30974 62
30166 25
29264 46
31566 7
30565 45
31277 12
29442 39
32743 48
29656 45
31453 13
32871 6
31207 21
29601 30
32192 42
28990 23
30474 33
29426 50
31965 60
30237 48
31089 8
32339 54
33172 22
29684 75
32421 78
30355 11
31818 28
29401 8
32277 8
29292 35
31205 64
30152 2
32177 40
28974 7
33400 14
31624 1
31819 46
32039 63
30812 40
31135 10
30548 15
31649 4
33461 62
33291 63
32473 53
33348 41
30299 80
31146 58
29241 23
32164 34
30977 74
29577 53
34118 56
29447 40
33050 78
34185 71
30800 59
32128 71
32241 17
32252 81
34150 5
29798 81
30352 66
30356 32
33089 66
30108 20
35018 72
32275 25
30000 53
33624 50
31630 9
30913 41
34834 69
35054 40
29612 80
30916 81
30238 18
29310 66
31991 57
34656 11
31217 60
33972 34
34291 2
31158 18
29097 58
34409 36
30566 38
35821 43
30348 55
31607 9
33269 67
34026 22
33747 19
30244 58
30121 24
32014 64
33682 50
35423 39
35528 71
31411 51
33101 44
32575 43
34491 23
36529 69
32394 73
36177 2
29652 49
32201 5
35511 81
33744 41
33513 9
30031 27
32821 65
30324 59
34695 25
31898 22
34865 2
32128 20
30668 37
31504 57
34829 8
30401 53
30805 69
33040 73
35919 42
31055 80
32179 40
30767 68
33925 9
32551 45
33464 15
31287 13
33246 31
32559 43
33713 20
32163 50
35600 69
31685 60
37859 29
32745 71
28932 81
31355 51
29767 23
30727 63
33351 81
34855 38
37688 36
32447 10
34856 62
33689 66
33389 12
33663 69
33783 48
31994 63
30298 59
36572 26
38679 45
33732 9
31882 2
38909 15
31812 43
34357 5
32773 8
29293 19
30709 78
31592 44
36560 61
29415 21
39358 14
33646 3
30282 59
38045 35
38257 77
38052 46
29059 69
39002 31
31179 36
38617 52
32983 41
36516 48
39824 73
33545 62
37230 68
30936 72
35020 72
38234 45
37119 16
30753 47
35194 64
34100 68
36858 74
36252 75
36289 59
39598 34
32862 65
36273 36
35314 38
34437 34
38996 45
32876 35
31545 54
34103 32
36731 19
31075 9
29385 63
30542 7
31520 49
35819 30
40505 50
40246 35
34776 50
34681 21
37665 75
31641 67
30326 36
39778 5
35160 34
41205 40
33013 22
31498 25
39116 37
31366 66
38981 41
31622 19
29045 67
38763 53
39896 46
38601 16
38321 79
41688 36
32941 34
32377 46
31981 37
34397 43
42208 5
38132 68
38438 11
40434 61
37545 68
39311 34
40320 73
34784 73
39485 5
33476 74
40700 70
29937 11
33813 81
32503 70
32364 32
40095 71
42867 48
32119 81
34394 8
30879 32
30643 25
42192 69
34541 39
31280 11
41491 1
38359 6
34316 63
41497 74
37860 3
37757 66
35782 60
34548 7
41049 55
32569 69
31799 11
34903 62
42129 12
31756 30
29579 42
41389 52
30174 70
30117 17
38694 67
34118 57
42565 72
43044 63
41243 18
42671 81
29877 58
40731 4
36206 16
37386 52
43212 36
40472 6
31712 68
34546 11
36526 4
31766 42
39988 22
34352 58
36098 53
33424 52
30801 11
29064 66
40605 58
40614 13
40963 73
41443 6
35501 3
31873 56
37437 38
32006 35
40761 79
34797 43
30737 30
40742 32
44263 30
41344 56
40830 29
34112 22
39540 40
43246 47
30118 64
30599 12
40162 10
36265 11
35696 42
37669 8
36183 48
32927 37
32129 32
45140 4
34346 37
33203 60
37053 56
37135 33
30373 4
34344 25
34190 51
30230 3
36848 18
41527 68
32699 58
37352 33
38345 69
34007 48
35418 2
42942 41
31805 9
30845 48
30743 65
30307 19
29199 37
39202 21
42831 78
46985 57
47004 81
47028 13
47099 38
47126 41
47076 74
47017 22
47121 51
47237 50
47232 15
47385 15
47402 68
47504 31
47335 41
47369 51
47406 80
47706 63
46986 20
47593 73
47731 10
47792 79
47644 17
47585 38
47061 66
47451 14
47703 24
48075 16
47068 24
48116 69
47727 24
47521 48
48260 51
48400 34
48413 8
48427 43
48455 66
48479 22
48504 28
48528 53
48403 2
48620 49
48662 64
48579 33
48665 3
48659 13
48616 50
48613 31
48406 33
48982 12
48986 56
48995 76
49009 22
49129 55
49047 17
49098 40
49065 70
49207 67
49187 46
48989 31
49068 8
49070 16
49475 22
49499 60
49057 17
49111 78
49026 42
49350 56
49314 10
49467 77
49293 19
49108 62
49192 45
49202 31
49341 53
49651 79
50083 25
49401 37
49910 81
49653 43
49425 16
49164 70
50479 38
50513 22
50488 76
50508 5
50527 11
50560 1
50584 58
50609 48
50613 35
50682 8
50820 81
50852 32
50907 2
50919 22
50883 25
50907 68
50972 28
50940 27
50881 45
51064 50
50947 7
51027 57
50867 5
51044 47
51201 36
51273 10
50988 72
51224 10
51192 29
51075 78
51473 80
50834 57
51076 62
51636 7
50886 75
51560 33
51019 61
51430 52
51663 55
51649 23
51648 59
51328 67
51713 13
51144 60
52104 68
51594 76
50900 7
51991 50
51508 5
52397 77
52143 72
52451 13
52222 53
50851 18
51193 68
52110 59
52536 49
52207 77
51865 8
52520 46
52706 27
51387 29
51585 44
51061 52
51149 59
53179 9
52387 31
51064 8
51686 23
50828 66
52459 61
53190 34
51148 19
50842 62
52841 43
53350 61
52372 31
52063 23
53059 70
51241 47
53628 78
51008 40
52559 76
51857 59
51857 7
53792 3
52822 24
53527 53
53509 69
53156 47
53966 81
53752 2
52281 49
53393 70
51662 3
51564 19
53428 77
52837 14
52093 30
54528 3
52509 79
52754 9
52215 53
54794 20
54805 50
54857 9
54871 69
54898 17
54929 38
54843 55
54831 48
55074 62
55145 24
54885 7
55033 71
55090 42
54997 37
55315 61
54865 6
54822 52
55034 19
55090 52
54862 8
55501 31
54910 29
55511 4
54888 8
55667 35
55685 17
55750 17
55762 36
55765 71
55838 1
55786 24
55888 45
55931 1
55770 12
55832 81
55976 64
55930 13
55770 79
56107 2
55841 70
56208 79
55920 3
56299 25
55780 57
56038 70
55940 11
55833 15
55800 36
56022 26
56157 37
56523 76
56112 27
55993 48
56786 28
56797 40
56816 53
56868 1
56843 64
56904 64
57015 57
56795 75
57082 45
57133 58
57166 68
57011 51
57079 57
56907 3
57331 13
56991 53
57463 10
57270 4
57402 63
57555 27
56898 2
57363 60
57311 42
56932 56
57480 35
57481 31
57389 53
57580 22
57567 78
57348 5
57264 28
57019 27
57332 27
57584 31
57884 71
57141 33
57870 28
56888 48
58054 5
57317 25
58310 35
57630 5
58335 2
57783 16
58173 35
57254 20
57533 25
58448 74
57066 73
58471 36
57777 54
57737 64
58530 43
58667 48
56919 70
58803 46
57812 39
58827 3
58854 72
57529 1
56977 36
57724 42
57781 63
57526 75
56810 11
57274 56
59024 46
57398 42
57404 8
59439 31
58758 54
59333 47
58566 29
57156 3
58262 80
57055 67
57759 50
57684 67
59568 47
57400 45
56807 48
59184 44
59755 81
59228 71
58660 60
59525 54
59389 1
59446 68
58670 63
56981 25
59739 34
57740 44
58979 17
57309 29
58436 26
57802 1
58530 25
60314 64
59905 43
60770 20
59136 73
60949 78
60991 15
60977 10
61044 65
61112 32
61146 58
60953 31
61076 33
61013 29
60983 79
61312 68
61123 72
61059 73
61661 78
61733 64
61772 4
61703 60
61719 25
61692 74
61879 52
61853 58
61933 54
61731 72
61838 60
61931 58
62308 66
62158 29
62339 24
62424 30
62304 50
61821 27
62397 53
61853 45
62417 29
62250 53
62488 17
62812 44
62816 2
62852 22
62876 50
62833 3
62923 61
62916 53
62871 35
62959 35
62850 35
62986 22
62879 7
63019 78
63160 16
63134 52
63281 48
62839 9
63078 71
63143 67
63249 70
63543 79
62860 43
63118 65
62930 29
63200 81
62992 5
63872 15
63797 8
62867 14
63904 20
63291 57
63436 6
62833 32
63046 73
63876 50
62941 44
63673 36
63163 13
63205 10
63302 27
63326 68
64184 24
63976 63
63572 35
64257 53
64402 21
63054 51
63191 6
63921 21
62877 33
64486 13
63901 72
64008 58
64176 2
63006 78
64136 58
63660 29
64701 19
63194 21
63619 80
63638 69
64558 28
64825 76
64164 65
64415 3
63180 20
65278 13
62836 3
64895 17
65257 80
64685 58
63304 17
65293 62
64843 28
63738 32
64121 59
64903 50
63232 70
65003 44
63672 8
65703 60
65467 66
64996 31
65562 77
64463 11
63541 56
64277 41
63294 28
64084 18
65112 32
63247 19
65296 33
64709 19
63246 19
65152 66
63131 32
65985 81
64052 31
64755 14
64929 46
64642 60
62949 33
63213 78
64707 77
64310 9
65368 67
64695 17
65129 71
66143 6
66415 10
67027 26
67103 48
64698 77
66897 62
65878 13
63123 23
64008 17
63652 18
66141 71
66086 45
67326 54
67312 50
63013 65
66603 53
64040 16
63816 68
63660 29
64629 27
64245 77
63039 46
66815 59
65955 30
66024 72
66583 20
63169 63
68040 14
66873 68
65167 49
68161 9
62850 2
67747 54
65989 12
65635 51
64580 39
64594 4
63197 22
64860 52
67355 29
64640 1
63138 8
64302 60
68304 81
65568 7
68606 32
63813 79
62907 65
66813 75
64176 5
67300 13
66741 61
68269 16
63741 49
69028 11
68985 71
64453 4
62834 52
65098 80
64751 76
63637 23
64353 25
66213 68
65997 43
68240 10
67830 3
64352 77
69207 56
68400 59
68274 72
67847 27
67160 37
64888 12
69039 27
68305 1
64924 52
69022 35
66224 28
64343 45
69470 81
69456 74
65972 21
64958 79
67371 54
65793 58
65365 37
63470 61
68929 68
64399 78
69861 56
62829 78
69418 19
66515 49
70628 25
69955 54
68234 32
65709 9
69180 14
69330 3
68997 3
64889 52
69413 47
69474 24
66167 77
68010 69
66593 16
68954 68
67124 64
71001 79
63971 78
66092 9
70223 77
64281 24
71838 76
71874 75
71893 77
71988 37
71881 64
72125 47
72041 64
72036 23
71881 35
72156 3
72064 25
72174 12
72066 66
72292 39
72180 37
72226 73
72546 3
72598 57
72616 10
72636 37
72602 16
72622 39
72667 28
72710 63
72816 66
72728 51
72661 79
73099 18
73099 21
73109 34
73104 1
73127 77
73134 44
73213 28
73287 16
73273 72
73172 14
73418 69
73138 31
73328 31
73170 57
73140 67
73406 24
73364 58
73754 77
73612 36
73395 7
73445 73
73550 81
74080 22
74091 47
74094 72
74143 7
74221 39
74123 70
74212 35
74243 49
74159 45
74316 71
74521 34
74227 17
74270 18
74153 34
74484 58
74234 5
74428 68
74816 11
74825 25
74844 81
74931 14
74928 1
74889 16
74865 11
74886 59
74909 71
74897 41
74893 20
74957 80
74886 1
75171 9
75157 12
74915 7
75021 33
75046 64
74829 8
74867 1
75136 11
75355 71
74887 30
74844 7
74897 51
75533 49
75360 2
74966 40
74946 58
75083 11
75215 32
75229 65
75621 71
75843 49
75589 13
75431 43
75845 8
74937 17
75805 30
75462 36
75909 27
75369 71
75469 37
75892 5
75452 17
76078 52
75626 66
75914 26
75881 61
76091 32
75820 36
75323 2
75194 81
75130 59
76644 39
74920 72
75122 43
76736 52
75564 41
76400 3
75332 60
76373 67
75710 38
76956 44
75929 52
75072 75
74884 9
76472 22
75229 35
76762 42
74992 48
76344 46
76993 75
76015 56
77402 75
76419 67
76791 19
75715 77
77372 22
75989 13
75216 81
75806 51
75800 69
77288 6
76269 66
75601 12
74838 44
75167 10
76388 10
77840 21
76126 59
75093 23
78234 76
78268 11
74935 33
78025 49
75423 35
76796 31
78343 60
76176 57
76343 16
75213 65
77644 23
77315 28
77978 5
77824 29
77446 69
76240 14
78847 4
78234 12
78541 18
75226 71
77359 25
78658 63
75689 28
75049 2
77470 60
77060 50
75284 47
78448 60
77309 60
79093 25
76718 57
79322 6
76587 58
76016 69
76528 38
78454 63
78790 61
78692 59
76738 64
78399 28
76792 79
80057 44
80070 16
80066 80
80073 54
80124 21
80266 45
80093 29
80120 35
80062 30
80236 3
80318 61
80251 54
80371 10
80316 11
80205 51
80441 33
80080 70
80622 9
80227 72
80534 40
80691 66
80125 75
80266 75
80623 54
80686 64
80778 70
80481 3
80882 18
80658 80
80889 72
80153 5
81374 21
81090 38
80903 71
80214 42
80142 37
80716 51
80848 15
80977 77
81196 23
80801 16
80484 69
81872 6
81872 49
81872 11
81913 9
81887 9
81933 80
81874 4
81928 30
81895 34
82015 1
81938 21
81995 8
81945 29
81990 52
82124 31
82124 34
81889 13
82128 47
82008 62
82021 62
82393 19
81992 50
81990 65
82031 38
81987 39
82409 3
82066 75
82054 72
81942 16
82215 4
82520 70
82590 10
82445 1
82717 53
82895 78
82831 35
81946 67
82854 49
82087 75
83167 63
81904 78
83174 77
81944 81
82719 23
83506 51
83307 48
83488 47
82983 77
82817 22
83057 25
82602 16
82984 15
82274 5
82385 34
83005 76
82332 21
82793 51
82270 62
83019 77
82359 45
82207 20
82340 36
82179 7
84302 44
82741 7
84260 21
82365 23
84003 15
82622 60
82716 56
82283 14
83876 78
83411 32
83956 20
82890 1
83401 57
83198 40
82482 29
84451 19
84258 33
83577 12
83157 54
82908 59
84358 63
82840 67
84581 49
83206 45
84088 42
82779 19
82819 3
83861 24
85258 34
84067 5
82383 24
84923 3
84886 15
85234 31
83766 74
85247 76
82078 48
82600 29
85610 80
84010 5
84158 27
84534 70
85795 69
85644 15
82108 44
84049 22
83806 49
84847 75
81910 47
85963 34
85975 14
84529 49
82027 58
86003 8
84813 26
85999 70
85203 30
86537 53
86547 81
86600 3
86610 65
86649 63
86736 1
86625 5
86638 25
86699 37
86607 67
86746 65
86566 10
86739 46
86626 32
86731 75
87016 2
86920 58
87097 32
87099 32
86704 31
86559 60
87139 47
87146 55
86598 36
86873 52
86928 37
87044 15
87062 60
87633 65
86806 4
86936 19
87423 80
86907 41
86796 17
87529 72
87717 25
87818 55
87028 36
86644 40
87348 38
88090 32
87599 21
88118 29
86537 21
87570 44
87444 77
86896 21
86801 65
88217 29
88302 26
88117 4
87575 22
86763 63
87957 2
88431 53
87084 24
87434 64
88394 9
87609 16
86678 3
88248 39
87984 60
87295 15
87917 26
86541 28
86748 26
88647 29
87732 26
87076 69
88352 35
86695 41
88523 39
88487 81
87469 32
88460 9
87739 57
89126 23
87933 10
87750 1
87014 73
89024 7
88300 33
86560 60
87186 67
87473 57
88415 15
89467 63
88762 19
86989 71
87198 72
86825 25
90053 48
90068 70
90127 10
90110 70
90058 66
90221 73
90432 5
90437 16
90442 62
90471 15
90471 76
90604 42
90485 9
90466 72
90557 29
90571 17
90689 58
90437 17
90831 39
90455 1
90511 56
90589 9
90472 81
91002 63
91052 75
91046 2
91075 68
91136 64
91132 13
90836 18
90572 5
91089 6
91041 9
90772 39
91078 35
91242 47
91194 16
90902 29
90591 3
90911 48
90473 81
91635 47
91039 54
90820 59
91288 38
90469 33
91761 46
90455 19
91435 17
91577 30
91981 74
91566 11
90535 58
90504 38
91780 13
91494 7
91216 5
90733 10
92003 20
91155 47
90478 27
90712 78
91362 26
91846 59
91174 69
91352 75
92077 8
91534 46
91159 55
91050 53
91880 71
91478 59
91582 47
91948 40
92902 80
92932 74
91243 55
91267 67
92534 63
91296 77
92439 72
93005 25
91869 75
92013 36
93669 77
93701 13
93682 79
93736 51
93676 20
93677 21
93926 21
93749 45
93720 24
93969 17
93897 81
93748 26
94048 71
93707 29
94093 58
93755 66
94194 8
94340 2
94294 74
93694 59
93900 79
94485 50
93703 78
94514 55
94014 47
94605 51
94119 47
94838 57
94297 23
94380 19
93894 17
94247 26
94741 60
93802 51
94829 64
95155 37
94778 24
93910 27
95086 43
93989 13
95223 34
93869 25
95084 43
94068 60
94238 39
95160 22
95456 9
94452 6
95028 30
95203 9
93753 1
95491 19
94206 15
94294 17
95529 79
93755 4
94242 5
95147 62
95092 22
95429 35
95764 72
94315 68
94628 63
94422 37
95297 56
95390 36
95522 79
94658 78
96271 43
95630 65
95556 59
94306 57
95708 36
96134 54
96552 56
96555 48
95954 19
94010 75
93816 75
95446 63
94311 49
94360 49
96555 1
96264 15
94931 28
96075 53
96138 78
95543 41
97327 4
94920 20
96562 10
95953 63
96882 17
97378 1
94158 2
96084 59
93708 61
94351 5
93761 65
95484 41
94737 12
96247 54
95534 76
94625 33
96683 75
96260 14
97294 59
97984 17
96256 29
97068 37
97342 8
97409 22
97563 15
97454 34
95175 62
96013 77
96356 52
96998 62
97354 3
98246 38
94084 42
97775 23
97235 43
95687 55
94175 58
93734 70
98645 68
95057 49
96379 81
95675 2
95750 30
95653 30
97140 40
98534 5
95818 21
94548 16
97517 4
94128 43
97320 2
98028 24
95179 47
98550 14
93769 59
95045 19
93979 24
98493 53
94918 37
95971 43
97015 35
95760 32
96454 71
99131 47
94249 63
98540 16
95465 8
96598 63
94231 8
97652 72
95610 76
96325 35
94563 15
94711 77
97118 24
95281 40
98228 17
97664 22
96898 39
99701 55
95733 47
94293 17
99014 68
93926 3
95435 14
96428 13
99859 19
93895 70
96139 56
97855 30
99828 34
96141 36
98040 53
95288 9
96355 48
100531 69
96850 8
94097 48
95869 42
100453 46
96144 18
96700 32
100874 59
94377 16
100627 28
99178 20
99935 48
94263 63
99471 70
96544 76
100818 53
95139 64
101598 28
101603 28
101607 1
101625 27
101670 3
101657 28
101644 26
101660 36
101652 39
101723 67
101756 75
101912 66
101975 50
101670 72
101675 56
101997 9
101945 74
101928 51
102188 1
101900 54
101867 64
102076 7
101612 13
102430 12
101862 38
102372 57
101793 51
101683 8
101970 51
102350 54
102438 80
101828 26
101657 65
102371 68
102459 60
102557 59
102625 13
102713 43
101859 23
102764 23
102264 12
103056 15
102616 81
103013 33
102003 55
102743 25
102537 63
102719 65
102665 48
103039 63
101726 48
103322 50
101622 77
102874 10
102293 6
101878 54
103830 32
103731 7
101895 1
102457 50
103350 77
102014 65
101745 70
102699 45
104231 40
102160 81
102400 81
104298 52
103527 36
103914 55
103086 1
102446 47
103071 29
102808 59
102316 25
101619 45
104243 13
103502 8
102112 78
102442 42
104319 61
104854 34
101812 28
101843 6
104133 24
105157 7
105158 73
105164 12
105166 38
105272 24
105158 67
105317 66
105197 51
105263 44
105243 72
105410 46
105652 13
105421 36
105725 69
105749 2
105763 67
105730 20
105824 4
105783 32
105867 32
105787 28
105901 64
106037 7
105744 41
105860 2
105834 76
105937 47
106049 31
106158 38
105856 40
106160 45
106104 75
105930 39
105770 63
105796 5
105800 67
106222 72
106486 37
105829 77
105914 7
105866 77
106311 8
106559 56
106927 45
105826 26
106311 18
107037 6
106780 56
106514 59
106170 13
106359 16
105787 29
106002 51
107067 7
105851 34
106654 53
106995 74
106231 77
105965 13
106604 14
106883 24
105946 38
107279 49
105821 31
106659 45
106117 14
106396 21
107390 56
106969 10
106165 23
107421 36
107327 45
105984 57
105911 63
107973 41
107282 17
106082 73
106722 4
106289 27
107414 37
107673 47
106420 7
107003 42
108410 56
108434 55
108513 23
108491 79
108507 18
108478 64
108647 2
108425 6
108586 36
108592 48
108529 26
108546 80
108879 27
108587 28
108653 37
108830 61
108625 12
108460 74
108426 71
108916 17
108815 64
108855 47
108958 23
109224 8
108533 24
109252 60
108638 28
108423 12
108922 9
108789 26
108755 55
109115 69
108534 57
109063 43
108905 38
109582 61
109020 13
108901 8
109293 36
109647 66
108535 66
109416 12
109396 31
109206 36
109499 22
109577 57
109414 39
108443 44
109672 15
109188 22
109830 1
108596 80
108475 28
110002 15
110045 64
110164 51
109509 37
108911 81
108877 80
108799 10
110415 42
110664 20
109365 12
110200 24
109422 68
109427 50
110866 15
108447 72
108841 3
110678 68
109572 58
108946 22
109728 68
111105 80
108950 12
108889 63
109486 62
110257 63
110954 28
109493 68
109003 43
109856 65
111243 37
110282 1
111803 53
110734 13
110869 12
109317 39
108756 75
110771 71
111141 18
110606 7
109251 25
111427 50
108486 25
108757 16
109813 72
109303 13
109233 56
109489 41
111429 52
112005 80
108888 67
112196 64
112233 21
108520 13
108673 55
110755 46
109092 49
108491 9
112910 11
112910 32
112936 54
112947 34
113122 67
113163 45
113184 43
113160 9
113137 62
113291 48
113263 39
113249 51
113319 26
113301 69
113331 4
113330 80
113543 6
113571 30
113412 3
113570 77
113194 35
113543 39
113404 24
113826 40
113405 21
113840 51
113300 29
113698 74
114082 6
113368 17
113616 3
113341 39
113466 75
114090 51
113583 64
113289 51
114379 40
113633 8
114071 46
113469 67
113310 39
114121 16
113275 63
114182 59
113124 9
113961 60
113743 66
113629 32
113391 34
113164 42
113749 69
113375 1
114261 40
113336 47
113573 78
114956 71
114733 27
115064 24
113394 21
114833 7
113270 15
113456 46
113210 59
114459 79
113541 75
113782 45
113651 39
115529 47
115282 12
115329 43
113150 77
113451 71
115326 57
115877 32
114067 53
113965 81
113747 61
114931 10
114740 40
113611 38
114538 45
115738 49
114040 66
114314 6
116455 76
114069 31
114245 68
114022 21
114064 26
114948 7
114202 17
116461 24
116652 39
116140 40
113473 24
116077 2
113878 49
116503 26
113882 27
114957 32
113377 18
113838 76
114830 34
113275 61
113285 11
114501 33
113653 29
115341 26
116282 17
115913 57
113171 21
115106 67
113423 64
116578 30
117188 35
115047 23
113352 42
115463 45
114181 20
115014 41
114172 66
117680 30
116117 53
117607 11
114593 40
116176 2
113868 59
114164 48
114737 60
117405 72
113761 19
114990 30
115161 67
118089 66
113623 55
115493 77
114955 50
118086 52
118389 27
115686 57
117677 51
115123 47
118010 46
116411 45
118906 59
118912 73
118940 43
119069 12
118993 38
118915 61
119032 55
119141 21
118972 4
119030 74
118989 78
119116 7
118992 8
119320 9
119079 41
118921 19
119030 13
119015 57
119392 3
119486 46
119040 58
119284 59
118981 14
119021 68
119603 62
118916 71
118938 22
119296 46
118994 44
119862 60
119197 74
119737 63
119000 19
119901 81
119337 17
119505 27
119943 8
119114 30
120003 49
119672 3
119786 46
119420 28
120062 20
119222 61
119076 78
120664 15
120810 2
120810 19
120815 43
120873 42
120886 30
120908 31
120960 71
120950 18
120955 52
120975 55
120931 49
120932 71
120842 71
121323 57
121210 74
121273 63
121089 7
121357 5
120934 8
121134 80
121519 38
121114 49
121507 63
121240 79
121539 19
120936 8
121135 10
121855 60
120835 57
120856 28
121769 70
121143 20
121906 60
121830 21
121052 8
122155 1
121731 31
120827 71
121171 9
121527 57
121928 42
122260 29
121702 7
122526 62
122536 8
122566 14
122549 62
122626 28
122687 48
122623 13
122661 69
122535 42
122785 44
122668 9
122576 64
122763 16
122913 35
122534 64
122533 67
123249 51
123287 58
123353 78
123375 64
123500 60
123396 21
123535 51
123599 4
123498 58
123333 6
123675 2
123650 38
123733 25
123666 57
123410 9
123568 25
123740 15
123455 23
123477 45
123357 13
123365 69
123939 81
123550 68
123399 39
123736 5
123326 38
123492 41
124011 77
123611 67
123733 26
124436 3
123825 1
124283 11
124412 29
123346 54
124244 48
124350 62
124496 33
123778 63
124526 77
124840 50
124021 30
123957 23
123611 20
124734 62
124896 27
123549 5
124775 41
124563 76
123962 10
124076 80
125080 64
125242 42
125087 17
124169 26
124885 10
123559 5
125217 68
123310 48
123560 78
124454 51
124955 52
125156 81
125361 1
124076 19
123840 42
124860 53
123291 16
124043 43
124148 68
125768 4
125186 46
125524 13
124719 8
125070 65
123582 69
123893 46
126342 32
126373 67
126387 49
126413 2
126490 22
126468 26
126501 41
126374 16
126405 43
126496 17
126440 71
126551 45
126657 4
126750 55
126725 72
126386 25
126752 10
126462 43
126376 61
126434 41
127035 50
126776 8
126790 53
126498 41
127119 25
126550 17
126431 14
127276 70
127282 40
127069 40
127102 36
126893 58
127497 27
126731 72
126559 32
126815 41
126367 27
127614 47
127586 19
127495 2
126449 43
127407 18
127006 70
126777 70
127096 58
127845 40
127853 41
127830 69
127597 22
127822 41
127110 20
127759 74
127826 63
127890 55
126907 11
128071 35
128138 14
126611 42
126351 26
128175 21
127810 17
127090 50
128109 80
126380 18
128201 65
127020 42
128190 70
126720 28
127855 29
127958 26
128589 36
128027 36
128439 28
127979 31
126745 18
128157 13
127402 41
127984 59
126722 72
129365 36
127374 57
129535 39
129539 41
129553 58
129637 81
129720 39
129728 78
129618 17
129665 76
129908 37
129570 32
129763 78
129797 78
130039 31
129949 35
129718 23
130180 38
129741 3
129889 25
130147 69
130127 14
129594 58
129999 8
130067 71
130418 81
129957 24
129639 73
129769 9
129706 5
129827 66
130712 34
130323 13
129591 9
130251 14
130832 4
129908 60
130414 57
129950 39
129755 57
131086 71
130309 20
131268 33
131298 57
131275 6
131361 74
131305 52
131448 74
131367 1
131362 78
131315 52
131425 58
131684 44
131569 2
131476 53
131693 7
131396 42
131482 19
131475 26
131440 71
131685 29
131938 46
131770 73
131583 57
131778 73
132111 19
132063 61
131692 80
132360 67
132043 76
131524 67
132543 61
131623 60
131822 33
132283 52
132795 40
132659 7
132330 36
131337 21
131753 61
132905 71
132977 36
133055 80
132296 3
131558 1
131982 44
132984 73
133038 65
132937 6
131692 49
132652 22
133406 50
132792 33
133009 27
133595 54
132230 75
131928 73
133395 13
132266 53
133415 34
132315 46
132160 59
131416 3
132694 2
131814 57
132177 7
132965 22
131590 11
133703 25
133630 20
131496 71
133804 23
132210 72
132977 71
134073 22
133656 7
131378 20
133771 51
134310 20
133357 29
132942 44
132156 21
133819 11
133059 61
132745 19
132754 69
134511 8
132107 7
131394 13
131396 12
131591 23
131465 24
132022 26
132160 78
132564 37
131746 72
133381 10
134043 36
134032 30
134710 66
133950 32
133573 80
134045 5
134654 40
135144 28
132196 71
133644 80
134890 23
133101 49
131297 15
132728 46
131567 23
132457 80
132708 80
131984 51
134728 45
133042 63
134912 17
135284 10
133625 70
133866 31
131434 27
133991 1
133459 59
135629 51
134912 31
133851 36
135096 44
131862 58
135022 43
134572 14
136127 51
131630 39
135633 47
136464 80
134062 52
132190 67
132885 24
132371 76
135397 12
134355 25
134153 62
135325 17
135257 50
134678 77
136849 3
131669 50
131740 21
134399 63
131462 71
136146 50
135672 46
133160 4
131632 37
137224 25
137181 34
132018 46
136934 15
135663 66
134470 12
137217 26
136128 71
131352 20
135751 41
132078 34
136635 29
132262 46
137903 20
137302 56
133482 2
137656 33
134808 25
136423 41
133765 16
138005 15
136566 17
135130 72
136438 35
137314 56
132359 2
136237 72
134267 41
131612 2
134481 38
135147 7
132796 47
138390 13
132789 64
137334 35
138619 9
138162 77
133049 37
134803 58
135805 61
136379 38
135543 22
133134 43
138851 14
133486 21
136405 68
135542 77
131499 15
138220 2
134141 80
134903 21
135866 2
134615 70
135814 39
138650 56
137261 79
137398 60
139509 55
137311 54
136153 60
137814 43
136142 11
134987 26
131787 20
136656 71
137937 68
138269 19
134727 81
135941 63
140264 23
140276 37
140299 76
140265 81
140341 29
140327 30
140535 8
140401 46
140613 75
140679 27
140647 1
140707 76
140695 31
140716 59
140625 69
140627 34
140943 26
140837 41
140890 59
140977 69
141105 26
140919 23
141197 69
140949 61
141288 73
140951 60
141136 27
141338 56
141490 19
140881 46
141143 53
140653 79
140781 62
141046 12
141061 10
141041 3
141576 35
140726 34
141097 29
141483 61
141490 43
141224 7
140987 13
141196 41
141929 4
141345 35
141982 55
140914 71
141415 76
141984 47
140832 52
142449 68
142027 19
141020 70
140621 55
141748 46
142410 22
140714 40
142575 74
141906 63
141207 2
140676 9
142506 16
141840 35
142030 61
141008 40
140848 69
142774 38
143010 77
140900 21
141703 58
142921 70
142019 47
142507 17
141121 36
141123 26
141101 38
142156 44
143283 66
141991 66
141119 59
141394 79
141076 47
143587 63
140979 66
143365 14
141251 48
142947 45
143058 42
143500 33
142056 80
143008 53
143674 41
141520 60
142466 79
142940 76
141423 11
144155 48
143200 79
143754 2
143034 48
142562 15
140948 54
142429 64
142097 63
141708 21
142299 45
143166 25
141703 20
144704 80
142417 59
141674 15
144429 26
140876 42
141448 75
143150 14
143342 50
143260 18
144079 29
143378 74
141270 8
142824 23
142592 9
141387 6
143577 75
142596 81
143329 20
144572 80
144475 48
144686 18
141400 74
144759 51
142974 13
145554 29
144571 32
144144 5
141184 48
141052 59
141590 79
143966 30
140654 24
145137 21
145098 69
146246 15
143968 13
144516 25
143189 30
141634 47
144018 43
141747 46
146576 33
141100 43
144553 32
145950 73
142403 27
141036 79
147004 52
141335 13
143744 9
143744 22
143178 5
140764 46
142181 1
145569 77
140990 59
144719 9
146389 79
146637 6
147139 28
143372 77
142349 21
142332 44
144960 37
147549 68
143271 72
143363 76
141032 39
142972 57
144031 60
147572 60
146482 36
146021 37
146271 24
141929 60
145556 23
141243 69
145419 17
146861 32
141832 44
142994 47
145293 13
147620 43
145662 20
147846 26
142653 71
143013 53
143314 60
140723 24
144603 17
144597 16
146037 1
141655 73
148217 64
147026 26
141298 75
148671 7
143731 43
145954 74
145097 77
144773 45
140872 21
147771 8
148808 10
141951 16
146964 69
146264 47
143865 33
144935 28
147222 14
142264 34
147601 39
148938 7
145424 30
147435 78
149186 15
144436 8
146182 28
148362 4
146809 41
142901 57
148344 18
147085 6
146707 12
149129 33
146151 45
144307 11
142300 65
143585 6
150080 71
150116 10
150082 63
150167 71
150124 42
150135 17
150232 27
150125 43
150147 63
150362 38
150225 10
150084 73
150116 35
150536 29
150539 63
150336 2
150116 6
150642 24
150669 48
150442 39
150137 34
150577 57
150868 33
150943 45
151036 33
151055 25
151088 37
151074 63
151168 34
151201 28
151084 36
151070 79
151154 68
151216 2
151282 30
151301 49
151579 73
151603 49
151619 50
151716 42
151616 46
151694 22
151785 26
151818 28
151765 7
151699 25
151598 19
151632 9
151579 20
151650 18
151623 56
151831 7
151871 24
151968 41
151787 69
151953 29
151622 73
152375 43
152407 67
152464 63
152428 11
152488 43
152381 59
152625 78
152540 3
152544 42
152589 16
152681 13
152547 50
152613 78
152639 8
152812 79
152826 5
152715 38
152768 60
152408 11
153019 14
152638 6
153060 10
153127 47
153085 69
152459 65
153334 43
152706 26
152585 53
152971 47
153280 68
152841 75
153301 61
153119 28
153288 22
152598 21
152948 50
153431 23
153835 33
153657 65
152853 14
153881 9
153792 30
152725 13
152511 18
153834 52
153692 65
153833 60
154117 59
153684 56
153150 77
152726 40
153885 29
153249 71
154414 66
152616 66
152463 22
153985 40
152962 66
153290 20
153724 15
154586 67
154159 74
154912 30
154050 60
152845 23
153277 21
153769 38
153283 16
154408 2
153015 76
152717 10
154498 54
152580 27
153316 6
153804 24
155158 51
152443 71
152700 78
154055 32
155189 36
155511 55
154853 12
154676 2
153374 46
154283 32
155330 24
152943 77
154997 67
152819 59
156002 74
154443 59
154172 33
152407 37
155901 50
153665 66
154476 12
155286 36
152927 63
154928 75
153325 57
156621 19
156638 68
156699 14
156702 76
156652 16
156744 20
156804 8
156835 35
156770 31
156711 27
156719 76
156718 68
156879 48
156773 66
157033 54
157116 10
156671 55
156693 54
156925 73
157183 73
157119 63
157057 52
156796 57
157665 32
157040 58
157579 8
157702 4
157587 2
156738 78
157422 65
157904 17
156862 51
157504 72
157607 12
157706 27
157291 3
157457 23
156896 31
157812 77
157226 12
158272 41
158280 12
158292 73
158282 46
158312 76
158327 70
158406 38
158462 34
158411 45
158353 62
158608 78
158813 24
158484 33
158602 80
158832 50
158965 16
158288 67
158317 44
158448 45
158505 2
158355 59
158850 6
158331 71
158720 3
158465 71
158987 43
158312 2
159235 18
159426 10
158742 3
159274 26
158758 4
158850 14
158978 14
158921 65
158522 81
159275 1
159537 9
159022 72
158430 56
158461 40
159316 18
159602 31
158415 28
159613 25
158430 69
159167 15
158517 42
158785 32
158945 28
160153 49
158417 70
159438 49
158360 71
159519 41
159649 62
158899 79
160113 43
158457 53
159984 37
159774 13
160187 23
160426 70
159081 5
160583 19
160240 15
159078 72
159088 46
160586 58
158926 65
160215 74
160188 27
158459 54
160060 8
160455 13
160138 28
159272 41
160709 81
159106 13
161423 62
161208 11
160650 56
161173 70
161610 20
159752 42
160848 46
159410 13
160288 20
158738 44
158365 73
161583 46
158748 71
159674 26
158893 45
160664 3
161197 63
162201 30
162207 55
162257 22
162316 69
162330 33
162407 68
162409 70
162438 60
162340 63
162554 41
162392 6
162428 46
162510 47
162515 71
162464 64
162656 70
162675 47
162734 14
162699 72
162929 35
162673 47
163006 21
163337 10
163339 72
163344 5
163391 64
163445 60
163473 20
163425 68
163533 76
163472 76
163495 62
163874 58
163897 18
163892 28
163958 37
164010 49
163889 66
164079 36
164011 53
163951 10
163892 58
163876 81
164065 76
164048 32
163930 78
164508 55
164014 27
164548 70
164149 62
164837 52
164876 70
164912 73
164842 3
164926 30
164970 75
164900 57
165107 18
164996 74
165121 66
164886 69
165207 77
165027 22
164848 25
165483 23
165377 10
165208 22
164994 43
165353 41
164858 3
165769 61
165823 62
165802 16
165821 51
165787 32
165881 71
165950 3
166057 60
165893 25
166135 49
166170 62
165902 18
166183 4
166117 9
166246 69
166302 35
165772 28
166023 74
165822 42
166211 23
166448 50
165787 62
166406 53
166348 30
166444 63
165991 63
166763 4
165854 55
166745 47
166505 5
165884 43
166209 43
166726 19
166236 49
167036 39
165880 18
166980 74
166371 47
166480 29
165791 43
166905 58
166610 52
165884 60
166687 4
167542 53
166597 66
166027 77
165945 31
166129 35
167086 48
167404 12
166016 8
167411 1
167004 59
166261 49
168062 50
168089 42
168098 45
168088 32
168074 51
168137 55
168320 7
168320 29
168295 74
168062 30
168480 79
168532 13
168488 2
168529 77
168588 38
168587 25
168512 14
168685 56
168616 66
168731 45
168640 47
168551 7
168616 1
168637 76
168733 22
168756 64
168744 52
169013 9
168633 1
168495 20
169102 35
168648 14
168550 29
168551 43
168714 8
168623 69
169220 39
168993 21
168749 26
169308 14
168616 63
169155 24
169079 8
169614 15
169617 56
169680 7
169653 70
169636 14
169764 57
169634 37
169633 79
169824 69
170089 44
170133 5
170114 27
170119 66
170198 23
170140 64
170132 34
170245 14
170109 57
170198 18
170269 23
170209 4
170199 35
170136 26
170150 62
170209 34
170481 29
170552 5
170602 74
170384 53
170373 48
170458 1
170753 71
170467 38
170902 54
170593 59
170694 50
170095 33
170722 60
170694 17
171182 2
170263 60
171111 47
170302 72
170499 36
171159 60
171245 45
171467 55
170713 23
170810 21
170569 50
171088 18
171032 60
171395 14
170734 68
171122 40
170549 76
171211 43
170811 10
171581 1
170305 4
170711 49
170786 8
172013 30
170947 73
170473 43
171336 15
171257 54
171811 14
170641 67
171776 68
171349 18
172130 73
170336 53
171407 28
170604 34
171663 65
171072 69
170682 67
170908 64
172814 15
172213 67
172771 75
171021 17
170476 19
172058 51
172510 6
170247 41
173192 51
170263 47
172719 45
172343 64
170293 56
171635 75
171248 70
173690 16
173702 68
173752 13
173746 66
173809 13
173859 66
173727 18
173944 15
173794 65
173715 74
173778 4
173814 18
173770 66
174079 56
173795 52
173701 70
173931 26
173909 19
174095 42
174417 48
173959 70
173865 62
173774 45
173964 76
174372 27
173858 58
174197 50
173836 3
174420 37
174212 30
173835 35
174256 3
174807 1
174066 72
174437 22
174318 42
174598 67
174451 1
174421 36
174710 25
174620 41
174105 6
173855 34
174774 45
175116 28
174837 35
173891 70
175425 12
174684 41
173994 68
174802 60
175068 5
174262 76
175441 75
174738 61
174331 13
174748 2
174544 63
173912 52
174396 21
175120 80
174040 21
174217 23
175271 7
175426 58
175346 21
175610 50
175183 66
174560 36
175223 45
176461 4
176405 2
175719 76
175526 66
175099 81
176165 17
176328 54
174228 35
175343 19
175114 29
175645 52
175285 17
174157 75
173984 9
175716 54
176224 28
176247 56
175866 58
174711 17
174335 64
174234 58
176910 13
174643 31
176650 53
174701 20
174400 71
176043 63
175264 63
177021 71
174207 56
177374 48
175388 1
175868 62
174824 15
174473 5
174372 49
175971 80
174319 7
176677 42
177323 25
177054 16
173757 34
174324 63
177073 63
174700 76
175435 72
174786 15
178067 23
178286 41
177980 53
174638 56
174197 58
176080 57
175621 17
175341 23
174972 13
174104 26
178154 10
173780 12
176626 36
178230 73
177502 24
174687 37
178435 26
177709 5
174549 61
176672 78
177803 72
179068 65
177383 2
173818 19
177093 52
178391 53
178620 35
177232 45
178035 11
176372 21
178414 8
179604 26
179611 4
179613 24
179652 78
179721 44
179725 59
179675 26
179816 16
179733 7
179634 10
179638 34
179824 41
179771 1
179948 51
180060 4
180063 57
180094 73
180072 9
180134 69
180231 40
180076 74
180358 9
180268 23
180398 70
180488 23
180214 49
180102 3
180642 58
180645 15
180700 23
180708 7
180653 74
180711 16
180664 2
180794 77
180659 9
180868 49
180957 46
180676 31
180828 25
181064 39
180799 25
181137 40
180817 2
180787 44
180903 39
180838 10
180762 78
180790 73
181400 14
181158 7
181133 10
181340 15
180819 61
181332 71
181533 66
180965 80
181713 64
181590 77
181432 52
181381 43
181865 24
181756 19
181621 27
181474 1
181197 32
182006 17
181465 51
181191 18
181288 13
181002 76
182119 36
181055 46
180888 15
181607 27
182009 43
181430 36
181911 48
182000 43
182196 75
181834 45
180657 72
180872 3
182185 30
182040 37
180969 43
182122 34
182682 8
182291 59
182789 6
182953 29
181799 58
182229 50
180677 41
182798 41
182867 1
181451 34
181853 9
181872 41
181217 34
181330 49
181689 14
180770 79
182751 12
183144 23
181285 57
182956 9
180933 12
182220 16
181899 15
183458 18
180957 52
182726 26
182121 72
183429 25
183531 18
183326 29
182570 74
182065 32
181436 25
182777 59
180898 32
183323 2
181853 18
181639 56
182596 74
182361 41
182830 39
182798 26
183179 59
182586 58
180893 39
181295 15
181437 64
181662 36
183155 65
181814 31
182833 37
182240 47
184644 43
184589 7
183646 37
182381 6
182855 52
181293 5
181144 50
184563 43
183840 12
182855 62
181745 63
182621 23
184135 31
183805 54
183697 77
181336 70
185065 5
181476 54
183215 14
181851 4
182170 81
183750 60
182097 15
184898 64
183221 77
181246 52
181055 24
184529 58
184685 37
181048 14
185736 19
184945 45
182958 33
182045 3
183853 57
181014 3
181903 24
182789 7
185654 58
181369 58
181202 5
181566 9
186182 59
186005 8
186154 71
180744 80
183979 73
185635 37
184385 58
182744 68
180922 72
181156 3
184153 67
186471 67
186609 66
182543 45
182178 5
185248 19
187056 14
180686 26
182432 68
185653 77
185598 48
182241 78
184905 23
185758 20
184731 71
185346 55
185085 57
183930 55
186306 40
186757 16
185995 73
186698 58
186189 60
186645 51
184854 62
184208 3
184284 7
187345 50
186437 4
187989 71
182226 42
182550 63
184046 54
185186 1
185986 59
187678 56
184523 8
183497 59
184599 38
183327 30
185764 44
184995 48
184605 36
185719 48
184134 4
187258 8
184221 33
181442 69
183356 10
188652 55
187922 59
188136 29
188074 39
183068 17
186575 78
187304 57
187511 53
180694 71
180940 79
180754 33
184048 67
187356 60
183535 26
187839 67
184461 69
183903 59
182854 42
187645 26
188292 69
181946 62
180650 51
185491 79
184170 63
187558 39
186755 53
181615 76
182363 2
183403 74
184746 36
189076 59
188532 36
188046 40
188041 4
182574 79
184581 37
188902 37
188729 70
182079 11
190741 27
183400 49
184845 30
190760 34
180684 41
185898 11
184183 43
182123 10
186134 4
183014 80
189537 22
183299 74
182660 56
181245 34
190114 38
189728 32
188550 72
189584 78
190125 14
190586 9
187702 40
187209 77
182968 34
189857 41
189754 42
189070 72
183004 47
181607 68
181113 41
192113 20
192126 30
192140 34
192150 14
192208 15
192210 72
192235 78
192192 44
192405 28
192294 39
192393 32
192414 54
192303 28
192140 77
192519 44
192221 45
192731 52
192703 14
192261 36
192327 32
192888 15
192200 10
192852 40
192525 34
192619 43
192520 25
192220 22
192986 72
192581 29
192507 56
192756 48
192257 24
192186 45
192166 48
192326 78
192607 2
192897 39
192235 37
193210 41
192871 11
193116 3
192335 48
192589 54
192935 31
193253 8
192326 43
193761 68
193356 20
192304 42
193364 72
192694 28
193798 36
192327 42
193163 69
192352 19
193377 1
192286 69
192268 19
193907 51
192999 63
193418 30
194263 80
193715 24
193175 37
193322 52
192353 66
194620 80
192795 51
192361 32
192225 62
192920 6
192893 60
193375 79
192163 81
192921 66
192661 8
193342 13
193709 18
194331 11
194423 65
193425 25
192553 79
195380 52
192234 34
192422 61
193105 70
195231 45
192808 22
194859 67
194101 35
193728 71
193532 41
192559 40
195224 11
192193 22
193507 42
192697 57
194064 65
194070 52
193835 64
195144 65
195589 28
193456 61
193843 31
192752 19
194932 40
192490 6
194001 40
195665 64
192819 39
193971 14
193418 60
196560 77
192820 68
196811 50
194822 51
193587 26
195105 53
194775 72
193476 67
194166 24
192316 13
194455 58
196051 68
195545 39
194100 38
194943 76
194814 63
192648 15
194369 31
192488 76
192791 22
192695 8
196395 79
195416 54
197046 33
194878 71
197107 60
195122 7
194845 39
193565 18
197282 5
195989 42
193176 76
194477 77
197876 47
198129 18
196927 65
193617 46
196143 64
194494 23
193459 43
197714 71
193339 18
196958 33
194218 23
192536 10
196191 69
197115 53
197554 39
198845 10
197906 24
195449 53
192514 8
198300 48
196600 14
195983 21
195368 58
198249 55
192769 66
197067 16
195193 68
199410 65
199423 15
199465 57
199533 25
199524 46
199554 7
199568 55
199529 56
199498 25
199686 33
199698 75
199799 74
199654 48
199750 45
199438 22
199431 4
199748 27
199687 14
200090 3
199480 19
199780 20
199742 43
199983 45
199584 59
200140 48
200154 49
199986 38
200377 70
199494 15
200064 1
200409 63
199784 22
199542 39
199500 40
200492 32
200338 11
200029 50
199686 6
199970 1
200619 8
200083 29
199869 24
200153 49
200771 70
200409 67
200791 12
200081 53
200786 55
200134 63
200377 49
199425 78
199838 57
199746 60
199671 34
201530 70
201548 69
201639 62
201680 38
201763 1
201642 15
201665 47
201689 61
201567 14
201833 41
201790 4
201576 47
201651 1
201756 14
201946 25
201936 50
201669 17
202089 50
202030 26
201566 75
202242 23
202201 34
202016 53
202212 51
201534 18
201766 32
201891 60
202210 17
202123 56
201647 58
201762 8
202136 55
202106 26
201757 77
202007 20
202824 16
202846 15
202866 47
202491 26
202787 62
202153 49
202677 8
201893 32
201946 9
202760 1
202955 79
201555 18
202814 44
202792 28
202016 27
202467 36
202810 11
202946 50
202554 60
202705 10
203043 15
202366 24
202741 17
201607 26
202547 26
203077 8
201784 62
202163 14
202681 2
202625 72
201839 46
202943 22
202395 28
201646 80
202397 6
201911 31
201987 40
201923 56
203032 63
202251 36
203204 7
201783 55
203562 67
202024 53
202909 56
202508 39
201550 51
201749 7
202018 52
203733 3
202851 31
203798 5
202361 45
203032 71
202840 58
203887 33
203548 2
203662 26
204296 70
201654 38
203178 33
202795 20
203371 19
203455 74
201774 37
201964 75
202481 57
203880 38
202211 56
203162 45
202775 38
203357 59
202433 65
203998 73
205266 54
203686 48
204120 43
205713 9
202700 17
203735 53
202213 38
203889 2
202206 48
205565 73
205372 50
204787 54
204040 18
202748 42
202907 69
203570 39
202588 54
205285 18
204348 13
202411 75
205186 48
202075 67
202358 43
204297 65
205718 73
201651 57
206151 13
203751 43
205275 76
204082 13
204365 25
205665 19
204170 26
205992 55
205474 33
203388 41
204073 1
204343 80
203525 69
203804 14
206194 68
204849 71
205983 74
205401 15
203843 32
207140 30
206486 79
204937 56
202789 8
204231 14
201652 2
201901 18
203864 81
202253 53
206697 81
207719 24
202230 21
202482 68
205063 78
207010 60
206394 27
203985 3
207304 24
207422 33
202911 36
206172 65
208282 16
202781 34
203523 4
205174 27
207457 2
207361 61
203866 48
204751 52
202283 72
208384 8
204420 35
203950 6
204958 71
203042 77
205752 53
203111 65
206322 1
206866 21
202360 16
202528 1
203948 80
206794 48
205068 52
203372 23
208092 21
206089 7
204337 47
202881 36
206061 69
203802 53
205672 51
202922 62
202014 6
202074 16
204151 3
207646 33
207615 22
202118 16
205701 18
204419 67
207578 56
204281 68
204728 76
208351 53
203687 27
203130 65
203022 55
202154 29
201534 22
208077 49
207889 46
210254 11
203208 72
206417 69
202601 74
209359 57
209079 10
210319 26
203695 59
206522 17
209939 31
205062 23
208193 37
209035 79
208240 50
203568 17
201570 28
203217 24
209114 52
202230 31
210326 43
207988 63
210027 28
204373 14
211036 7
207656 35
209680 15
202348 18
203916 56
211256 4
204212 23
202772 47
204080 52
210985 29
203178 46
202792 15
209275 8
211519 18
209280 37
210833 27
204710 3
207647 12
210586 76
208903 69
206348 20
206026 59
208146 40
208584 6
205096 63
202908 33
210315 29
208093 11
210114 74
212060 2
210251 52
208886 3
201890 67
209100 80
211768 26
210491 9
203814 64
206161 68
203124 50
201928 77
206057 32
205611 57
204116 70
203819 28
210075 31
205650 18
207564 47
202186 23
212987 38
202759 5
202114 24
209486 33
211526 9
211087 72
202940 66
205639 3
204776 78
204517 60
207313 7
205700 57
206960 65
212972 19
212597 1
206761 78
202190 21
211003 35
210907 30
201932 21
206428 75
212474 79
213798 44
205132 3
209702 27
206300 23
212141 52
210173 30
209046 23
202652 61
208380 22
203358 23
205058 4
211488 4
206285 57
212838 24
213399 58
212209 78
203273 5
210795 29
201810 15
205163 17
204715 59
202881 75
214235 19
211253 69
201787 58
213103 7
203738 63
205436 77
209714 69
204712 64
205871 43
211764 65
206144 68
207200 62
213431 35
215262 24
209464 56
208967 25
203363 55
212100 37
208716 59
210846 59
202850 23
209747 9
214853 70
214411 6
207962 38
207620 58
202901 60
210878 27
214569 38
214944 72
210792 72
208372 73
210236 62
206291 80
215353 3
208346 55
210514 69
206234 48
207259 71
213954 18
211224 50
214486 74
202013 19
209085 67
206179 14
201594 76
215754 68
202326 26
210411 20
211491 27
209668 24
211146 34
203737 80
216558 70
204109 9
205076 47
208910 64
202574 54
209127 43
214575 4
213447 23
202283 74
211701 35
204092 16
203253 46
210525 46
215192 6
202219 10
205951 39
215896 17
201769 43
216993 4
208334 21
213447 81
213859 22
210903 21
217236 71
215784 12
204001 33
207023 6
205322 23
204198 42
203011 32
215977 40
217629 20
211020 29
214920 1
209575 63
205628 42
203713 61
211587 59
206314 74
216351 16
208043 18
218204 14
211358 64
217459 36
204691 48
213064 45
207482 65
210508 58
203808 52
202431 1
205664 7
213772 68
205372 60
215331 19
216398 80
204528 43
214638 38
216916 54
213076 63
208327 10
207817 39
212648 12
203156 61
201736 51
207473 65
203951 33
203362 79
217606 19
219156 25
206375 8
204927 80
218333 17
204730 24
204814 4
207391 55
219060 31
211186 57
212610 35
213320 39
209559 22
218959 2
207498 1
217928 4
217298 5
218286 23
219042 56
202075 15
219438 20
208054 59
217219 15
219522 75
217655 52
218055 37
208925 25
202637 68
214717 1
202441 52
202537 24
218159 63
218873 31
203071 1
207690 3
212092 37
212056 78
220964 31
220983 48
220975 13
221045 81
220981 58
220973 79
221086 70
221337 63
221292 58
221000 10
221013 53
221262 80
220978 80
221312 68
220996 14
221680 42
221405 20
221060 21
221426 17
221138 74
221804 24
221943 47
221291 77
221379 70
221534 81
221966 74
222045 15
221916 1
221240 20
221262 42
221303 63
221081 65
221323 63
221124 19
221009 15
222258 41
222571 15
222365 22
222544 26
221976 20
221872 13
222685 75
222211 72
222882 53
221898 50
221375 62
221161 49
221186 62
222257 25
221629 50
222341 49
221199 61
221282 52
221643 17
221557 58
222037 11
223100 62
222336 48
221962 1
222428 5
222998 36
223467 60
222868 10
223675 31
223228 59
223043 43
221212 57
223753 17
221358 57
223775 25
223364 37
222640 39
222923 10
222762 52
221385 55
221612 54
221489 60
222430 57
222904 9
221704 54
224431 79
221870 1
222180 27
222785 78
223384 59
222100 8
222924 67
222729 69
223541 13
222222 29
222067 9
224488 52
222760 6
221806 28
222388 81
221777 79
223849 63
224134 24
223959 44
223219 49
225262 64
224098 59
222364 8
222333 17
221776 40
223535 17
221346 51
225427 6
222756 18
221851 80
222217 34
225153 24
224997 66
225264 39
223624 5
225835 54
225852 31
225894 3
225882 54
225865 33
225843 50
225843 48
225963 29
225874 79
226058 64
225914 64
226007 11
225970 48
226289 37
226038 36
226023 30
226462 1
226418 6
225905 3
225911 25
226177 14
226423 1
226264 38
225920 81
226528 81
226429 20
225909 46
226389 19
226566 20
226210 7
226502 65
226881 35
226088 29
226079 65
226744 51
226063 35
226150 49
226460 10
225973 28
226066 51
225850 46
226953 10
226342 20
226269 58
227091 79
226162 54
227253 27
227378 81
225999 73
226494 7
226631 20
226362 12
225906 81
226128 36
227480 40
225962 25
227427 28
226518 78
226586 78
228150 32
228182 27
228150 63
228152 77
228281 47
228175 22
228191 68
228176 74
228236 7
228561 37
228446 63
228645 38
228457 39
228362 60
228476 54
228587 64
228654 22
228894 78
228849 81
229113 45
229138 59
229155 48
229192 49
229195 72
229341 35
229273 72
229448 58
229131 35
229433 30
229327 55
229350 25
229120 68
229601 49
229172 29
229211 37
229748 20
229785 33
229581 61
229144 81
230040 50
229774 69
229710 56
230175 47
229124 16
229204 54
229745 36
229292 43
229130 46
229814 42
230523 30
229513 54
230509 26
230107 74
229625 20
230641 32
229146 46
229117 70
229637 14
230612 59
229509 23
229783 27
230371 29
230056 16
230694 52
229687 19
229127 19
229834 38
229280 11
229499 79
230153 30
230646 59
230683 8
229896 12
230506 52
229995 63
229637 33
231292 77
230671 77
230012 27
231578 67
231064 46
231125 51
231092 24
230230 56
231199 4
231470 77
231128 62
230333 43
229863 33
230796 26
230495 60
229762 15
232143 16
229117 62
232022 9
232014 38
230764 20
229659 59
232197 35
229767 43
231909 14
232589 24
232606 80
232591 30
232673 23
232707 40
232751 33
232757 78
232718 24
232874 76
232654 40
232718 59
232734 37
232738 13
232620 44
233072 2
232888 45
232825 72
232910 60
232702 57
232635 25
233277 22
232930 14
233210 16
233118 75
232873 19
232736 15
233348 35
232655 39
232983 13
232910 80
233570 75
232741 39
233857 65
232958 38
233781 43
233541 72
233465 76
232651 3
232661 37
233381 44
232852 29
233942 68
233943 49
233477 2
232659 35
234115 2
234206 28
232976 39
233190 29
233997 37
233115 40
233864 73
232747 70
234671 61
234601 39
234221 39
234665 59
234462 3
232798 55
234420 16
233046 14
233633 59
235183 58
235227 76
235196 4
235210 30
235325 16
235207 36
235401 11
235445 11
235446 61
235515 45
235544 46
235460 46
235630 32
235515 54
235685 31
235566 23
235479 52
235787 1
235576 68
235861 81
235735 32
235743 54
235774 12
235836 76
235547 72
235485 59
235800 55
235605 35
235791 45
235622 2
236398 77
236153 68
236332 1
236335 57
235846 22
235620 9
236046 53
236582 66
235512 11
236236 28
236463 81
235820 4
236540 69
236353 1
236190 13
236080 56
235794 20
235868 39
235832 16
236163 67
235966 77
236146 46
236127 74
235775 44
236734 31
236713 24
237168 16
237234 47
236453 19
236404 43
235469 4
237075 45
237459 4
235889 61
236537 27
237116 22
235529 70
237640 29
236123 13
235770 15
236706 29
236102 39
235760 64
236749 41
236821 21
235750 31
235742 77
235492 2
237782 21
236358 4
237453 17
236921 71
236558 66
237696 59
236545 29
237012 37
235998 25
237318 26
236798 68
235473 25
236998 36
237468 22
236809 45
238793 10
238801 9
238793 70
238878 2
238877 21
238813 9
238878 60
238970 58
238937 14
238957 49
238823 80
238821 16
239171 9
239093 38
239019 3
238794 18
238955 21
239102 15
238876 33
238932 80
239336 76
239044 62
239125 19
239190 46
238804 39
239175 23
239517 80
239308 9
239594 7
239028 29
239713 40
238830 47
239848 76
239488 50
239777 50
239067 15
240072 52
240057 8
240011 70
239793 42
239417 52
240296 33
240299 67
239729 14
240207 75
239194 41
239193 75
239824 51
239215 49
239363 35
239239 41
239527 45
239922 42
239491 68
240888 70
240224 38
239664 75
241068 17
239452 3
239983 21
240466 36
240636 22
240735 8
239515 38
240638 48
241205 21
240110 53
240835 49
239413 32
239129 55
238801 46
241209 40
240526 3
241572 68
240578 36
239888 63
240775 43
240951 52
241405 42
240471 12
239573 79
241376 39
240671 17
239967 72
239550 26
242130 31
240265 8
240890 1
239999 57
241558 16
242026 78
240110 34
240685 51
239211 8
240734 22
239946 59
241222 43
241169 74
239173 21
240947 77
239670 6
241260 14
240684 43
239511 32
240972 46
242313 73
239066 76
239580 66
242104 62
238930 39
238826 25
243001 33
240646 4
239945 51
238941 3
240825 47
240588 67
242051 71
240784 9
239778 67
239396 2
241908 19
240110 23
241389 47
243302 33
243264 35
240478 79
241407 62
241511 7
240478 80
241882 67
240195 36
243943 34
244096 21
240489 28
240297 37
239932 21
242692 8
242222 47
238836 69
240027 80
240633 55
239841 58
243190 76
243908 30
242547 67
238869 40
240062 64
242841 79
239593 12
242696 27
244819 43
240657 14
244728 59
244512 46
242177 39
240540 74
242222 50
242990 76
242396 62
240982 22
243778 22
244785 33
244961 38
241781 41
240249 6
240209 80
242330 26
242752 45
239269 22
242217 40
239319 18
243453 26
244411 41
239661 56
241907 37
239740 65
241755 2
239171 8
245340 17
240117 23
240985 19
240998 32
239871 26
242970 58
243021 11
242240 6
240557 49
244212 45
245013 68
244626 34
243534 45
242940 43
243223 74
243485 47
246293 50
241998 23
245825 79
238973 48
240855 7
239587 58
245201 29
239374 20
243574 71
244292 44
245240 28
239392 41
244852 3
240950 10
244856 71
240683 56
239079 67
240280 42
241070 60
239585 50
245019 20
245559 44
242433 48
240544 30
247289 18
240212 31
246883 37
239970 63
239503 7
240984 38
243166 24
243845 31
240706 81
241357 41
240953 23
247550 33
246298 63
239820 12
246803 60
246656 34
244084 76
246191 65
240671 27
246271 61
246063 13
246276 52
242696 6
238869 70
242096 74
245190 14
245615 35
242091 59
248094 66
238885 36
246997 65
248278 39
243616 54
244696 32
247447 3
247980 38
242689 61
245160 13
247813 39
241481 57
240411 43
248258 67
240904 49
242193 35
239102 52
241625 78
240766 66
240578 25
239546 36
242786 28
246607 78
240295 52
249089 2
247774 13
249723 8
247272 78
242260 72
244877 42
246473 45
248383 16
238919 57
239183 19
239596 39
246428 6
243029 34
245870 59
242438 54
247877 63
240767 33
247459 36
245027 46
249152 24
239227 54
248657 21
238910 73
250567 67
242443 33
244864 18
250180 80
241537 58
250513 13
243520 38
242416 23
243057 65
248218 14
248185 73
247003 42
250025 26
249547 66
250391 43
243424 70
244355 25
251538 39
251552 5
251575 9
251552 68
251646 13
251642 59
251718 41
251552 73
251764 27
251584 45
251596 6
251690 10
251884 46
251831 6
251735 71
251867 30
251979 61
251841 34
252097 70
252158 36
252064 1
252159 53
251766 29
251700 22
252127 57
251824 12
252361 10
252248 35
251829 64
252294 69
252016 41
251691 67
252370 39
252835 29
252836 24
252853 68
252865 59
252975 36
252852 6
253028 12
253051 17
252899 42
253004 16
253110 80
253073 78
253273 31
252936 34
253075 1
253266 46
253337 11
253096 12
253020 66
253278 62
253103 14
253317 39
253132 63
252967 33
253165 23
252963 1
253625 30
253365 49
253639 17
253144 80
253431 35
253196 5
253807 31
253789 17
253093 37
253189 46
253640 65
253504 41
253912 5
253125 16
253150 73
253355 43
253011 3
254270 1
253769 20
253816 29
253908 40
253858 65
254442 33
253297 57
253588 22
252912 20
254103 42
254588 68
254395 50
254577 26
254430 77
252877 21
253795 54
254478 60
253340 23
254020 74
254522 54
253528 43
254468 23
253732 64
253351 65
254245 10
253502 35
254277 64
253648 79
253742 40
254775 5
255373 7
254261 64
255639 80
253052 52
255721 2
254267 75
255766 77
253453 15
253768 56
255113 58
254365 12
253839 50
254429 76
254050 66
253947 79
253224 71
253544 14
253902 64
255468 2
255414 45
256207 37
255463 20
255595 31
253642 54
255298 72
253760 29
253111 40
254794 6
254577 38
255275 61
256146 48
256802 4
254278 73
256731 28
255366 15
255972 21
255528 54
253767 61
256558 24
255683 32
253975 75
253807 69
253148 78
255276 32
255040 77
256215 64
257054 63
254073 71
254938 21
254235 77
257931 24
253975 12
257595 59
256804 66
255580 54
252987 63
254471 23
255683 55
256481 18
253077 31
255131 24
257483 44
256172 29
257052 36
256267 58
254808 13
257215 2
254499 29
254671 73
257525 60
254723 70
255118 15
255742 28
256916 40
252955 1
256952 19
256323 60
257298 56
256894 12
258424 14
255449 7
253068 81
255267 20
257982 59
257474 20
254203 55
258903 78
255005 16
254610 34
253765 38
255585 25
258040 19
256538 46
256500 6
256760 31
257794 80
254509 3
258832 77
255411 71
253318 72
256376 75
258250 3
254106 2
256807 65
255228 70
256986 1
253049 56
258277 66
259764 6
254857 49
255877 79
259101 70
258303 54
256172 49
258604 48
257355 72
257360 43
255746 56
257849 29
257819 26
256267 21
257604 22
254996 79
259678 60
257208 1
256488 80
260920 1
253001 76
259485 73
257232 78
259990 65
254550 75
254955 14
258596 60
256282 50
260060 70
252985 23
254975 61
261228 22
254243 73
259604 20
253620 53
258090 65
257243 44
258533 21
255704 76
256598 37
255729 27
258568 54
257225 31
259458 49
262066 15
255001 64
258356 46
252996 22
257419 56
260544 16
257305 1
253634 69
256628 1
261595 52
254472 29
260550 21
262724 73
262797 67
262788 68
262825 65
262782 30
262846 74
262866 7
262770 32
262750 53
262983 26
262816 15
263174 80
263268 79
263157 21
263047 39
263211 80
263423 33
262981 43
263432 61
262898 37
263519 33
262824 30
263306 49
263105 15
262775 73
263021 29
263163 81
263666 17
262807 67
263010 81
263606 30
262824 2
263719 33
262759 59
263693 79
263697 27
263130 7
263568 26
263831 50
263598 34
263155 35
263623 2
263815 65
264086 73
262938 80
263080 75
264163 23
262895 23
263472 51
263823 6
264708 21
262839 31
264843 81
264806 57
263372 70
264508 30
263963 64
263321 72
264216 23
263623 46
264010 61
264365 46
264317 4
264031 64
263402 40
265607 27
265646 67
262948 4
263219 41
264826 65
265409 28
264646 77
263969 51
265597 80
263599 41
265229 62
265728 6
264615 58
263834 12
265750 80
263909 41
265073 12
265818 22
263015 70
263168 51
264465 66
265361 46
266483 72
266553 3
262744 72
265924 50
264163 44
263300 68
264624 60
266980 67
262957 79
264865 41
266912 35
267130 64
263147 38
265817 70
263448 57
266550 10
264900 29
265111 78
263372 5
265890 81
266805 37
263865 26
263893 75
267553 22
267641 3
266820 29
265237 41
263207 43
264005 21
265824 7
266794 79
263260 65
262924 48
263154 34
263812 73
264186 78
267099 20
267612 70
268316 53
263442 31
263495 61
264621 14
263593 68
268333 1
264863 61
266723 60
265668 25
263580 81
267407 45
264822 52
266144 69
266432 67
266953 6
265528 74
266133 32
267308 60
266515 26
265650 1
262950 12
263063 30
268992 61
264504 37
267856 6
267412 47
265570 31
268650 64
265892 60
263023 22
265512 69
267080 74
263270 68
265852 30
268012 5
269620 78
265630 54
267742 41
267551 68
263867 28
269387 1
267964 49
262895 76
264889 54
266005 81
265460 67
263450 18
269671 64
265346 4
263818 25
264406 47
265487 32
269237 24
265881 67
270811 52
267175 81
263225 37
265435 32
262747 15
270797 13
266242 79
268507 39
264716 31
265808 72
271044 29
266311 5
267153 75
270747 51
269901 4
267512 1
265330 54
268410 33
267824 51
264024 69
268620 43
271002 70
266992 69
271063 58
265143 51
263241 19
270271 18
264744 15
265769 55
266456 17
269098 15
265995 68
267931 78
271520 65
267558 27
269742 43
271556 76
263502 26
266922 30
267657 51
264958 81
264605 17
270469 25
263235 19
267154 63
262916 16
265349 39
266947 56
265175 67
272493 10
264119 33
266336 1
265367 15
271762 62
264904 53
265705 38
269138 51
269118 44
263997 48
267526 52
263390 56
263619 9
265605 10
273073 39
269029 30
264450 74
266416 2
268099 67
268040 68
269780 17
272893 62
271584 72
263380 63
271226 75
265518 14
265258 55
268304 35
265930 24
266365 45
266935 67
269995 66
265986 9
264647 10
274096 51
264345 78
268247 14
267513 26
273754 51
266104 17
266150 38
270933 19
264880 16
264673 52
266742 73
268635 36
266264 52
274070 47
271780 40
266993 16
262993 74
274702 36
263219 11
268323 5
265476 64
265243 52
272295 46
272866 53
270303 10
270455 38
268135 34
274742 1
275163 51
273500 64
275448 65
271108 7
269003 80
270905 55
272240 21
267398 78
275159 47
267703 63
262961 14
268654 62
266632 47
266041 26
270594 65
273796 55
265145 41
263750 63
272397 71
273920 59
264067 12
276478 6
276478 77
276532 47
276509 62
276640 7
276657 15
276494 47
276705 58
276712 1
276542 54
276837 40
276521 24
276592 69
276702 52
276849 52
277065 59
276785 77
277159 37
277083 66
277057 80
276785 12
277041 3
276939 36
277192 71
276736 9
276916 3
276638 26
277175 77
276943 47
277541 10
276930 75
277083 4
277661 34
277178 67
276756 1
276902 5
276784 28
276552 36
277758 5
277672 15
277839 54
277793 17
277992 55
278077 27
276814 63
276704 5
277828 73
277135 4
276702 27
276969 47
277227 62
277915 2
277064 32
277913 56
277534 33
277763 67
277634 14
276505 63
278573 77
278772 7
278774 23
278785 54
278837 6
278782 41
278799 32
278851 76
278913 46
278833 35
278867 78
279168 18
278962 63
278996 71
279298 27
278900 33
279044 66
278895 44
279396 35
279301 79
278947 66
279669 70
278895 58
279040 9
278928 22
279287 63
279097 41
279186 54
279077 38
279198 54
279405 36
279902 75
279914 15
279712 25
280021 12
279465 77
279751 2
278998 12
280205 21
280325 74
280267 58
278876 51
280453 5
280361 80
280546 6
279640 19
280244 38
279067 15
279582 73
279504 3
279050 62
280264 72
280485 36
279047 78
280420 58
280923 80
280876 74
278782 66
280973 60
280955 28
281372 73
279219 34
280083 66
279639 39
278835 73
281073 17
280240 29
280058 61
278954 42
281390 10
281531 38
278906 36
281473 54
280565 33
280292 67
281981 16
279714 44
281725 44
280190 44
281888 53
282117 7
280807 65
281801 55
280388 12
282374 62
280163 68
279618 44
280402 15
281974 29
282494 1
281331 55
279173 36
282543 42
279041 9
282439 6
281199 73
279601 33
281496 43
282235 17
282687 14
279807 42
280190 57
279338 14
281456 47
280159 58
280433 48
282131 81
283345 6
283345 76
283423 43
283429 40
283417 8
283482 11
283433 22
283500 3
283453 1
283534 66
283586 47
283624 23
283537 38
283599 13
283382 1
283379 54
283526 67
283610 49
283570 5
283539 38
283842 4
283482 40
283508 18
283789 16
283446 25
283949 5
283998 66
283492 13
283633 15
283433 39
284110 3
283983 75
283633 54
284305 30
283937 9
284137 64
284039 43
284285 14
283478 45
283918 71
284652 76
284674 41
284749 4
284695 18
284730 80
284771 60
284767 75
284740 62
284806 53
285191 53
285240 34
285226 80
285279 4
285267 65
285275 37
285412 39
285310 61
285494 37
285270 44
285350 32
285674 71
285500 65
285638 25
285620 4
285662 46
285688 14
285850 52
285926 41
285506 10
285686 18
285487 70
285531 80
286022 7
285269 47
285591 24
285265 65
285449 36
285325 75
285868 48
285694 24
286232 71
286447 46
286036 43
285486 49
285597 16
286636 27
285951 73
286148 52
286363 15
285489 71
286579 56
285300 25
286266 58
286624 18
286553 20
286219 28
286195 56
285510 9
286509 9
286479 64
287281 45
287007 23
286904 11
287185 31
285200 49
285509 39
287028 32
286810 16
286753 65
286590 79
285882 81
286292 78
287489 16
287887 36
287986 23
288009 8
287993 35
288024 62
288019 26
288076 72
288015 59
288242 41
288118 60
287989 11
288146 73
288392 54
288250 63
288461 57
288084 13
288012 4
288425 27
288211 62
288176 66
288694 49
288453 41
288269 59
288312 42
288692 7
288409 1
289003 7
289010 22
289031 62
289055 57
289102 7
289140 44
289061 44
289113 79
289080 54
289086 30
289108 31
289187 65
289014 44
289280 7
289128 31
289051 61
289314 73
289044 54
289277 68
289560 40
289223 64
289354 62
289968 76
289019 21
289061 43
289450 28
289607 48
289912 65
289623 55
289880 41
289967 38
289207 38
289672 13
289389 8
290366 30
289447 4
289437 5
290351 44
289983 21
289023 37
289004 74
289199 80
289170 55
289085 42
289846 79
289022 20
290305 37
289546 40
290199 68
290949 56
290667 45
290472 31
289038 61
290694 13
290506 39
289059 49
290610 72
291201 57
291358 36
291539 47
289086 66
290763 65
290316 17
291071 14
291721 65
289451 37
290205 63
290287 33
289648 40
291462 72
289486 34
289039 66
289755 18
289554 27
289093 35
289556 73
290446 63
289869 72
290041 59
289945 10
290528 77
290025 78
290088 11
291343 65
292165 75
290644 29
289504 57
291370 68
289883 69
290434 63
290234 47
289719 7
289304 6
289133 11
291052 21
291078 34
291858 22
289759 31
292478 60
293088 53
290991 79
289589 43
289182 10
291522 77
289444 61
293771 60
293817 1
293789 43
293836 30
293820 36
293914 54
293809 46
293771 10
293838 36
293932 27
293817 24
293850 39
293839 63
293943 33
294245 1
294026 61
294057 81
294035 3
294190 10
294371 30
294312 20
294154 11
293838 26
294181 28
293816 13
294502 33
294252 3
294103 48
293990 31
294677 43
294704 49
294766 41
294714 53
294851 28
294699 45
294736 40
294680 68
294735 59
294681 71
294914 10
294851 80
295316 28
295334 21
295342 25
295340 7
295326 47
295317 59
295372 44
295385 19
295405 58
295365 62
295671 32
295460 77
295683 76
295496 55
295440 44
295789 10
295348 51
295796 38
295967 17
295345 61
295830 26
296078 80
295769 81
295558 9
296013 68
296263 7
295964 23
296247 59
296487 24
295681 8
296464 26
295371 24
296209 53
295320 42
296141 29
296298 59
295540 45
296557 62
296068 31
296265 9
296539 9
296026 30
296395 19
296647 66
296102 48
296891 40
296140 52
296191 4
296637 64
296104 36
295684 62
295319 21
296050 73
297323 55
296930 57
296914 16
295552 4
296059 74
295735 25
295678 75
296299 69
297615 33
295653 21
296730 54
295458 59
296628 65
297305 33
296012 54
296980 11
297547 32
296347 28
297720 40
297334 80
297790 22
296112 42
298242 11
295706 80
295957 74
297178 45
296845 24
295506 14
297711 75
296621 81
295808 24
297963 39
296295 21
297480 81
296168 78
298457 2
297715 25
298505 26
296020 74
298637 54
296421 51
298086 5
299147 39
298515 72
296841 54
297241 70
299052 51
299112 43
298607 58
296526 5
298019 12
298296 52
297455 4
297664 72
299377 76
296008 24
297019 58
296192 38
297575 76
297808 50
296134 9
297745 57
299081 71
298632 5
298366 5
296621 18
296831 61
297592 47
298367 48
297345 72
298138 76
298857 61
299882 32
296495 26
298557 51
295556 61
299573 13
296879 22
298921 80
297737 66
300499 17
298470 9
296183 29
296934 30
295484 53
300217 43
296003 8
297462 36
296803 68
296547 33
296402 12
296715 80
298935 81
295535 4
300187 16
300394 56
297239 75
296935 53
297760 52
298003 38
300296 33
298674 17
297068 16
299991 45
297660 66
300354 62
299049 14
296052 47
301562 69
301177 45
296726 9
297238 8
300991 52
299973 23
301342 14
299162 30
299302 32
300119 43
296482 1
298351 70
301480 55
296553 49
301034 49
295740 54
295952 4
297887 43
301278 31
295365 27
298590 34
301853 5
301472 25
298343 15
302187 5
301415 44
295555 62
296751 75
301616 65
297482 60
300528 26
297202 63
301606 39
302585 57
301032 77
297483 53
300541 23
298697 17
300582 63
300897 32
302756 47
300210 28
300346 75
298115 1
297482 81
303031 5
295336 54
301216 69
303169 43
295549 6
299059 67
303268 30
302256 63
297219 27
300530 33
296767 22
301116 35
297945 54
302017 71
302245 20
301509 26
296773 33
298313 37
299937 78
301141 49
300034 27
298934 80
296508 5
303521 59
296537 79
297413 15
299329 11
296890 28
301835 44
298934 10
296387 7
300211 39
304449 61
296987 27
303472 61
295440 6
304342 25
302861 67
302233 31
299746 56
304644 79
300065 70
297998 65
302112 36
305233 68
305111 35
302099 11
295798 77
295737 10
303196 81
303249 79
303802 62
299293 13
306180 64
306205 80
306266 9
306302 13
306305 51
306359 6
306223 49
306368 77
306290 15
306186 63
306304 54
306657 15
306625 37
306416 30
306706 18
306686 34
306362 11
306622 5
306261 44
306352 20
306777 29
306556 10
306256 78
306912 56
306624 19
306537 27
306488 42
306413 46
306383 69
306321 59
307305 12
306702 40
307270 75
306392 45
307488 59
307503 21
307522 2
307552 1
307562 30
307582 21
307572 70
307560 52
307565 13
307642 55
307717 76
307669 79
307677 48
308010 43
307981 34
308009 48
307524 40
307522 38
307776 19
307513 11
308191 52
307625 64
307641 73
307820 71
308259 6
308359 27
307835 79
307578 59
307844 24
307489 46
307904 25
307863 66
308620 61
308704 27
308249 30
308073 49
307779 40
308896 56
308090 4
308494 41
308675 10
307804 69
308903 68
308346 39
309110 72
308123 22
307748 33
307661 81
309454 24
309456 58
308496 64
308093 77
308850 15
309531 30
309082 48
309418 58
308955 38
308889 65
308465 52
307750 22
308525 52
309789 5
308220 27
307805 49
308440 64
309959 54
307512 16
309398 56
308510 1
309147 16
308639 12
307755 79
308004 42
307654 49
309547 24
309178 6
308035 48
309753 37
307573 36
307651 3
309350 13
310054 31
308404 20
310560 43
308741 80
310845 18
309356 75
310558 77
310354 57
309504 33
308253 74
309229 37
310635 72
309450 12
308273 33
307516 54
311309 79
308131 25
309563 30
308449 43
310142 49
308219 26
311126 37
310821 25
308929 7
310714 6
311436 12
310493 22
311058 58
307669 23
310774 67
309419 56
310491 19
312026 72
310144 15
311136 8
310055 68
309705 58
307976 55
310701 33
311712 58
311000 7
312048 31
308042 38
309790 55
308127 19
311058 14
310115 5
308127 50
309497 14
311721 22
309508 57
309641 80
308486 29
308250 26
308681 28
308258 26
308678 45
307799 27
312426 61
311278 71
311331 60
313238 18
313244 59
313313 12
313243 53
313259 29
313274 22
313251 25
313302 11
313336 28
313318 37
313431 76
313591 78
313473 31
313270 71
313493 69
313585 22
313291 49
313608 51
313686 27
313998 14
313854 4
313852 59
313460 77
314080 68
313328 59
314136 10
313701 31
313600 17
313672 30
314095 58
314063 80
314266 64
314363 52
314374 71
313985 11
313728 63
313859 37
313611 21
314790 41
313726 77
313863 51
313669 6
313540 3
315008 9
313680 43
314378 13
313417 36
314102 63
314953 32
313416 17
313872 48
313626 63
315323 23
314874 36
314816 74
315392 64
314172 81
314898 25
314272 74
313747 31
313618 18
313655 64
314719 70
314564 23
314498 25
315588 69
315175 8
313614 24
314032 6
314667 60
314811 35
315095 78
313298 32
316124 61
313928 28
313976 56
315963 27
313908 57
315343 47
314375 43
316095 77
314262 35
315373 76
316328 59
316637 20
315258 48
314931 44
315016 7
314160 42
316551 76
315535 76
313901 41
317021 36
314621 15
313789 66
316981 67
313734 21
317065 18
313677 14
313590 16
316173 16
317436 1
313489 30
315275 22
315337 4
313905 20
315370 60
313782 71
315421 43
313853 6
315993 19
315598 12
315384 20
315661 52
313841 4
314095 9
317693 49
313458 69
315379 10
314876 11
315607 1
313727 55
316604 52
317025 42
314564 39
314128 44
316486 74
314954 35
316534 75
316289 12
313611 55
314726 75
317041 70
315466 71
317828 50
314687 9
316965 32
317209 1
315738 33
315419 26
316826 81
316281 55
317033 40
316961 40
318136 57
316088 12
318442 12
316321 40
314970 1
313291 67
313788 21
318727 11
316292 57
318225 81
316550 76
317650 64
314270 56
319122 27
317121 12
315455 36
318461 13
318043 29
315902 78
314664 67
314369 2
318313 28
317611 7
318927 37
319689 67
318863 50
319366 76
313938 29
315915 44
318513 16
316550 32
319008 34
316171 3
316284 62
320252 72
315131 50
318485 62
315146 30
318113 14
318351 36
315471 48
315283 44
313592 7
320290 7
315884 70
316403 62
313375 18
314668 30
314669 78
313603 77
319927 79
315362 34
314173 52
319828 73
316521 52
317403 73
317178 6
318531 39
320967 55
319893 16
317315 34
315543 43
315388 44
316936 22
315195 54
319924 51
317979 77
321415 15
316930 9
320316 54
315204 41
319682 33
321493 9
320935 23
313802 48
319445 42
317755 16
317644 52
321367 18
315465 23
317538 61
319225 34
319250 6
317008 12
315258 76
314125 6
322462 20
322465 58
322532 29
322473 51
322571 27
322603 23
322580 65
322483 1
322729 62
322471 44
322504 11
322799 57
322839 49
322693 60
322736 15
322619 18
322695 53
322674 31
322593 6
322681 9
322837 33
322612 12
322928 12
322773 36
323169 57
322911 53
323112 59
322812 13
322872 9
323189 57
322638 17
323002 53
323380 78
323629 55
322932 49
323311 72
322988 81
322572 10
323353 5
323491 63
323035 80
322662 51
323813 64
323772 5
323134 14
322963 57
323139 5
324007 55
323819 26
323959 70
324238 65
324360 28
322873 1
322537 77
323378 32
322782 36
324296 44
324143 49
323984 48
324626 15
322835 57
323691 60
324774 75
324862 35
323940 10
323149 63
323458 8
323532 38
324797 1
324689 62
323705 9
324059 33
324580 7
324742 41
322759 76
322483 59
324182 47
324598 60
325170 55
322612 8
324480 55
324128 32
325188 47
325140 68
323009 42
325548 63
323760 55
325249 77
323621 32
324375 63
325100 7
325453 17
325860 23
322769 67
323027 70
323792 40
325996 24
322731 61
325189 12
326074 53
325565 20
323554 67
323956 79
325448 15
325049 44
324218 30
323590 48
326532 31
323159 69
324035 54
326794 76
326835 25
324674 31
323909 58
323372 12
324236 47
323842 47
325925 3
325489 71
325897 55
324869 34
322817 79
323342 75
326724 46
324771 9
324819 1
326916 28
325791 16
323581 58
325071 2
327579 79
327806 65
325133 43
322972 10
322725 61
326849 12
325471 55
326172 25
327879 19
323090 38
325813 7
326396 1
327749 43
327804 35
325128 16
324361 31
324479 27
325259 19
324210 58
328310 2
327949 3
325040 13
328093 14
323581 47
323384 61
326594 79
323458 38
323210 30
325377 6
325070 22
324296 14
322641 45
322525 33
324885 37
323396 65
327218 33
324338 33
328315 70
327705 72
323159 7
327778 75
327597 55
325063 29
327063 55
325606 5
325752 73
325992 45
326731 29
325424 43
326303 15
324944 11
327011 80
326178 25
327388 4
327344 33
327638 24
325655 57
326655 39
324221 49
323195 58
325495 55
325777 22
323949 67
328638 61
328081 72
322605 51
323001 64
325811 45
325007 80
328683 78
324681 61
324423 38
325017 31
329394 37
326960 12
322902 42
326680 4
325682 72
330259 31
323663 52
328369 38
330425 29
326908 9
327368 48
323648 54
326910 59
325696 4
328825 44
326322 55
323836 36
325719 28
330452 21
327847 51
330473 6
329523 60
330949 25
326043 79
322871 12
322660 76
324492 28
323606 24
327676 77
326384 60
329043 5
329610 29
330057 12
323226 44
330816 80
326317 45
324735 17
331574 80
327202 28
323524 51
325119 12
328322 39
330291 24
328211 40
325079 10
332245 42
323425 62
324073 7
324087 67
332436 51
328283 25
331480 59
331831 68
324077 9
331468 59
324876 67
326452 10
329474 30
329209 3
328875 70
328785 81
327009 23
330564 37
324550 54
323530 36
326489 79
324037 80
328023 55
322843 3
328119 80
325358 76
324827 36
324864 47
323188 2
324971 53
329218 15
332865 59
323835 2
328297 77
332549 59
331999 79
328695 30
327794 20
329891 51
328583 17
324414 27
323181 15
323409 73
326327 3
329182 49
327676 54
327427 17
326334 57
328211 64
323166 12
327156 16
324126 8
329760 3
330528 55
333903 21
328580 60
334116 37
322698 36
331766 72
329479 48
327222 33
334861 41
329877 1
325831 11
324794 33
324377 13
323034 29
329686 12
329898 13
324184 2
325389 76
327517 34
329338 4
325880 25
327913 52
329293 50
323605 58
325682 41
327282 57
322802 22
333023 12
322948 75
329826 24
333853 72
323511 29
330460 63
327417 36
326017 35
331536 61
325587 7
326406 2
334720 78
335744 63
335932 40
323278 35
327414 63
324207 24
334037 11
332284 66
324396 40
331464 15
324481 3
328265 52
335222 68
333354 12
327859 46
334043 27
322699 60
329877 22
331290 52
326052 39
326492 61
326411 46
322923 34
328952 14
330866 31
324358 50
329840 57
323042 71
333127 22
333081 61
335224 29
334999 35
332507 59
327701 61
336986 10
329937 64
323346 70
323050 70
333746 47
326312 40
336563 81
323569 24
331767 68
333795 52
322725 68
331640 1
324488 70
331529 10
330805 22
330205 9
333593 76
326341 7
330413 59
324631 37
327966 67
328829 2
332430 69
329367 80
336564 42
337849 57
331952 6
325478 48
328646 23
337351 4
330054 69
331246 81
338623 5
327694 25
326133 64
338032 5
336188 50
327727 68
331806 1
325370 79
335007 29
330914 14
331446 36
326470 81
324040 14
333179 34
335091 67
338409 44
322923 52
338247 68
336667 79
328925 55
334133 28
334985 68
328164 42
338492 57
333590 23
329106 26
329267 50
333117 34
336786 80
326189 13
335070 75
327534 60
325535 72
323456 30
333781 33
325077 35
330240 52
327318 70
329715 37
324031 46
337492 62
340642 38
340645 39
340664 29
340736 26
340722 47
340690 39
340670 68
340749 57
340925 19
340708 8
340918 52
341055 71
340737 25
340905 52
340962 28
341210 74
340698 14
341122 42
341113 11
340796 14
340757 62
340732 34
341374 19
341343 62
340797 32
341572 62
341001 40
341023 52
341559 53
340785 25
341447 11
341285 1
340964 15
340699 18
341317 51
341283 80
341916 45
341299 30
340789 42
341334 69
340980 3
342237 25
342253 76
342273 67
342332 17
342332 33
342383 27
342345 12
342341 45
342378 71
342515 38
342297 8
342356 79
342531 75
342416 40
342450 6
342488 50
342361 81
342772 69
342993 1
342585 64
342661 41
342684 13
342843 27
342822 2
342856 22
342477 4
343104 56
343218 61
342674 13
342644 43
343434 9
343440 31
343440 7
343451 35
343481 67
343580 38
343489 5
343576 44
343487 5
343642 23
343676 69
343725 71
343808 42
343705 56
343869 22
343475 75
343508 53
343995 36
343664 11
343681 11
344065 66
344182 56
343669 41
344194 15
343974 28
344230 3
343598 58
344062 68
344371 30
344347 37
344037 65
344327 59
343752 47
343995 53
343448 45
343458 9
343623 63
344914 65
344916 74
344996 80
344950 54
345066 50
345165 73
344921 3
344964 56
345111 44
345233 25
345402 52
344920 78
345175 1
345022 42
344914 22
345201 46
344950 41
345482 54
345328 30
345749 53
345088 34
345275 56
345645 69
344948 42
345149 41
345185 59
346129 11
345729 16
345961 67
345507 28
345920 24
345515 72
346305 1
346250 36
345755 21
345175 20
345025 9
345793 71
345702 66
345127 7
346260 30
346435 73
346202 4
345044 81
345085 70
345314 26
346394 9
345915 76
346949 21
344931 67
345846 39
346273 35
345497 45
347162 8
346096 30
347188 6
347177 74
346392 34
346120 31
347168 17
346304 4
346790 31
345580 23
345238 45
346896 3
347324 78
347249 46
345753 13
345465 49
346075 7
346082 41
346171 16
346668 38
347445 29
346373 68
347025 14
347310 22
347322 67
346401 62
347233 11
345762 12
347214 38
347888 10
346084 4
347584 13
347765 16
347373 2
345397 77
346977 15
348188 55
345058 20
347250 26
346262 40
347698 2
346637 54
345361 36
348174 41
344923 49
347686 74
345747 16
345053 45
346679 39
346139 44
345084 2
348186 54
346026 39
348118 35
345359 15
346054 45
346628 39
345984 72
346491 10
346102 68
347840 76
346871 70
348631 46
348281 35
347531 38
348675 3
346616 7
345808 41
348916 57
345885 66
348651 58
347729 33
347796 28
345333 30
345283 79
346911 60
346528 80
347815 72
348498 81
350171 15
350176 47
350171 66
350173 10
350240 48
350346 35
350255 2
350211 9
350399 78
350350 53
350501 42
350482 13
350277 59
350492 4
350613 73
350549 55
350742 70
350624 55
350197 15
350684 8
350248 8
350766 81
350654 73
350639 16
350781 2
351093 13
351077 12
350491 11
351007 8
350400 24
351118 42
350725 12
351000 61
351131 27
350748 33
350548 12
350369 30
351317 8
351278 51
350682 57
351076 30
350378 11
351528 12
351426 11
350282 27
351482 67
350713 8
351674 31
351502 30
350664 18
351725 2
351444 22
350623 61
351887 44
351918 2
351910 19
351936 40
351962 78
351972 62
351960 31
351920 73
352034 19
351943 9
351954 56
352271 40
352005 74
352418 7
352312 31
352369 6
351973 81
352001 67
352168 11
352026 2
352470 69
352552 76
351932 66
352083 39
352849 69
352802 55
352969 26
352676 65
352611 59
352172 79
352909 54
352878 27
353247 66
353069 41
352278 74
353403 31
352532 39
353402 62
353506 12
352382 20
352867 61
353383 78
352144 13
353526 53
353644 41
353610 74
353737 42
352364 9
353502 75
352683 70
353647 13
353951 53
352380 39
352614 51
354331 47
353427 46
352927 21
354371 13
354151 72
354492 60
352812 39
353701 79
354733 60
354751 31
354748 65
354855 56
354933 68
354952 42
355036 70
354857 3
354828 38
354992 56
355102 71
355044 46
354754 17
354801 25
355254 28
355076 67
354828 55
355365 15
355052 2
355320 44
354938 32
355517 19
354990 71
355494 8
354979 37
355363 31
355050 19
355259 56
354953 55
354917 70
355006 3
355133 25
355094 5
356023 23
355128 53
355251 18
355928 38
355211 54
355541 3
355840 68
355291 78
355296 37
355085 8
354932 72
355233 42
354830 26
356321 26
356013 79
356182 54
355134 49
355071 77
355214 37
354837 46
356622 11
356215 37
355221 14
355468 69
355673 58
355540 36
354745 73
355391 76
355380 64
356661 61
356294 5
356443 15
357219 48
355248 70
356136 39
355019 24
357556 28
354839 52
356849 13
357217 59
355179 20
354739 80
355477 23
355739 2
355752 10
356777 61
357829 62
356414 60
355358 68
357620 40
355670 53
356797 5
355695 45
357487 23
357589 23
356511 22
356524 71
358249 14
356997 24
355742 67
356458 74
355430 33
355349 54
357209 56
355477 75
355662 36
356996 11
355846 60
357696 72
356962 59
357312 30
355044 69
358313 29
354990 12
358569 51
358164 44
359065 17
357717 80
359091 18
355406 58
358731 14
354856 2
359114 59
356831 67
355716 48
355108 24
358424 34
356668 81
356508 34
357181 76
357710 64
356472 39
355904 49
358214 34
356741 81
356732 4
359881 50
358828 2
358782 33
355670 35
356153 19
357122 79
359190 57
356735 77
357678 4
358478 36
357019 3
358628 4
358016 52
359991 2
354900 26
360616 22
360664 25
357767 42
360776 28
360776 60
360859 1
360844 30
360850 15
360797 72
360787 48
360966 72
360913 52
360899 38
360861 77
361019 73
361285 44
360983 56
361238 13
360955 61
361270 7
361488 81
361112 3
361582 58
361336 77
361669 81
361265 24
361209 4
361166 26
361076 74
361390 5
360914 6
361241 81
361071 45
361740 35
362120 46
362149 25
361534 52
361537 59
361247 78
362368 48
361102 67
362112 74
362596 57
362637 37
362627 56
362637 75
362804 21
362626 81
362886 39
362949 69
362616 80
363085 23
362871 46
362746 76
362820 12
362731 30
363188 25
362963 64
362746 42
362836 50
363133 75
363123 57
363051 29
363607 17
362686 73
363374 14
362823 42
363654 31
362673 71
362734 77
362929 32
363577 66
363301 58
363045 16
363246 41
362941 75
362920 78
363996 39
363645 53
363232 12
363646 50
364451 51
362864 6
363102 7
363020 18
362767 66
364339 17
363477 10
363949 25
362723 24
363698 56
364053 64
364439 8
362615 29
363229 46
364849 67
363752 24
364666 54
364197 11
364403 78
362960 8
363831 74
363832 33
364497 40
364907 13
365283 25
362680 3
364307 75
364925 3
364030 65
365456 30
364120 44
363344 13
364600 37
365513 11
362707 81
364573 37
365183 9
365033 70
364199 34
363242 70
364033 72
365943 54
365227 6
365887 37
363585 64
363899 71
363858 16
365033 35
364106 72
366104 59
364026 19
364914 41
362767 60
363906 3
364496 11
364070 10
362849 37
364899 35
366539 22
365930 47
363562 58
366536 64
364195 63
364980 9
364593 10
364366 81
364668 33
362867 18
364792 42
367009 71
365923 14
363042 39
365817 37
362615 29
364328 52
362728 6
362819 74
366542 79
365877 4
363519 68
364122 19
365531 55
367451 52
365885 6
365030 65
366400 43
364087 80
365726 66
366037 51
362887 56
363485 32
367763 1
366896 12
367759 46
362971 45
366750 18
364034 79
367124 80
363418 72
362947 64
365201 76
366074 42
365389 65
363137 68
364251 78
366170 67
366704 54
362699 33
362965 1
363057 73
363235 75
364678 24
365956 55
368621 10
368248 55
367658 11
366182 18
367454 74
369341 16
368841 56
362891 24
368710 46
363972 43
367856 26
368559 72
365568 31
368366 34
367053 12
363008 29
368267 26
367575 67
365101 16
367740 61
367221 38
367254 32
362728 54
363189 8
368755 30
365195 54
365634 31
367879 51
367192 40
364316 7
364069 21
366248 26
369075 77
365482 38
367226 8
369595 59
367338 60
363055 52
363330 23
370355 53
365188 70
365145 19
362645 51
370762 36
