250
96973 9007
89859 88501
25961 72067
99457 12173
88341 7669
13851 70231
19277 98881
72479 30691
91865 69529
99795 2073
22565 95043
26197 99313
94881 29687
3809 93347
52943 20601
95253 77505
3245 71129
17829 82269
72415 79403
7155 21855
59131 33139
13331 66669
91517 23729
17197 80409
41963 29233
2091 20059
379 4783
10443 74291
6493 90833
22471 85321
13661 35019
31247 84731
61677 26245
86991 1985
75383 27937
84531 651
23325 64025
14005 68055
68359 29043
11227 65963
31465 98145
23211 2343
85297 12497
27573 88857
79289 23763
19055 83263
81337 5365
85867 15229
98791 25775
11717 24097
7415 61729
5783 74777
25845 25361
92601 13205
12439 74285
94537 95753
25617 82285
23149 12959
18913 71895
20271 17599
6689 94799
75075 13261
75949 18575
52667 11981
9311 69553
28495 25941
74411 27219
14503 62195
94633 72721
61951 31819
2841 63239
83233 5829
26399 98775
16553 34849
78821 17141
84699 81339
36065 19693
90673 5503
27481 88273
62953 7221
20491 7047
50827 24201
77063 22289
2289 69407
7319 67569
21375 84895
18705 96711
4415 38543
7297 16973
77803 21949
719 6605
581 61749
57349 13599
81221 19809
30823 49793
99137 17381
13233 71083
13045 24957
98245 12723
3253 10979
1183 49945
24601 58997
82247 32913
30337 46683
18813 87273
83157 10785
77083 67543
67549 3283
18461 43681
84353 16715
45065 31969
74121 25165
73211 3237
30493 12253
62369 21501
84771 12903
73885 30107
92323 30417
38555 16207
28397 71315
19811 95233
10385 43415
7085 19723
83439 94785
11557 52897
31045 40499
78589 16253
30199 82997
68027 73241
24115 36787
95477 29319
90563 88293
68133 32463
10585 73325
1429 44009
23951 28147
15719 6555
32829 8689
77993 90861
83047 92397
46773 7193
70043 9347
1291 97855
69789 5527
28985 20435
2397 86729
28103 67645
3915 95951
31543 63967
37857 33311
86163 9483
74839 68087
27227 74079
31783 77021
62093 9421
21929 75557
969 77207
32379 2529
71711 33
84433 7171
26733 22601
38673 6863
30143 77115
15521 26009
94751 28001
86949 20839
47617 18167
12299 81737
77111 79877
57471 349
29019 43075
9387 94455
63147 24061
74707 2161
99079 30577
90441 18665
5335 23639
18363 78641
69303 8315
189 82083
94957 18667
82199 80835
67619 5893
7891 72923
26009 90683
63291 4999
66939 24231
95231 16393
25773 74931
99143 23045
94297 32953
28411 99683
92837 19577
77283 9761
11657 69671
86623 31229
84877 15743
37707 26941
32799 67929
18123 91047
96505 14679
84033 80037
29641 74039
82079 28111
25949 5967
74963 31865
78505 15347
15059 16961
78105 16713
4027 93963
25281 35799
71213 12797
81041 33069
75159 18471
71451 30185
80555 81503
97011 23287
17051 49533
98007 31493
28431 5147
28615 71301
78955 17573
30419 70987
65881 895
54063 25505
25761 79295
76097 12151
28655 88761
18169 36113
85605 81317
31145 44341
29091 76893
28149 44223
80613 15037
90263 2485
28891 58855
9293 80549
2221 99671
21 78917
24187 57275
4425 95245
4027 95679
73027 23705
31613 42757
86045 20311
89095 105
19411 76219
26421 69629
4437 82307
18631 80299
