300
784533 277091
808527 941861
155189 995643
985857 269897
866805 193461
121267 920963
72657 930693
980587 303459
687745 690957
701907 267489
124825 894523
70285 876809
908261 251763
36589 965411
377931 253993
849285 670913
142429 997761
306665 758701
885851 686731
15275 247283
455619 4339
62023 819073
939409 211849
233681 811885
618959 195469
59687 274479
259899 217571
160135 749863
26741 888689
94163 707745
137265 562491
85131 716571
333805 110801
967139 279661
848567 316145
781191 218871
73057 437365
122713 839227
989807 194343
47975 469723
161585 997161
324527 230051
754125 331489
277305 887769
959681 297903
257155 950515
669769 126309
797199 162977
877619 173475
104525 74233
13299 420669
82803 811625
233541 274441
708349 58697
110211 851469
812045 824445
226473 875041
194029 41411
218817 791347
285887 148103
240045 688459
682943 76325
983797 126259
607519 324477
235687 895457
174547 85281
822987 315527
303711 397947
879061 883165
554463 313135
218413 388259
913857 307589
142795 758239
91989 514801
849517 71757
801239 877471
522857 279977
939665 269427
290545 963793
337369 280281
34671 202063
385551 137597
723603 219353
19601 735555
24375 957649
114719 740747
235001 952939
191827 475923
64109 82685
862035 306253
70251 8137
76865 472013
474073 86463
674697 71997
27871 659745
738557 251201
4241 686255
279933 250873
891217 69247
243281 226775
111723 614477
154733 344505
812471 254165
248429 444431
34301 904817
997973 18461
988715 925931
892161 91539
61545 395729
734361 76987
518309 239105
725485 257633
672119 168457
210305 209965
494781 299269
983255 310575
780701 211067
987535 285437
399479 248663
136561 889083
154759 873421
248701 367663
184877 95735
936511 837797
26713 510969
191801 519515
763157 127341
275207 754085
702339 988801
323091 571303
958521 9731
724379 738333
913789 268751
10629 709385
82429 393369
186935 244635
67287 286967
319461 58529
973305 693873
837803 726245
559533 190853
875951 241583
140899 705999
742665 196227
123941 38415
158909 787945
204155 741781
103727 850011
265227 606431
427837 68303
994019 78723
803915 982463
269683 944795
31431 824069
592453 186641
246457 839873
48629 694791
91203 28461
699475 305337
821881 26115
127549 308177
590421 57839
30035 906151
241457 289361
776503 282917
926185 306855
478133 10371
322183 818737
709483 769249
551759 200189
113339 538383
226795 715151
522703 278177
999535 152185
915707 204133
669213 119533
129347 41839
31399 924897
982403 241367
258049 935691
824709 164191
803251 810323
878771 77129
210819 688455
106477 897091
489983 319839
912571 167319
792127 100369
125433 835767
879695 70197
741393 41565
291971 782175
925813 196593
821599 44461
190293 933491
860267 103649
788121 303523
630891 294565
232347 969329
174183 694307
827709 32099
831329 693145
85645 829383
945867 127311
301829 120939
729199 271533
671857 158883
95343 210845
895081 315177
155315 797931
84201 599667
915549 187301
729377 38213
815879 22343
782947 108921
812647 835991
861795 13555
187487 380617
844803 279821
123839 18915
74959 924217
771663 212941
116803 800583
532729 223959
404127 4517
87453 995727
757521 257567
265051 805745
236049 347625
939541 764293
300833 531801
175071 973821
156081 550439
777577 39517
825651 51185
150231 452563
305785 818293
165897 992399
213833 924449
212763 579519
324725 939385
284427 993231
768175 232389
268573 393757
829137 322455
769719 184109
64835 676267
142633 847421
246901 675139
155891 771575
958327 123933
797389 808701
257605 576873
107369 789291
694893 88339
23881 96733
269319 565541
118485 118857
259851 743945
976007 238393
214707 181839
972311 859673
248293 839197
43707 325953
832945 682497
322577 954515
123973 967647
356789 39061
493813 111581
683881 135117
142327 689929
801185 109257
238639 881375
97545 909961
202841 768483
843043 1305
134569 596007
323369 14313
522089 156367
321821 920105
286295 986239
260177 382475
671505 254865
716135 29139
779265 272895
203985 200279
928679 102017
987567 196655
929615 187117
69439 781285
244299 956093
19513 471425
76421 704179
87423 951817
865679 267893
181585 931851
869313 68371
82445 984445
763971 118015
991691 51965
