500
784533 277091
808527 941861
155189 995643
985857 269897
866805 193461
121267 920963
72657 930693
980587 303459
687745 690957
701907 267489
124825 894523
70285 876809
908261 251763
36589 965411
377931 253993
849285 670913
142429 997761
306665 758701
885851 686731
15275 247283
455619 4339
62023 819073
939409 211849
233681 811885
618959 195469
59687 274479
259899 217571
160135 749863
26741 888689
94163 707745
137265 562491
85131 716571
333805 110801
967139 279661
848567 316145
781191 218871
73057 437365
122713 839227
989807 194343
47975 469723
161585 997161
324527 230051
754125 331489
277305 887769
959681 297903
257155 950515
669769 126309
797199 162977
877619 173475
104525 74233
13299 420669
82803 811625
233541 274441
708349 58697
110211 851469
812045 824445
226473 875041
194029 41411
218817 791347
285887 148103
240045 688459
682943 76325
983797 126259
607519 324477
235687 895457
174547 85281
822987 315527
303711 397947
879061 883165
554463 313135
218413 388259
913857 307589
142795 758239
91989 514801
849517 71757
801239 877471
522857 279977
939665 269427
290545 963793
337369 280281
34671 202063
385551 137597
723603 219353
19601 735555
24375 957649
114719 740747
235001 952939
191827 475923
64109 82685
862035 306253
70251 8137
76865 472013
474073 86463
674697 71997
27871 659745
738557 251201
4241 686255
279933 250873
891217 69247
243281 226775
111723 614477
154733 344505
812471 254165
248429 444431
34301 904817
997973 18461
988715 925931
892161 91539
61545 395729
734361 76987
518309 239105
725485 257633
672119 168457
210305 209965
494781 299269
983255 310575
780701 211067
987535 285437
399479 248663
136561 889083
154759 873421
248701 367663
184877 95735
936511 837797
26713 510969
191801 519515
763157 127341
275207 754085
702339 988801
323091 571303
958521 9731
724379 738333
913789 268751
10629 709385
82429 393369
186935 244635
67287 286967
319461 58529
973305 693873
837803 726245
559533 190853
875951 241583
140899 705999
742665 196227
123941 38415
158909 787945
204155 741781
103727 850011
265227 606431
427837 68303
994019 78723
803915 982463
269683 944795
31431 824069
592453 186641
246457 839873
48629 694791
91203 28461
699475 305337
821881 26115
127549 308177
590421 57839
30035 906151
241457 289361
776503 282917
926185 306855
478133 10371
322183 818737
709483 769249
551759 200189
113339 538383
226795 715151
522703 278177
999535 152185
915707 204133
669213 119533
129347 41839
31399 924897
982403 241367
258049 935691
824709 164191
803251 810323
878771 77129
210819 688455
106477 897091
489983 319839
912571 167319
792127 100369
125433 835767
879695 70197
741393 41565
291971 782175
925813 196593
821599 44461
190293 933491
860267 103649
788121 303523
630891 294565
232347 969329
174183 694307
827709 32099
831329 693145
85645 829383
945867 127311
301829 120939
729199 271533
671857 158883
95343 210845
895081 315177
155315 797931
84201 599667
915549 187301
729377 38213
815879 22343
782947 108921
812647 835991
861795 13555
187487 380617
844803 279821
123839 18915
74959 924217
771663 212941
116803 800583
532729 223959
404127 4517
87453 995727
757521 257567
265051 805745
236049 347625
939541 764293
300833 531801
175071 973821
156081 550439
777577 39517
825651 51185
150231 452563
305785 818293
165897 992399
213833 924449
212763 579519
324725 939385
284427 993231
768175 232389
268573 393757
829137 322455
769719 184109
64835 676267
142633 847421
246901 675139
155891 771575
958327 123933
797389 808701
257605 576873
107369 789291
694893 88339
23881 96733
269319 565541
118485 118857
259851 743945
976007 238393
214707 181839
972311 859673
248293 839197
43707 325953
832945 682497
322577 954515
123973 967647
356789 39061
493813 111581
683881 135117
142327 689929
801185 109257
238639 881375
97545 909961
202841 768483
843043 1305
134569 596007
323369 14313
522089 156367
321821 920105
286295 986239
260177 382475
671505 254865
716135 29139
779265 272895
203985 200279
928679 102017
987567 196655
929615 187117
69439 781285
244299 956093
19513 471425
76421 704179
87423 951817
865679 267893
181585 931851
869313 68371
82445 984445
763971 118015
991691 51965
671433 197733
72143 200105
922933 313877
608979 94541
751755 60375
2745 715275
69279 850955
987219 174527
708007 294227
833223 3579
245637 780577
432793 333005
230493 68591
898753 81097
674375 228739
31857 59379
687369 164051
114733 178459
500741 66061
834429 43541
59787 888637
153203 973263
17541 31655
226391 284585
360951 42811
124729 353251
228607 370813
72775 934817
984869 985807
74239 712851
992479 45555
967579 864817
71977 739659
153857 35671
114347 755049
183159 475497
558215 263463
709709 138055
30887 954965
867353 705435
325627 597793
250763 814477
677015 113631
240283 365869
724839 205179
888937 692305
958519 42379
130623 758225
2343 203003
269195 342883
831513 277109
77977 931127
897669 233393
152647 710197
695115 79651
48013 866991
959297 116563
975973 206675
389235 252585
950963 783739
848081 149039
673733 994537
713609 129791
244451 84337
54729 709831
519839 321137
291681 858679
237331 117647
167935 339207
206389 857669
850293 90505
978865 95595
945341 700629
176541 754985
38449 731885
238475 610681
928301 236041
115491 117583
794671 3587
655549 305149
696731 24323
641513 167199
690627 325897
943989 227397
56837 41597
238575 773031
235139 905413
198793 791177
147013 615927
826323 301697
140535 702303
288669 999853
924813 177569
885735 63315
917341 13965
907337 809013
18419 395267
241025 918513
964817 239417
965491 866173
940559 250777
230971 370977
193857 544263
87763 782547
370219 169513
115651 211735
519893 250407
684369 926095
854075 120609
92893 612669
982655 140437
24531 672137
860901 302645
506383 27583
94531 802661
688603 282799
416801 90387
201359 2351
801141 113403
35623 235349
180925 947547
920715 949765
9453 408677
671703 232437
182501 768389
242769 793353
845565 989627
589293 2607
468721 233747
155697 38673
306091 212847
141037 14019
483905 311929
960377 818625
997167 250819
745601 105735
394603 39101
883877 199637
179539 946645
784891 979051
475415 329639
135933 886561
165645 189587
922529 24923
843391 933625
781069 311507
974207 281283
66891 875031
832725 71285
562785 71491
253827 428479
553085 57279
861395 293675
605547 231077
785437 92433
878045 11539
164633 12569
621143 251171
226287 983037
286367 906675
27169 719641
780463 751227
153215 595217
287029 64773
156731 121389
12739 43095
237249 757765
900187 146793
667471 101539
200777 804813
64319 596967
588651 101091
95409 785125
941461 244347
406047 135529
796453 924573
256273 75115
578571 297969
253 902879
141777 442815
71327 462415
842091 129883
115429 970801
190835 932851
992693 199829
711193 174433
234701 686063
65885 828237
65665 846063
60519 818597
797795 129231
802055 214353
784141 138821
722011 143597
245263 970837
59249 660413
304941 917223
783541 245439
803377 146853
208605 65987
