65
2 2 1081292147434158
7 12 6439637337963783
6 9 497087563
60280 106158 382504020903546
3865717696012301 6136029900710052 3321279115901350
3 5 840843200459482
9 15 5802491041437611
314 512 1024
26597 37816 4245730305851899
5 8 550103143310362
2 2 9825445613196928
9 9 2395440648063235
10 17 370045965243845
1 1 3771679948420674
3626621529746551 3995165959615617 3319701929960343
10 13 11234567890
4 4 4198590241362000
10 13 8689503031950123
74116 111994 1493371909130523
7861 11257 5477539912208008
9 10 9259928947805118
59617 76399 8216425361382011
1 1000000000000 1000000000000
9545048558841825 6899255672076999 9272818149758853
1 1 6044898352400565
314 512 133769420
52245 85277 3528041057867931
49127 75508 3693288613316216
2 2 5384712727499747
8025714536856354 9903000027803061 904922510325972
6 6 3465509398779757
4175966084693454 5040165207533386 1846283425419327
9334 14595 5458585253152592
13988 25555 2154753727553324
13973 26419 3513626523439425
2 3 2
650920191250544 3690753017565881 4021727189586015
4 4 1760792368134037
4930 6317 3001060110844245
5 7 4495587747091262
10 13 3337041873753082
48878 70096 1422160026469748
4 7 6988873275022466
1 1 1000000000000
4 6 2271224666368145
259149987802241 6689368820300403 3534721002568495
4 6 7754441745231444
6 9 2903294259185990
2 3 5
5 9 9152845331581750
1000000000000 1 1
5089 7407 1785197717173513
7 7 6977204123379581
2 3 1
1 3 100
1 1 7851116204037232
8272 10247 5338458442301888
99838 101928 3638110057611840
9 17 7379218941168776
5 9 2462869142646418
725831654114702 4541733210835335 2742887072719959
1000000000000 1 1000000000000
1 1000000000000 1
25878 28689 9188723367817961
5 1 100
