500
4 100 2 99
999999999 999999999 1 999999998
543383962 764857696 2 41522173
999999999 999999999 2 1
66434218 3 2 2
630783940 100 3 2
100 2 1 1
135818523 100 127108945 1
100 305987626 2 48247012
100 351514573 1 3
100 999999999 3 607160337
100 999999999 99 2
4 3 2 2
3 999999999 2 1
1000000000 1000000000 3 2
4 3 3 1
999999999 2 2 1
4 1000000000 1 999999999
999999999 100 999999998 2
4 100 3 99
999999999 3 768481208 2
427727826 1000000000 3 1
999999999 1000000000 3 218565021
4 4 1 2
1000000000 999999999 999999999 1
999999999 1000000000 3 1
999999999 4 3 2
2 4 1 2
999999999 100 1 3
999999999 999999999 3 999999998
4 4 2 2
1000000000 1000000000 1 999999999
2 1000000000 1 3
598618548 1000000000 1 2
3 100 1 99
1000000000 100 2 99
999999999 999999999 3 1
4 100 1 3
999999999 4 1 1
900930753 3 3 1
999999999 1000000000 2 724564983
999999999 100 2 1
1000000000 999999999 2 1
3 100 1 1
826551905 100 1 49
100 1000000000 2 2
404696558 1000000000 344580310 355699065
1000000000 1000000000 301408972 2
163592637 549432548 2 110629430
4 1000000000 2 2
999999999 1000000000 2 3
671771882 1000000000 458242975 1
999999999 999999999 999999998 2
499812538 999999999 1 1
100 999999999 2 3
100 4 99 1
1000000000 1000000000 1 4469475
569981406 4 2 2
201238540 100 49757290 14
704993648 595827515 1 3
586838884 999999999 2 2
999999999 100 1 2
100 1000000000 1 2
100 100 70 2
3 999999999 2 3
1000000000 743670139 3 3
3 100 1 3
606735969 100 574575067 9
2 100 1 1
100 999999999 3 3
100 999999999 1 1
999999999 100 2 99
4 100 2 71
100 1000000000 99 3
1000000000 100 1 1
2 999999999 1 2
100 1000000000 99 999999999
100 102245557 1 1
999999999 1000000000 1 1
2 2 1 1
4 999999999 1 344277279
999999999 100 3 2
100 1000000000 3 2
4 3 1 2
2 590064564 1 410727603
759115178 100 3 1
100 1000000000 3 875437474
501599341 999999999 2 3
4 1000000000 1 1
4 1000000000 2 812085677
100 1000000000 3 3
100 1000000000 1 999999999
4 345870621 1 11170728
2 243229745 1 59406209
4 100 3 1
1000000000 935367125 2 688653704
1000000000 999999999 1 3
3 1000000000 1 859457977
100 4 2 1
275678673 999999999 1 1
100 470997877 1 2
999999999 1000000000 488516079 1
1000000000 760355100 2 1
999999999 4 2 2
100 4 2 2
3 999999999 1 3
4 999999999 1 1
999999999 4 37069733 2
999999999 3 1 2
3 1000000000 1 638408569
999999999 130079639 121158886 3
100 100 99 2
999999999 4 627313199 3
1000000000 100 1 3
999999999 4 2 3
999999999 489345280 108542079 3
1000000000 723284552 647366837 1
1000000000 1000000000 1 2
4 21218471 2 2
4 4 3 2
999999999 3 3 2
1000000000 999999999 999999999 2
999999999 100 2 2
400638252 4 3 2
4 1000000000 1 809590669
999999999 3 2 2
999999999 4 3 3
38475058 4 38289611 2
999999999 2 3 1
4 4 1 1
2 1000000000 1 999999999
100 999999999 3 999999998
204388631 3 2 2
3 999999999 2 999999998
4 40276081 1 3
1000000000 4 1 3
100 3 98 2
100 4 3 3
999999999 2 1 1
3 929445484 2 1
1000000000 999999999 2 3
999999999 100 999999998 1
4 4 2 3
3 348674172 2 208198940
999999999 100 3 99
100 999999999 2 1
100 1000000000 2 1
1000000000 999999999 2 2
999999999 999999999 3 361042743
1000000000 4 1 1
100 3 3 1
2 1000000000 1 2
999999999 100 2 11
999999999 3 999999998 2
4 100 3 3
2 100 1 2
1000000000 3 3 2
2 475952396 1 3
900200350 242692999 164767257 3
100 4 1 1
4 999999999 2 999999998
999999999 1000000000 1 3
999999999 1000000000 3 3
3 4 1 2
4 999999999 3 3
1000000000 889034323 2 585497466
100 100 1 1
1000000000 1000000000 2 3
999999999 1000000000 999999998 1
100 1000000000 2 999999999
1000000000 999999999 2 999999998
999999999 3 1 1
3 999999999 2 217585714
999999999 999999999 1 713021361
100 2 9 1
1000000000 1000000000 999999999 2
999999999 999999999 999999998 3
4 999999999 1 999999998
2 999999999 1 999999998
4 911940777 2 39960172
100 4 3 2
100 100 3 99
3 1000000000 2 1
3 1000000000 2 999999999
999999999 999999999 999999998 1
4 3 3 2
1000000000 1000000000 3 1
587962907 2 570433024 1
999999999 999999999 3 97982365
999999999 100 999999998 99
4 4 1 3
1000000000 1000000000 1 3
999999999 3 999999998 1
999999999 4 1 3
1000000000 3 999999999 2
351511977 1000000000 3 1
3 565428755 1 2
3 560442205 2 3
3 4 1 1
1000000000 354487415 2 1
999999999 100 3 3
100 100 2 2
100 1000000000 2 3
999999999 999999999 3 2
100 1000000000 99 1
1000000000 4 999999999 3
3 1000000000 1 1
100 999999999 5 3
4 1000000000 2 1
513324740 2 1 1
1000000000 999999999 1 1
1000000000 4 999999999 1
3 4 2 2
100 999999999 3 2
999999999 999999999 1 1
1000000000 999999999 313743023 2
270079655 4 13920983 1
999999999 1000000000 3 999999999
2 999999999 1 1
3 3 2 1
312920545 1000000000 309279031 2
100 380837481 37 96807255
1000000000 100 2 2
1000000000 100 1 2
4 100 2 3
4 100 2 2
4 100 3 2
4 999999999 2 1
1000000000 916764387 127932786 3
1000000000 1000000000 1 1
3 3 1 2
3 2 1 1
402854259 831040336 3 3
1000000000 100 2 27
100 999999999 1 999999998
100 100 2 3
1000000000 3 999999999 1
100 999999999 1 913663288
1000000000 3 1 2
100 100 3 48
100 616551719 3 3
1000000000 100 3 1
515006471 3 3 2
874810763 1000000000 1 903855415
1000000000 2 592728920 1
100 3 2 2
452792670 1000000000 2 115192647
914040527 100 1 2
588175668 2 2 1
100 3 1 2
1000000000 1000000000 990110168 2
4 100 1 2
697757447 999999999 3 614333645
268284003 3 3 1
100 4 99 2
3 1000000000 1 999999999
100 4 1 2
1000000000 84082569 375561153 2
3 4 2 3
1000000000 999999999 2 47219043
999999999 4 1 2
3 100 2 99
4 3 2 1
100 999999999 99 3
999999999 1000000000 3 233117279
100 100 1 99
2 999999999 1 3
2 4 1 1
3 1000000000 2 3
3 999999999 1 1
1000000000 999999999 3 1
100 1000000000 1 1
3 49194494 2 1
1000000000 100 2 3
160776118 100 1 1
1000000000 1000000000 2 2
1000000000 1000000000 245797795 1
1000000000 3 2 1
100 100 3 1
100 100 99 3
1000000000 999999999 3 999999998
100 916630865 1 2
999999999 1000000000 999999998 999999999
100 1000000000 3 999999999
4 2 3 1
4 999999999 2 471976874
1000000000 100 3 3
407111787 999999999 158724311 2
779009402 100 3 3
999999999 3 3 1
2 100 1 66
999999999 999999999 2 999999998
999999999 1000000000 2 2
1000000000 4 2 3
4 999999999 1 3
1000000000 1000000000 3 3
999999999 1000000000 2 1
999999999 100 1 1
804684832 197217720 1 153175513
999999999 999999999 1 2
3 1000000000 1 197472206
998645846 2 2 1
1000000000 4 3 2
1000000000 4 3 1
1000000000 100 99694839 3
3 4 2 1
100 492122489 3 2
109588419 516866303 95880941 3
4 1000000000 2 374349453
100 999999999 99 1
3 811153361 1 12686097
713458743 999999999 1 232415301
4 999999999 1 2
3 100 2 3
1000000000 100 3 99
163708539 999999999 3 3
999999999 999999999 470395372 2
999999999 3 2 1
100 4 1 3
3 1000000000 2 174737436
3 3 1 1
100 999999999 72 3
999999999 999999999 999999998 999999998
1000000000 100 3 2
4 999999999 3 999999998
1000000000 100 75322340 3
100 2 99 1
4 3 1 1
474573491 100 2 2
1000000000 2 2 1
1000000000 4 999999999 2
1000000000 999999999 999999999 3
688697997 456509775 2 1
999999999 100 1 92
1000000000 3 1 1
2 100 1 99
1000000000 4 2 1
216458893 858261817 2 730048733
3 1000000000 2 2
804494411 2 1 1
1000000000 1000000000 999999999 3
3 4 1 3
4 100 1 1
4 4 3 1
4 1000000000 1 3
4 999999999 3 1
100 100 99 99
4 4 3 3
999999999 1000000000 1 2
4 1000000000 3 999999999
3 637320062 1 460765579
207868204 1000000000 2 225202610
1000000000 1000000000 2 999999999
100 999999999 1 2
999999999 878891013 1 3
999999999 100 2 3
100 100 3 2
4 999999999 3 2
999999999 1000000000 2 999999999
2 43534587 1 1
3 1000000000 1 2
999999999 4 999999998 2
100 4 3 1
1000000000 100 999999999 99
1000000000 2 1 1
4 100 3 56
1000000000 999999999 999999999 999999998
1000000000 999999999 1 999999998
999999999 1000000000 1 999999999
999999999 3 132294377 2
4 314723735 2 2
475576299 79599546 62711377 1
2 4 1 3
977912389 734778827 532290378 1
3 387806766 2 3
4 100 2 31
3 2 2 1
76553835 3 3 2
4 1000000000 1 2
100 999999999 99 999999998
1000000000 999999999 90055928 1
365482087 971250614 97597 28576180
3 190048202 1 3
999999999 4 999999998 1
4 999999999 2 3
100 999999999 1 3
1000000000 4 3 3
4 2 1 1
100 3 1 1
803061495 4 3 3
4 625855660 3 1
4 308024713 3 2
100 4 2 3
903145896 4 200741956 3
249097053 100 3 2
1000000000 4 2 2
100 2 22 1
999999999 999999999 3 3
4 100 2 1
377173489 999999999 3 1
4 2 2 1
100 999999999 2 2
100 2 3 1
100 100 99 1
100 2 2 1
1000000000 352351844 795508322 1
100 100 3 3
1000000000 3 3 1
4 1000000000 3 2
999999999 4 2 1
4 1000000000 3 3
1000000000 999999999 1 2
999999999 100 999999998 3
100 1000000000 99 2
999999999 999999999 2 2
699118378 100 371255050 53
1000000000 2 999999999 1
159636198 2 132750702 1
3 100 2 2
100 100 2 99
2 3 1 1
100 1000000000 3 1
1000000000 748176992 2 3
2 100 1 3
1000000000 100 2 1
999999999 4 999999998 3
1000000000 1000000000 3 165697225
126406469 999999999 3 3
1000000000 1000000000 2 1
100 999999999 3 1
1000000000 100 999999999 1
999999999 1000000000 999999998 3
3 1000000000 1 3
19089712 3 3 1
4 100 1 99
999999999 153855548 3 2
4 100 1 40
4 292678792 1 2
100 3 3 2
576202195 4 1 2
4 1000000000 3 1
999999999 4 3 1
372315310 428364244 1 1
992439437 2 2 1
621335426 20082604 2 3
100 4 84 3
100 1000000000 3 881233701
999999999 553819129 274277625 13275303
1000000000 1000000000 3 999999999
1000000000 1000000000 999999999 1
100 100 1 3
999999999 1000000000 999999998 2
999999999 100 3 1
4 783105139 2 2
999999999 999999999 1 3
3 100 2 1
3 3 2 2
4 1000000000 2 999999999
1000000000 3 2 2
3 100 1 2
1000000000 2 3 1
1000000000 999999999 3 2
3 982500203 1 839934728
100 100 2 1
1000000000 4 1 2
3 999999999 1 2
945684593 999999999 725490874 3
999999999 100 1 99
4 999999999 2 2
100 397986566 65 2
1000000000 999999999 3 3
100 3 2 1
4 773392332 2 3
100 100 1 2
100 3 99 2
100 3 99 1
100 999999999 2 999999998
1000000000 100 1 99
632902334 4 3 3
999999999 306100163 2 1
999999999 1000000000 534911742 345724526
1000000000 4 606716047 3
999999999 396025382 2 2
3 999999999 2 478452455
999999999 1000000000 3 2
2 3 1 2
999999999 2 999999998 1
999999999 999999999 2 3
2 1000000000 1 1
100 999999999 1 4861357
100 4 99 3
1000000000 100 999999999 2
3 999999999 2 2
4 4 2 1
4 1000000000 2 3
3 999999999 1 999999998
1000000000 1000000000 999999999 999999999
100 1000000000 1 3
999999999 919338507 247646166 1
1000000000 100 999999999 3
