534777593 1000
2051
20485
12296
43016
34824
32781
43021
34830
28687
17
30737
10258
38931
6166
43031
36893
34849
37
10285
34862
22574
16434
36914
6195
22585
30781
30789
22598
26695
45128
12361
24652
24653
12366
6222
10319
14420
43096
16475
10332
20574
12383
30815
2150
41063
2152
24681
43114
10347
26733
32879
34935
4217
43133
45183
20610
28802
34954
37006
10382
45201
26769
30865
39058
4246
164
10406
22696
26793
37037
8365
184
2232
6328
8378
189
28862
4288
20676
4293
24774
22732
8402
37078
4313
39133
43232
43237
12519
45292
37103
33007
2289
248
24825
28924
8444
254
45310
41220
39173
16645
14598
35078
10508
28943
30993
33042
35093
10518
16662
33049
22809
10521
33050
18715
33053
37150
41247
289
28968
28970
14636
26926
18734
24879
33075
307
41269
37174
31032
28985
43325
24896
322
10565
24902
41288
329
26963
10580
35157
43349
39255
12631
39258
8538
33115
29022
18785
45411
10596
10597
26983
33127
2408
6504
33129
41321
22891
12653
2417
8561
26994
16758
35192
10617
18809
22910
37246
43393
45442
16771
392
8585
18826
45454
45456
4500
22935
41374
29089
37283
41381
22957
35245
20909
22958
2478
45491
45495
39352
4539
39357
37309
35262
37310
12736
22976
18880
450
16834
37315
4548
12740
18884
22983
41415
18892
10702
43473
33234
41426
2517
35285
29144
20958
37350
18918
41446
492
35308
27118
2545
14833
4594
33271
20984
16888
35320
20985
35322
16894
23039
33281
513
41476
20997
43533
12818
45586
8723
4629
18966
33305
35355
37403
543
16927
37411
18984
14889
14890
555
45611
31276
29232
43571
43572
10807
27191
25144
23096
2617
14907
12859
33340
29246
31300
43592
585
8783
27216
4689
37461
6742
25176
27227
2654
2655
8805
41575
43624
2666
6766
19054
6768
626
39538
23154
21108
17014
17016
14975
41599
23167
29313
12930
2692
35462
45702
4743
33422
19087
6802
45715
19091
45722
19099
39583
2721
6820
31400
41641
10927
4788
39612
27326
29374
6853
37574
39625
25291
21197
19151
17104
13009
6866
15058
8916
4821
27350
25302
37593
27355
19165
41694
35550
21219
17127
45802
25323
41711
39665
6897
31473
4850
23284
6900
31482
15098
23295
6912
11013
39687
27400
33546
11019
17164
6924
39694
33552
13073
11025
37649
35602
11026
17174
19224
793
19228
15134
19234
19237
15142
13094
21291
31532
43830
6968
45882
11067
27452
828
27455
19268
43846
6982
11079
21325
13134
37711
35665
852
27477
29529
45915
19292
2912
45922
4963
2919
7015
31591
21355
23409
29557
43894
31609
19322
9082
7035
19325
37760
896
17281
31618
17283
27526
7047
33673
21387
17292
9101
7054
29583
27535
25490
31634
39828
23448
17305
27546
29595
7069
33698
7075
43941
31654
33706
31659
2988
43948
5038
21423
15284
9141
29622
23480
9144
21433
9149
15294
46018
46019
963
17348
27589
31685
15302
25543
46027
33739
11212
46028
17357
41934
25551
19408
3025
9171
23507
39894
11227
23519
5087
35809
29668
37861
7142
33767
44011
31725
44016
29682
7154
17395
5107
3062
19447
33784
5115
1021
44034
29702
31751
25611
1035
9228
27661
17432
19481
39972
25637
23590
42023
27689
17450
21548
25645
19501
1069
39993
44089
3137
23619
17476
25669
9286
37959
37962
13389
1103
31824
5203
19540
9300
21593
33883
46173
29793
37989
7270
35942
3175
21607
7272
40042
15472
35958
7292
27772
9343
38016
44162
23683
13443
33928
5258
11402
17547
38027
13451
7309
13454
29839
15507
46227
46228
44182
25755
25756
38044
9373
42143
1187
5284
5286
29863
21672
36009
46250
31914
19628
29869
23726
11441
3250
21682
11446
44214
31927
27833
38074
38077
11454
5312
42182
40135
1223
17608
17609
27850
19659
19662
25807
29907
27863
42200
5337
17625
5339
11483
17627
36064
40164
7399
23785
44265
19690
34029
19696
11504
23792
29937
21746
15603
31991
29943
38137
13562
15613
36101
21766
9479
34056
3336
13577
7433
9482
38155
17676
11532
40211
9495
44311
32031
7463
34089
9513
40234
44331
29995
17712
40242
42291
44341
36150
25911
21815
30008
11578
32061
36160
17734
3408
44371
11603
15699
7508
15700
9560
3419
34140
7516
38237
1376
5478
21864
38249
21868
42349
3437
21870
11631
42353
3443
15737
28033
30085
34184
42379
19855
38289
17810
15763
36244
23958
15770
19867
34212
13732
1446
3495
13735
17832
26030
9646
26033
23986
26035
40373
11703
28088
11706
11708
3517
1469
19903
34239
42431
13761
7617
38338
32200
42445
1489
26066
24019
5588
38358
38359
5593
21979
19932
28125
28127
38369
26082
9699
11749
13797
9703
19945
24042
36333
5614
13808
9713
9715
11763
22006
32254
11779
36358
26119
24071
44552
3592
1546
30221
42510
44559
36369
34321
28180
38420
32277
34325
22037
9751
24089
40474
5658
22043
30239
34339
20011
44588
20015
26161
13876
17974
28218
24122
3642
5691
5696
28225
13891
44612
11845
20037
11847
44615
38477
5710
7759
15953
40530
26196
9813
13909
36437
28247
44632
18008
36440
22105
40538
1627
44637
11871
24161
15970
44649
18027
40560
11889
20085
42613
13943
11897
26234
40572
20094
9854
3712
42626
44676
18052
3717
3721
34444
18061
40592
26257
44692
28308
26261
34456
24219
26271
13984
3745
11937
32418
26275
7843
32427
30379
22188
5804
3763
1720
32443
28349
34495
7873
44738
36549
9927
38599
1737
1738
34506
30414
44754
38615
9943
30427
11996
18144
40673
1762
7910
34534
12009
42733
5869
40689
26353
30452
30454
44792
16122
20221
36608
20227
1795
38660
28428
30477
9999
42767
16145
44820
7957
12053
10009
28443
34589
16158
16160
3873
42786
26402
10019
14115
24356
18224
14128
34611
24372
20277
5942
16182
10039
18233
36665
28476
36669
34627
36675
30532
28491
24398
26447
3919
12114
24403
12116
14165
1878
5974
3928
40792
18267
1884
28509
1890
26467
34659
22372
1897
44906
22379
12139
44908
18285
12143
44915
18291
12147
22389
42870
38789
42886
30601
3980
42899
8085
44949
26517
8086
24473
1950
10148
18342
42919
12205
36784
32690
40886
28598
10171
28605
4029
24511
20415
30658
40900
32712
22475
6092
42959
34771
2006
24534
10204
10205
45021
45023
20447
42977
22498
34787
20453
14309
42986
32746
14315
10220
34800
28657
2033
24564
40951
18429
43007
