1000000000 1000
14339
47111
43016
45064
14345
43017
53260
53261
43024
51219
34841
57372
57375
55327
57376
40992
2081
47139
34855
34859
38958
14384
4144
22577
4146
14386
22578
16436
43066
61502
18497
49222
30794
20555
24652
26700
77
47181
26708
8277
6230
16480
53345
14433
10337
32866
53351
55399
51309
24691
32884
41076
8312
4216
22649
39035
10366
45182
55422
55426
18563
20613
24711
39049
6283
43155
39060
53397
20629
59542
41113
59548
57501
12447
28837
49318
166
8359
22695
51369
12458
55467
12459
2222
176
18609
41138
22711
37047
28856
24760
45243
32957
43205
8389
16583
51404
37068
51405
39118
6351
37080
30938
39132
28893
47327
20703
49380
35045
43245
4334
14576
26866
6390
45303
6392
24826
8442
10492
6397
53502
4354
57603
22787
22788
22790
45324
61710
24847
14610
35092
35094
4376
18714
2334
22814
59680
41250
61734
26920
49452
24878
4398
47408
10546
14644
35130
4412
57660
12607
10564
43334
14664
31050
20811
51532
2380
49486
59727
22863
55631
37200
45394
39253
18773
55640
57693
35165
37213
47454
14688
4450
6500
31077
22886
18790
43367
14696
12649
39274
24939
57709
29037
4465
31089
24946
16759
35192
45433
53627
47484
10621
29055
53631
55680
39296
29056
51584
8576
2433
43398
24972
47503
10644
47511
410
18843
53659
18845
43423
14754
31138
2468
49573
16805
45478
41386
25002
8620
61874
4532
33207
10680
29112
53689
35261
55745
51650
37316
53700
18888
51656
18889
55755
6604
55760
43472
33232
39379
47572
49624
35289
51674
12766
43487
27104
20962
6627
33253
47591
10728
45544
20970
43499
20982
12791
8700
59902
16898
59907
20996
59909
47625
2569
31242
43530
35338
21004
57871
53776
43538
43541
47637
57880
45593
2585
27162
18974
27169
43554
29219
12836
43557
31270
59943
27175
552
4648
8744
51752
53801
12841
43564
557
10798
49711
16944
37427
12857
47674
2618
25147
35391
2628
23109
53836
14928
57939
596
31319
599
45659
6750
12894
25183
33377
23138
12898
12903
4712
35433
17005
33390
62062
29303
60026
39551
17025
6794
55949
41616
33428
39577
2714
35482
25244
25247
35487
55968
31393
15009
53922
21154
15011
19109
45735
23208
49833
51882
45742
21171
21177
21182
58048
49858
62146
45763
35530
13004
33487
35538
6867
62163
10964
29399
45784
13020
51935
4832
13026
2790
6889
37612
27373
47853
56046
54010
45823
29443
41732
49929
13069
13077
43799
13081
27418
21274
45852
60189
47901
35614
2847
21282
23332
8999
25383
54055
11049
810
11053
58158
39727
35635
4916
49978
4922
21315
39748
54091
52045
9038
847
852
25432
60250
37724
56158
19298
35688
9064
4968
50024
35690
21358
45940
884
4981
17274
21372
29566
47999
52096
25473
41858
11139
35719
29580
56205
23438
11158
45976
23448
41882
29594
43932
52131
33699
39844
17318
9127
11177
39852
60332
58287
56239
11184
29620
58293
43958
50103
25529
5051
19387
13243
50109
50111
62399
7105
5059
5060
13252
19400
60367
17361
41939
46039
27607
11228
29661
58333
60383
21473
58337
7139
19433
31721
58346
56300
21484
31727
58356
23553
54274
5125
37895
37896
29707
19467
23563
17421
5135
52242
21524
52245
46102
46105
3099
46109
58400
39971
7204
52261
3111
42026
39981
19503
13359
37937
62517
9275
23612
35901
44093
60483
11332
52294
62534
40008
7241
35913
35916
25678
19534
52308
3157
1109
23638
19543
40025
33882
19547
48219
7260
44124
25693
5213
52318
1119
56415
1120
48228
37993
25708
48238
25713
1138
3189
15481
31865
33916
35965
17534
23681
17548
44176
54417
60561
27794
60563
42135
3225
17563
50346
40109
33966
5295
21686
46267
29888
52418
44233
13513
3275
44238
56527
17615
11476
15573
31958
44246
56536
40153
62685
27871
48351
50401
48354
44265
21737
62698
62699
52461
42224
60657
48372
36085
44277
42229
48378
5371
25852
38141
40195
3331
46339
42244
62728
3337
58634
34062
32014
5391
62740
17685
48406
11542
9496
3357
17694
34080
44321
56614
13606
23848
1321
1323
29995
58669
32046
52527
1331
44339
9524
19764
62772
23862
50487
42296
60730
9533
48447
52550
40262
13639
27976
38217
42314
44363
38224
11606
25943
52569
5468
36190
48478
11617
62819
21861
7525
42344
50537
1386
60778
38251
58731
17772
36207
60786
13687
52599
5496
13689
1401
32127
56704
32130
5509
52613
56710
34183
62857
7562
56714
13710
15758
15761
26006
30107
5536
62885
23973
58791
38312
26027
13740
50605
34221
19885
21934
28083
30132
50613
23996
44480
19910
7622
54727
13768
62922
54733
38349
1488
32209
21969
15830
1496
38362
32221
46558
34273
9697
19941
52709
30182
36328
34287
54768
52720
19960
60921
52729
26107
13820
28156
13823
58881
46593
44549
44553
56842
34315
46603
13836
22030
40465
1556
58900
7701
11798
28183
26136
22043
9755
52764
15901
19997
46624
40480
44577
56865
7713
1570
50723
20010
58923
63022
58928
52784
7730
15923
17973
63032
58942
58944
13888
42561
3649
32322
32323
20036
48709
11847
17993
15946
40522
58956
52813
50768
30290
5716
46679
9815
50776
40536
54872
22105
34394
48732
9824
36450
36453
61031
28266
20074
50797
36461
15982
52847
1653
56949
61048
9849
54906
50810
7803
3708
26236
9853
56958
30339
30340
13959
56969
9865
5771
24204
3725
24209
11922
54934
3737
16034
28324
16037
40618
54955
1708
50862
16049
52913
9906
11955
44726
38584
9916
46780
20157
63166
42686
52926
1727
3777
54982
54984
3785
1740
18124
3789
46798
42708
48854
61148
59100
42716
11998
9956
44772
46821
5865
46826
26347
46828
1773
12013
55023
20209
40691
42740
50935
63225
36602
59131
52988
32508
14077
55042
44810
57100
40717
53005
9998
7951
42769
44820
22294
16152
59168
22304
46881
7969
24354
16164
48938
16174
53040
34609
38709
28472
46906
40772
5963
61262
61263
8015
46935
59226
48986
16218
46939
34654
38751
57184
51052
1907
3956
55158
24441
26492
55164
16253
49022
44928
26498
26501
16263
28551
24455
46987
49035
14222
16275
12179
42903
30616
28568
49050
28573
18335
24484
42917
40869
4006
47018
55211
55212
59308
30636
34740
10166
26552
38841
40889
18363
38845
32702
18370
26562
26575
12240
53201
51153
40914
4055
20439
2011
51167
18400
8161
22498
30697
32748
51185
32756
57334
6139
59387
30715
43004
32765
36862
