780758375 1000
22530
8195
40966
43014
38920
10251
2060
14348
14
4110
53264
45072
28690
10258
6165
14362
2075
53277
20510
12319
45088
14368
24610
4135
47144
32809
55341
36913
53297
32819
43061
12341
12344
32831
36928
2113
36929
28743
4170
32843
76
36940
14415
10320
55377
8274
36951
22615
26713
6239
28769
49251
4195
47205
32872
4206
10351
34927
12400
22640
41072
32881
41073
10354
32883
24695
20601
43134
47231
128
55425
24705
2178
34947
18563
43140
12420
28804
18567
45192
26763
43148
45205
32920
32922
26779
157
24734
47262
37023
10401
6307
51365
34981
18599
49322
10410
12458
45228
4268
22702
14513
41137
47286
30902
47287
43194
24764
37052
10430
47295
51392
24771
41155
30919
6349
45261
12494
18638
55502
10448
47317
28886
49369
47324
26846
18655
55523
26859
55538
20725
37110
12536
35067
39166
43265
26883
37125
37127
55563
8462
4371
49429
33047
14616
26904
45341
51487
290
49444
47396
55590
37159
55598
47412
20791
37183
53572
20805
12617
20810
14669
43343
47440
2387
33113
2393
8538
26970
16733
39262
2398
43359
10591
10593
8546
29028
47460
31076
10597
6502
18795
51565
45422
41327
49520
2416
2417
35189
373
45432
47483
2427
39293
49533
18815
47492
8580
18821
31111
22927
51599
10642
39315
31125
41365
49559
29082
41373
55709
39326
4511
45471
415
22944
45472
55715
43431
10664
2472
14764
41389
51633
16818
12722
53684
31157
45494
51639
55738
47549
55745
47555
22980
43461
14791
51657
10697
2506
53710
35291
39394
487
51687
8682
14831
37359
45552
51700
12791
16888
14841
35322
29178
31227
53755
41468
14845
55807
49664
35329
41473
39429
16906
33293
4622
12818
4627
29204
18964
53780
29206
12824
35362
37416
10792
49710
41522
6708
4660
12853
2613
55862
2615
16954
8764
19005
45633
16963
55875
49732
31301
53829
23110
23113
53834
21069
23118
4686
45651
4693
51798
31322
37466
2651
19037
16992
8802
51811
2660
53864
23146
10860
6770
14963
37491
12916
39541
47737
25209
27259
635
29311
31365
27270
12936
53896
49801
14987
10891
31374
10896
39570
12950
33430
37527
8856
21146
49819
51869
29345
43685
25256
27304
4778
2731
37550
15023
33463
4793
4794
31420
39614
17087
35523
39619
8901
49862
37575
41671
39625
25290
39627
47820
27340
10957
19154
2770
15059
33492
10965
6873
4827
13020
39646
21215
49893
29416
39660
8943
19183
8944
47859
35571
47860
35573
15101
33534
4864
11012
17159
23303
783
15123
13082
33563
41757
47904
54049
23331
4901
15142
11072
35650
52034
838
43847
839
19273
45899
6995
13142
37719
50007
27480
47961
17243
21340
23388
54111
13152
11104
29540
35684
29542
4966
17256
17257
11114
4973
41838
7023
4976
4977
13170
39794
2931
13172
50037
35702
47993
4987
4988
37761
33666
43910
35718
48008
50057
41868
2956
43916
39821
910
5007
43921
52115
54167
5016
41883
39839
37793
11172
45988
37796
15268
39845
17318
937
29611
17324
29614
19378
949
13239
41914
954
5052
27581
46013
35774
5055
3008
37824
37829
7113
50122
13261
39890
23511
35799
11223
46041
54237
23517
48095
21474
37860
9192
31730
29684
7161
21497
3067
48126
21502
52223
29696
39938
46082
37894
7175
21514
44042
33803
37901
21517
27662
3087
17427
46102
39971
48165
15397
37925
27686
27688
7208
42028
17452
5165
17457
25649
25656
19519
40002
25668
37962
50250
21578
29772
48207
54351
44115
17492
31832
23643
5211
23646
42082
48227
11363
29796
27751
37991
48234
54381
35949
23662
19566
17520
1136
54389
9333
38009
15491
9347
3206
21638
42118
19590
5255
23688
5257
9354
40074
19595
15504
31890
40082
31892
11413
38038
44185
19618
46247
13479
3239
17577
13483
29875
15540
40117
23736
1208
52409
44218
29886
19646
29891
3267
46275
50376
27852
40141
36046
27855
29903
7376
9426
27859
21715
15573
15577
31963
5344
1251
50403
1254
38124
13548
21740
15597
1261
21744
50416
54513
13553
38142
19711
17664
52484
54533
42248
1289
21769
19722
23822
1296
50448
32019
11541
48405
32022
38166
54554
40222
15646
21793
19746
42274
36130
38180
48429
9523
7478
52535
38200
27961
52539
15676
19777
44354
19779
7493
11594
32075
15700
48470
13660
36188
7517
3421
25950
3422
34154
23916
36207
36209
11634
7540
23924
17785
23930
15738
7549
48510
28035
36228
21896
30089
36235
13710
23951
40337
32146
7575
9626
44442
26017
21922
30114
9635
30115
38308
48550
42411
1454
3505
36273
28082
42420
11706
3515
34236
13756
46527
13761
36289
42436
54726
28102
52684
34254
7633
19925
19926
32215
21977
42458
13790
7650
5604
42469
54760
48621
1518
26094
52722
9715
9716
24052
24054
1527
32247
19961
52729
46586
5627
9725
3585
54787
15876
22021
7685
11784
42505
50697
40462
50702
15888
46610
9748
7702
26136
22042
42523
34331
26142
52766
17950
28194
3619
28195
50724
3622
44585
7722
15918
48687
50736
28209
7733
40501
38454
11830
42552
42554
40507
44604
1596
36414
32319
48709
1607
28231
38473
54857
30282
7754
34381
42578
54867
15956
38485
13911
18008
54873
44633
15961
7771
30300
26205
1634
15970
34403
48739
42595
5732
9832
3693
3695
32368
7793
54898
18035
42616
11897
28283
32381
40573
1666
7813
32390
40583
34443
34444
1677
26253
7823
20117
46750
7843
3747
28325
52911
20145
54961
28339
28343
46778
3776
9925
24262
3783
30419
14036
46805
38613
26326
11995
55007
30433
40680
34536
55018
24301
30447
20210
12025
30458
24315
7934
1791
7937
20229
30471
44813
16142
12046
18192
26385
42771
5909
55062
53015
22299
55067
18205
5924
18213
14119
50991
5935
3891
1847
12087
3899
48956
44862
28481
20289
36674
22340
42821
24392
24394
3920
14161
22355
14163
24404
14165
46937
22364
36701
48990
8032
22368
36707
18276
51046
16231
28522
5994
53100
22382
3952
53108
1908
14198
3959
20344
22396
16253
53122
16259
42885
3974
53126
55179
8079
32656
1937
36761
34714
40859
42910
47008
38817
22435
12197
40869
32680
16301
20401
12211
26548
47029
36793
18362
18363
8124
30656
30658
24514
38851
28612
16326
44999
16328
53193
10185
26571
38859
14288
55248
6097
16339
53205
12247
34778
16353
32738
45028
2021
34793
30699
34799
20468
45045
34805
2041
30713
16379
4091
12283
8189
28670
10239
