613237098 1000
6144
30720
47104
6146
24578
43013
6149
8
22537
47120
8209
26641
24595
22551
47128
32793
8222
47138
10281
24617
24619
36907
38956
47150
18478
10287
20531
49205
8247
2105
26682
28730
18490
16443
8252
45116
12355
26695
49225
6222
8270
34894
45135
34896
36944
4176
4178
4180
28756
47190
2135
34903
16472
47193
10331
6235
4190
14431
12383
28769
4195
24676
49252
47205
43116
36977
10353
34930
8307
2165
47223
8313
26745
22650
43130
49280
22656
47232
20609
18561
45189
10376
2186
16523
10380
6286
41103
22676
24726
152
34971
28828
30878
161
28833
10402
22691
39075
45221
49322
2221
2223
4271
14513
41138
10418
8371
18611
39096
47290
28858
14526
37058
12482
16578
14534
30920
18632
10458
35037
32990
45280
24809
30965
43254
6391
39159
20728
8441
14586
45307
47356
45311
2304
41218
41222
39175
6407
37128
26891
6411
47372
49420
39180
4366
37134
16657
14618
37147
39197
39198
22816
24866
37157
45350
47398
10535
8492
28973
33069
10542
4398
10545
22836
41269
20792
47416
43327
8512
31041
24901
45381
14664
4427
26958
41297
10579
45396
10582
20822
24919
33115
41309
12638
47461
41321
2409
37226
45424
37234
12663
377
37244
33150
45444
14731
35221
6550
4503
31130
22939
20891
35228
47517
8606
43422
43423
31142
41382
37289
33193
27050
39339
47539
20916
436
10676
18874
45503
29119
10693
16837
43473
43474
27091
10709
39383
31193
41439
16864
18914
12770
2533
35301
16871
18920
2538
2539
33259
2541
23025
31219
29175
37370
31228
508
35326
18945
25089
6661
45574
18952
45577
6668
41488
4624
45587
39448
31257
25114
541
39453
4641
31265
47650
31267
23078
33323
31278
8750
31284
47669
566
45625
31291
19005
14910
16962
27204
37444
43590
25160
14921
37449
31305
19020
39500
29261
2637
14928
25171
6743
45656
19032
23128
25184
27233
41571
14950
37479
39530
31340
23155
629
19061
27254
23164
2685
29313
31362
43656
4745
12937
43658
33419
39565
8853
25238
31383
39576
21145
21148
45724
23197
37535
39587
45732
35492
4774
37542
27307
6828
17072
23216
37554
23225
45753
35515
6843
45756
701
35517
704
25281
43713
8901
25285
10950
47817
35533
10960
2776
35545
37596
13021
47839
4836
17125
19176
13035
41708
2801
21234
33522
43763
15092
41719
6904
25337
2811
47868
13055
47874
31494
19207
41736
19209
47882
35596
31503
25360
13072
2833
43793
29457
37650
31509
15129
25369
43804
19229
25374
35615
43808
39716
23334
43814
43831
31549
31552
41793
13121
27462
11078
45897
2891
43853
11089
6994
31574
31576
43865
41823
17248
19296
33634
21347
45923
33639
31594
23402
25451
23404
15215
27506
41845
2933
39801
31610
13180
41853
43902
48000
21376
4993
15234
19331
19337
29579
41868
5005
37774
39825
917
41878
37783
920
45978
43930
31644
7071
31651
43940
11177
45999
29617
9137
15283
11202
27587
7107
46023
31688
969
31690
5068
15313
29655
11224
31704
17369
13273
15323
43997
7137
48098
35812
3049
5104
7153
44021
46070
23542
35834
33789
17406
39939
33795
35843
3080
44041
11274
46093
1038
48151
11287
44056
19485
11294
19490
42021
15399
25640
11306
3114
19500
15405
15406
21551
35890
17458
27705
13369
46140
7228
35901
29760
37954
35907
33860
31813
31814
7239
7240
46155
46159
21584
5206
5208
21592
40025
37982
44131
44133
35946
17515
21613
27760
19570
11379
17524
46198
44154
38012
5246
29824
35970
15490
48260
7300
35972
15493
44168
23691
3217
27794
29842
33938
25748
21654
17566
13471
42145
25762
33959
17577
27820
38061
44205
11438
21686
21692
15553
21701
25797
42181
46281
11465
33994
46282
23754
40141
15570
9427
1237
23765
3286
48344
5340
5341
46303
23777
15586
19683
21731
36068
27877
17638
38123
31979
42220
40173
1265
13554
48370
44275
42227
27892
34037
11511
27896
40187
34054
40198
36104
36106
15627
36110
1298
5395
3351
48410
1308
3358
38176
3361
9506
21796
17702
27943
21801
38185
17706
27947
25903
42292
46388
17718
1338
13626
25915
13628
27965
36159
7489
27972
17737
1356
46421
3413
23893
30037
15701
44378
46430
9566
23904
11617
42340
36196
19815
30064
11633
19826
17785
23930
42367
1407
48512
28036
38278
38279
40328
21900
3470
15758
42383
26001
28051
30099
34196
32148
7573
9621
15765
30104
38296
46489
30107
38304
48545
46497
38306
48547
5539
26020
28070
19880
21929
15789
7600
42418
1461
38329
46522
17852
44477
32190
11710
34239
17855
28096
38337
28101
44485
44486
36308
42457
32217
34266
34268
21984
38371
13795
26083
36324
9703
24040
24041
30185
3561
7657
30186
19949
36333
22000
26098
46579
26102
24054
38398
7679
11778
38403
7684
40452
9733
46601
5645
13837
36366
9743
26132
40476
40477
3615
13856
11809
24097
38436
1574
40487
20013
3629
13870
20014
9777
42545
46642
30260
17975
5688
46649
30266
22077
11838
34371
22083
36420
9796
42565
11845
38469
38470
36425
22092
32332
5709
1615
26191
28243
26197
44629
7766
42583
9815
5722
26203
42587
5723
5729
3681
30306
15978
30317
24174
11890
38518
36473
22137
18042
34428
36479
5760
48772
3722
44682
30359
32408
40601
22172
46750
42655
9889
40609
48804
30372
5796
9893
46757
42665
30381
38574
48815
7856
36529
48821
34485
42680
11963
32446
28355
11975
16074
28364
40655
18127
34514
30419
48852
22230
20184
36569
22237
16094
18143
22239
48863
46819
14053
48870
26342
5863
40679
36583
16107
5868
16110
28398
38645
22264
1786
40703
9983
44799
30463
3840
7937
42754
34569
9994
20238
44815
14096
18192
32530
38675
18195
30484
24341
30486
46873
30495
26400
7970
48934
5926
28454
10024
10029
48945
3891
48950
42807
32569
28474
24379
28476
30526
18239
18242
3909
40773
40775
28494
16213
46934
1880
8026
22365
34655
20320
10080
18275
12132
14183
12135
5993
16233
42857
16237
24433
34674
20340
46965
26486
8054
6009
14201
42873
30590
36739
30595
20356
34692
32649
6027
32653
24464
1938
42899
24467
16276
8085
42901
12182
18330
26523
26527
42918
40871
36775
6066
49074
26546
44979
4020
36790
26550
1984
18368
1985
47048
22473
40907
38862
30674
14292
45015
6104
22488
16348
47068
42974
34782
10209
8162
28644
49124
20455
49129
42994
49139
14325
2039
12281
43001
16379
2044
47101
