837109959 1000
2048
28675
14342
49160
9
55308
49166
45070
36885
24601
43034
32795
40989
8223
2080
20515
55332
38
26663
8241
38963
34872
10298
41018
49215
28735
36928
10307
45123
53316
6212
2118
26695
34889
14410
2124
16460
2126
43088
10320
6226
14419
53331
49236
30806
41049
49242
28766
55393
47201
8290
6242
34915
22629
53352
16488
20587
2158
18543
32882
16501
30838
36983
24696
43130
8316
45180
24701
32894
26750
16512
36996
43142
34954
18570
47244
20623
143
158
41119
8352
57507
30883
47273
37038
4273
39089
4274
12467
179
32947
34996
28854
49341
57535
28865
6338
16581
49352
32969
41173
45272
18650
16602
35034
16604
24797
28903
37099
47339
22769
51444
10486
35069
43272
12552
14601
55562
57611
8463
37139
43284
16661
47381
278
35095
31000
45337
45338
26914
6436
18726
10537
47402
300
47405
12589
33070
55601
37170
16691
6452
12596
37173
4414
320
2373
28997
24902
55625
10571
35151
16722
16726
12631
43351
16730
10592
2403
24933
47462
57703
47464
10600
8560
4468
4469
4472
31096
20857
27004
55679
22911
24961
47491
29061
16777
10637
22926
55696
51600
49558
8599
57753
49561
18843
2463
10658
12710
16806
29097
25001
16812
53677
45486
2482
29107
16825
18875
41404
33213
8640
22982
6599
55753
18891
16844
55756
462
33230
16846
4561
57810
33239
29146
39386
8668
14822
25063
20968
41449
53738
29165
57838
55790
35316
47608
18936
16889
6652
49660
4606
29185
20994
55814
8711
35337
45578
37386
25099
45580
23054
37392
31250
25106
6674
45589
51740
8732
49694
37408
35361
16930
547
51749
27175
45617
4659
8757
33336
33337
35387
29243
6716
55872
49733
6726
10824
25160
29257
23117
53841
39505
27219
33363
10835
21079
6745
21082
8795
10850
27238
31335
55911
31337
2667
49773
53871
47727
6771
35446
31351
31352
47738
51840
14977
29314
47747
10888
4744
8841
25229
37518
6800
14992
29328
8850
12948
14996
41622
8855
12951
23194
667
27293
37533
41631
8864
35488
8865
45729
10916
4772
21164
6829
47792
12978
29365
12981
39608
19130
25277
51901
4800
53952
43716
33477
8901
6854
21190
51913
25293
8911
13007
4817
19154
29395
49875
15060
13015
15064
43738
23258
29404
35551
19168
27361
23266
29411
4835
56035
2789
27367
31468
15085
45806
43759
13043
45813
56055
39674
25339
25340
37629
39677
35582
27393
43779
6920
39690
6922
43787
27406
4883
43803
23325
19232
43811
15140
27428
13093
54061
47919
6960
9011
17207
27450
27460
6983
17223
19275
9044
25429
11093
19287
47962
23389
2909
9056
11104
9062
874
56170
17259
17264
29554
50037
33654
47994
2938
13179
56187
41854
54143
31615
50049
41858
27526
52104
54153
50057
48010
5005
21390
45968
23441
29589
27544
37789
41886
2981
43943
41895
56232
35757
17327
39855
9136
35761
54195
46005
5053
41918
11198
54206
35779
13255
19401
21450
46027
11217
52179
9171
52181
13269
11222
31703
33752
48089
52186
21470
17376
52195
48106
35821
54254
17393
41973
56314
27643
19457
29698
52227
41988
13317
21510
35847
7175
41993
25613
54286
31761
15377
29717
42007
11289
15385
1049
9241
54300
50206
7198
23584
9249
5154
19492
21542
52262
7207
23591
52265
50217
19501
56366
31792
46130
39987
5171
3123
29748
48182
54326
17463
48184
15416
27709
48196
44102
13383
9288
25677
23630
1102
13392
42066
46164
54358
44122
11356
5214
29792
17505
56420
40036
31846
40041
46188
21613
5232
54385
29812
3189
54390
50294
35958
52343
46200
48248
5241
1146
40060
29820
42109
50301
13438
9343
7295
15490
38021
29831
46217
40074
13457
33943
40093
33951
23712
19624
44209
19634
7347
15540
15542
54456
1210
29886
11456
19650
52418
15558
23756
13516
52430
40144
23761
19667
21716
31959
36060
36062
56543
19681
19682
40170
56555
1261
36077
7409
9458
9463
1274
1282
50434
3332
40199
29964
3340
44303
56591
5392
25873
42259
32020
34068
42261
42262
32022
11548
52513
29985
7458
42274
52515
38180
7466
21804
1327
48432
52529
13618
15667
27956
54587
32059
48444
19775
56641
1347
11589
54599
48457
1354
54606
44369
23892
30041
27994
27996
34140
9564
1380
17765
44392
46440
28009
36202
21871
1396
7541
13686
32119
7544
5498
32122
34173
15743
13698
54660
38278
28038
48525
11661
5519
38287
11664
36240
19860
19863
34200
11673
11675
21916
13726
26016
50593
40355
36259
7588
17830
3505
36274
23988
34228
11702
23991
3512
34241
32197
21961
13769
44492
44493
3535
26064
36308
17876
52693
5591
44504
52697
52699
38364
5597
26079
34271
24031
26081
21988
5605
36327
19945
54765
9714
22003
1526
54777
48636
28162
5636
26117
46598
17927
30216
22025
26124
36365
17933
30221
19983
38416
30225
50706
56851
46612
46615
22042
34332
30236
50717
42528
40480
54820
9765
30248
42537
38449
36402
5691
11836
56894
26176
48704
5696
1602
22083
42563
13891
54854
38471
9800
46664
30281
48714
24138
24140
20044
56909
22094
13909
1624
40536
44634
40538
44635
42589
56928
36449
48737
50786
22117
46700
40558
7791
22128
3696
40563
22133
11893
42614
1659
42619
15996
1662
3713
13959
20104
34440
1677
56973
48783
28309
1686
28310
5786
18076
13981
54946
20134
26278
28327
48810
42666
11947
5805
42670
5807
24240
46768
32432
36529
44724
24246
3769
16058
7870
40638
44734
30399
54976
30400
57025
40641
52929
30403
54982
20169
34506
38603
57035
30414
32467
16084
42709
22230
9943
57048
42712
14043
32476
18141
24289
32481
18150
28392
44779
52972
24300
16109
30447
9969
16115
34549
24313
34556
16124
52989
28413
48896
30465
14083
5910
48918
34583
48920
50968
12056
36634
36638
14111
42784
42785
57121
28449
50980
10025
44844
12078
18228
57140
40756
46903
48953
12096
5953
36673
53061
30540
34643
34644
57178
30555
46939
53088
3937
44900
57189
32615
53095
28520
18285
10095
42864
44913
57201
12152
20345
3963
49019
24443
16254
6021
42887
18311
18313
40842
24459
53132
10128
53145
36765
32672
47011
12199
42919
22440
24491
20396
26540
34732
28592
34737
51121
26546
22450
14262
30649
14266
20412
1983
36800
26561
36803
26570
1995
14284
24525
47060
32724
38869
16341
47063
14296
2008
57305
2011
47069
22495
53217
30692
16357
30694
4072
12268
22510
18416
22512
14324
12279
32765
18431
