615221179 1000
45056
40961
22532
6148
38918
24585
18444
18448
22545
36882
16402
24595
16407
40983
26649
6169
10266
36890
43035
24605
12330
16427
43
44
14381
32816
41009
16433
16435
18485
4152
24634
45120
38977
2114
26697
16457
8265
10316
77
47182
32847
30799
6227
20565
49241
93
22623
14435
14436
34917
28775
16489
14442
43116
24689
30834
34930
45172
14455
47223
26744
8313
45179
47227
10364
43132
41088
22656
6274
10372
47240
16520
32905
14480
2192
18576
20625
32914
14483
16533
24725
12438
14488
16537
39065
6299
24733
8351
2211
43171
20647
32939
30892
14509
34990
37041
16574
14526
43201
22721
35012
49348
22726
30925
45261
35022
10450
4307
47316
213
47317
18648
12505
49372
26845
8415
43232
41185
16611
49380
20709
41191
24810
4335
18675
30965
33017
12541
20733
37117
26879
37120
12545
45320
39176
14604
24846
20751
20752
24848
8466
43286
41239
26903
45341
4383
35105
33058
10531
14630
2349
33072
22834
14643
22844
14654
8511
2368
31042
14659
26952
328
31053
24911
336
20820
24924
47453
4456
37225
8554
49514
10604
24940
16754
16755
47476
33140
16758
29056
24960
35203
388
47492
16773
41349
43399
12691
41364
4504
412
29085
20893
29087
31140
33196
8620
6574
25006
22958
6577
2481
47539
45492
12726
47545
6587
39358
447
8639
45504
10693
10694
18886
12742
18887
16839
18889
2508
8653
31182
22994
22996
2523
31195
39388
45536
20960
14818
4579
47589
2533
41445
27110
41449
4586
18927
23025
45554
25075
33268
39414
12793
47609
14842
47611
20989
12797
45566
10751
41471
47619
14854
47623
6664
27146
41484
16909
14861
6670
16913
18962
37397
45591
27164
29213
45598
41502
18975
14881
29217
14882
10788
41508
45606
43558
12839
33320
21032
16939
37420
21036
27182
12847
33330
2611
23092
4661
25143
23097
16957
41534
576
10817
19012
45639
47689
21066
14927
6736
43601
31318
47707
45661
45664
25184
21088
12898
39526
617
8812
10860
33389
25205
17016
8827
39548
2685
27261
23165
29311
47745
8837
41605
41610
21130
41611
17038
31374
37519
45713
12947
37523
6815
29345
17065
41644
27309
41647
41648
41655
27324
43708
12989
2750
35519
27327
2752
21190
8905
2761
39629
47825
4819
33492
19156
41686
727
45784
4825
23262
2783
19168
2786
41699
21220
45796
23270
6887
45799
39657
19179
19183
4847
29424
37618
19187
27380
25336
2810
29436
35582
766
13055
43775
25350
21255
6921
35595
8972
29454
4885
47897
43803
13085
31517
11039
19233
37665
33571
17187
31523
15140
6953
33579
814
9008
19248
47922
6962
25394
4915
45876
31542
21306
9020
25406
23363
33606
29511
47945
4937
19276
47949
31568
9041
31570
2900
41814
23384
35673
35675
4959
37728
19296
41825
7009
27492
45930
45932
33652
43894
45948
48000
29574
15242
17291
11149
11153
2965
25495
15257
43930
2971
19358
2975
9125
23465
19371
11179
23469
48050
5042
9139
25524
13238
41910
9142
17336
35769
11195
3003
39870
29633
5058
25539
21443
46022
35785
5066
46026
48076
23500
43986
3031
13272
35802
11226
31708
15324
9180
9183
48096
25575
3050
7147
1007
19449
1021
29694
21506
44034
13320
7177
37899
44048
23569
29718
31767
13337
23582
17441
33829
31781
11302
29735
15401
11308
33837
44078
3118
33840
25648
39984
42033
15409
13362
46134
25654
33847
39991
13372
35902
46143
31809
15425
25667
25668
1096
9288
46156
21589
23639
33881
7260
13404
7262
13407
29792
33889
48225
33899
31853
48238
35951
21615
40047
3184
35959
3197
23681
23687
38033
3217
1169
21652
33940
40089
29851
9373
19616
1184
33956
48293
46245
3241
31917
23726
23729
11443
36019
17588
31926
15549
21693
44221
29886
31934
3263
21703
23753
48331
21707
27851
40142
5327
48339
15572
25816
23779
5348
46312
3308
7405
21742
46320
38129
46322
29941
23809
11523
36100
44302
32015
7439
13585
17685
42264
38171
46363
13597
21791
27936
48417
40229
21800
46378
21805
27953
44339
42293
38202
7487
13633
48450
9539
1354
19788
25932
36174
32079
23889
25938
34132
30037
21851
25947
1373
40286
15710
48479
9574
1383
32104
30057
15722
46444
11628
32109
25966
40302
38256
25970
36210
36215
28023
23928
3448
17785
11642
48514
9603
19843
32133
1424
15761
17811
11668
3477
38295
46487
9623
44442
28061
38301
3488
42402
30115
23974
28079
26033
3509
32184
11706
7613
3519
5569
44482
11714
11724
21967
42449
42452
46550
32215
1496
46553
40410
21978
19930
36316
21981
15844
13799
15847
19944
15849
42476
32238
11758
32240
7666
32242
1523
38387
48628
9723
38396
19965
7680
46598
38407
28168
24076
13840
7696
40465
5651
17941
48662
32281
22045
1567
9762
36386
26151
32295
44584
15916
30253
48689
7730
26165
3638
17975
15932
30270
34367
1599
28227
22090
32333
40528
18005
36437
5719
26202
42587
38494
7774
32351
30305
7779
28260
5734
40551
9832
1641
22122
13930
1644
28269
22127
40560
34417
42609
7793
5746
48755
7795
24184
38522
32381
3710
24190
26241
38529
44677
1669
28295
46729
16011
40588
28303
13967
20112
32403
36504
46744
42652
26270
22178
38570
48812
22188
48815
22197
14006
44727
38586
48829
24257
14017
30402
7886
48851
36564
5845
20181
24277
16090
11994
24283
14045
32480
46817
9956
38630
1766
46822
42727
9960
46824
26347
48878
5872
24307
46836
32500
18164
24309
16117
3830
16118
36601
28409
30460
14076
36605
40702
28416
42755
5892
38662
44813
14095
40719
10001
34582
26394
22299
28443
16163
36645
14118
46888
1833
38697
40753
32561
3891
42807
24375
48957
24382
22334
40767
24383
30527
34623
34624
46913
42818
22338
32580
44868
5962
10059
28492
46926
20302
46927
44885
46934
42838
46935
14168
24410
42846
46943
18272
42851
18276
38759
20328
3945
22378
3949
36718
18290
6002
20341
30584
3960
42884
44933
30597
8078
42896
28560
16273
32657
22418
24467
28567
42905
44953
14234
36762
12190
34719
16288
14243
16291
38820
14244
26533
18342
1960
18345
32682
10155
18348
18357
14264
28600
34744
36793
22462
20415
42944
49091
44996
18373
14278
14280
28618
38860
42956
47052
4049
32723
8147
42964
49108
8149
14294
10198
42969
40925
2014
20446
47071
40930
40932
42981
22503
24558
12270
38895
45039
42992
22516
4084
30711
12280
4088
32761
40959
