121
4
2 4
2 8
2 4
2 4
2
4 3
3 4
4
10 10
4 8
8 4
3 3
4
8 0
0 4
4 4
0 4
2
8 8
3 4
2
3 4
4 3
2
0 4
4 0
2
3 0
0 3
2
3 0
0 4
2
4 0
0 3
2
2 4
2 4
2
0 0
0 0
2
5 0
0 4
4
8 6
3 4
7 7
3 4
4
8 6
3 4
6 7
3 4
4
8 6
3 4
7 6
3 4
4
3 4
3 4
8 6
7 7
4
4 3
4 3
8 6
7 7
4
0 0
0 0
0 0
0 0
4
0 0
0 0
4 3
3 4
2
50 50
50 50
32
2 4
10 7
5 7
3 4
2 4
13 9
5 7
3 4
3 4
9 8
5 4
0 4
1 4
20 5
2 4
6 6
0 4
6 4
16 12
2 4
10 7
1 4
1 4
6 5
6 7
3 4
9 6
0 4
14 7
1 4
1 4
5 5
4
6 7
3 4
8 4
2 4
8
2 4
11 9
7 5
1 4
6 6
2 4
2 4
12 7
32
7 5
1 4
14 8
1 4
7 6
2 4
8 8
1 4
10 10
3 4
7 6
2 4
1 4
5 5
20 10
3 4
18 12
2 4
3 4
6 7
2 4
11 8
6 5
1 4
7 5
1 4
2 4
13 12
1 4
11 7
2 4
6 6
8
1 4
12 4
1 4
4 5
1 4
11 8
2 4
7 6
256
1 4
5 5
3 4
19 10
8 9
2 4
3 4
7 7
14 9
1 4
6 6
2 4
2 4
7 6
10 10
3 4
5 5
1 4
11 7
2 4
3 4
13 11
2 4
5 6
1 4
31 12
0 4
4 4
8 9
2 4
3 4
7 7
3 4
6 7
11 9
3 4
7 6
2 4
23 14
2 4
10 9
2 4
3 4
7 7
14 9
1 4
6 7
3 4
2 4
16 12
2 4
6 6
3 4
6 7
11 9
3 4
3 4
10 8
2 4
5 6
0 4
13 8
1 4
6 5
19 13
3 4
7 5
1 4
5 7
3 4
1 4
10 6
6 7
3 4
3 4
13 10
9 10
3 4
3 4
7 7
1 4
5 5
3 4
21 15
0 4
9 6
6 7
3 4
3 4
11 9
3 4
6 7
2 4
6 6
3 4
15 12
9 9
3 4
3 4
6 7
2 4
7 6
3 4
13 11
24 12
1 4
7 6
2 4
2 4
9 9
7 5
1 4
5 6
2 4
3 4
17 12
5 4
0 4
3 4
11 8
3 4
11 8
5 6
2 4
13 11
2 4
6 7
3 4
2 4
14 10
2 4
5 6
11 9
2 4
7 6
2 4
7 6
2 4
2 4
25 15
10 7
2 4
5 7
3 4
3 4
17 12
1 4
6 5
2 4
8 9
7 7
3 4
2 4
15 9
2 4
6 6
7 4
0 4
9 9
2 4
7 4
0 4
14 10
1 4
4 7
3 4
10 7
3 4
2 4
6 6
1 4
11 7
7 6
2 4
2 4
18 14
0 4
5 4
10 5
0 4
3 4
21 16
3 4
6 7
3 4
10 10
1 4
7 5
15 11
2 4
0 4
7 4
5 7
3 4
3 4
32 15
5 7
3 4
8 6
1 4
5 5
1 4
2 4
14 7
1 4
6 5
8 8
2 4
3 4
7 7
11 7
0 4
7 7
3 4
3 4
19 15
10 9
2 4
1 4
7 5
1 4
14 10
7 7
3 4
3 4
5 7
1 4
9 6
2 4
7 6
2 4
13 10
3 4
7 7
16 14
3 4
3 4
11 10
0 4
7 4
4 5
1 4
2 4
11 6
2 4
7 6
1 4
22 13
2 4
14 11
6 7
3 4
5 7
3 4
11 8
3 4
64
6 7
3 4
15 9
3 4
2 4
6 6
8 9
3 4
3 4
6 7
0 4
10 6
6 5
1 4
1 4
24 12
5 5
1 4
9 7
2 4
15 8
2 4
3 4
5 7
4 7
3 4
3 4
17 11
6 4
0 4
9 8
2 4
1 4
18 13
2 4
7 6
11 8
1 4
7 5
1 4
8 7
0 4
2 4
7 6
5 7
3 4
14 7
2 4
2 4
23 13
6 5
1 4
9 7
1 4
6 6
2 4
1 4
4 5
1 4
10 5
14 10
3 4
3 4
5 7
4
6 7
3 4
8 3
1 4
32
1 4
20 9
5 4
0 4
1 4
6 5
3 4
11 9
1 4
15 8
3 4
5 7
7 5
1 4
3 4
10 10
6 5
1 4
3 4
9 9
7 4
0 4
14 11
3 4
0 4
10 6
6 5
1 4
17 13
3 4
3 4
6 7
64
10 8
1 4
7 7
3 4
2 4
15 8
4 7
3 4
1 4
10 7
2 4
6 6
17 12
2 4
0 4
5 4
5 7
3 4
3 4
23 11
3 4
9 10
3 4
7 7
3 4
7 7
3 4
13 11
0 4
9 6
2 4
6 6
11 9
3 4
6 6
2 4
13 10
1 4
6 4
0 4
2 4
10 8
2 4
6 6
3 4
5 7
24 11
3 4
1 4
7 5
9 8
1 4
1 4
7 5
2 4
15 10
4 6
2 4
3 4
11 7
3 4
6 7
17 14
2 4
32
12 11
3 4
1 4
6 5
0 4
10 6
3 4
6 7
6 5
1 4
10 6
0 4
5 7
3 4
3 4
17 10
2 4
10 8
6 7
3 4
2 4
20 9
7 4
0 4
5 7
3 4
2 4
13 10
1 4
11 8
2 4
7 6
512
4 5
1 4
10 7
3 4
4 7
3 4
0 4
16 7
4 5
1 4
1 4
10 5
13 8
2 4
4 7
3 4
5 6
2 4
9 7
2 4
2 4
4 6
2 4
15 7
22 11
2 4
6 6
2 4
8 5
1 4
2 4
4 6
2 4
36 14
2 4
6 6
0 4
9 5
1 4
5 5
0 4
11 6
3 4
6 7
5 5
1 4
2 4
14 10
0 4
8 5
1 4
5 5
2 4
5 6
3 4
14 8
3 4
4 7
0 4
18 9
1 4
6 5
1 4
11 7
1 4
5 5
8 8
3 4
4 6
2 4
3 4
25 12
1 4
5 5
1 4
14 6
8 9
2 4
2 4
7 6
6 7
3 4
19 11
2 4
0 4
9 7
7 4
0 4
10 7
3 4
4 4
0 4
14 11
2 4
2 4
7 6
2 4
20 11
5 6
2 4
0 4
7 4
0 4
9 7
2 4
8 8
2 4
6 6
14 9
2 4
0 4
7 4
2 4
15 8
3 4
5 7
9 8
3 4
1 4
5 5
4 5
1 4
0 4
10 4
17 14
2 4
7 6
2 4
2 4
7 6
3 4
9 10
1 4
7 5
0 4
18 8
10 8
1 4
7 5
1 4
2 4
7 6
12 10
1 4
6 7
3 4
11 9
3 4
3 4
15 13
3 4
7 7
2 4
23 16
3 4
7 7
10 8
1 4
7 5
1 4
2 4
10 9
7 7
3 4
2 4
15 9
1 4
5 5
4 5
1 4
10 4
0 4
19 12
1 4
3 4
6 7
0 4
7 4
10 9
2 4
1 4
14 8
2 4
5 6
7 5
1 4
11 8
1 4
3 4
26 20
3 4
6 7
4 6
2 4
11 6
2 4
7 6
2 4
1 4
16 13
2 4
11 8
6 6
2 4
2 4
6 6
14 10
1 4
15 10
3 4
5 6
2 4
1 4
7 5
2 4
10 9
4 5
1 4
21 11
2 4
7 6
2 4
1 4
10 8
3 4
5 7
29 15
1 4
5 6
2 4
0 4
9 5
1 4
5 5
3 4
14 8
8 8
3 4
1 4
5 5
15 8
1 4
0 4
6 4
2 4
9 8
6 7
3 4
3 4
6 7
8 9
3 4
3 4
19 12
6 6
2 4
5 5
1 4
3 4
22 16
5 5
1 4
1 4
11 6
6 7
3 4
2 4
14 10
2 4
10 9
7 5
1 4
3 4
19 14
7 7
3 4
1 4
4 5
10 6
2 4
0 4
6 4
11 9
3 4
0 4
14 8
5 5
1 4
4 7
3 4
17 9
2 4
9 10
3 4
1 4
7 5
3 4
6 7
9 7
1 4
3 4
6 7
14 9
2 4
3 4
29 20
2 4
7 6
5 7
3 4
1 4
11 6
6 7
3 4
3 4
15 11
3 4
10 7
4 6
2 4
7 5
1 4
13 9
0 4
3 4
10 7
4 5
1 4
1 4
16 9
6 7
3 4
3 4
9 8
2 4
5 6
25 16
3 4
2 4
7 6
3 4
4 7
10 5
1 4
4 7
3 4
2 4
14 6
7 4
0 4
8 8
1 4
7 5
1 4
2 4
10 9
1 4
5 5
22 14
3 4
7 6
2 4
3 4
15 13
11 8
2 4
1 4
6 5
17 11
0 4
0 4
7 4
11 5
1 4
4 6
2 4
7 6
2 4
3 4
13 11
7 7
3 4
9 10
3 4
0 4
16 12
1 4
7 5
2 4
5 6
11 7
2 4
3 4
9 10
7 6
2 4
3 4
6 7
14 10
3 4
1 4
6 5
15 8
1 4
3 4
9 8
5 6
2 4
3 4
33 20
3 4
6 7
1 4
4 5
11 5
1 4
7 4
0 4
22 17
3 4
6 7
3 4
11 8
2 4
7 6
2 4
15 10
2 4
1 4
9 8
2 4
7 6
17 12
3 4
3 4
7 7
1 4
8 8
7 6
2 4
8 7
0 4
1 4
7 5
5 7
3 4
1 4
14 6
7 4
0 4
12 11
2 4
1 4
7 5
0 4
10 7
2 4
4 6
8 4
0 4
5 7
3 4
2 4
23 9
6 4
0 4
18 12
3 4
0 4
4 4
3 4
9 7
3 4
7 7
2 4
14 10
3 4
6 7
9 8
2 4
3 4
7 7
2 4
9 9
7 6
2 4
1 4
19 9
2 4
6 6
10 9
3 4
2 4
12 8
1 4
4 5
7 5
1 4
26 19
3 4
2 4
9 8
6 6
2 4
7 7
3 4
11 10
3 4
2 4
7 6
14 13
3 4
2
4 2
2 4
128
13 8
3 4
2 4
5 6
8 8
2 4
3 4
6 7
2 4
9 6
4 7
3 4
6 5
1 4
1 4
17 9
0 4
23 13
1 4
7 5
4 5
1 4
2 4
11 6
14 10
3 4
2 4
5 6
2 4
7 6
10 7
0 4
1 4
16 11
5 4
0 4
10 8
1 4
7 7
3 4
3 4
9 10
2 4
7 6
3 4
6 7
15 9
2 4
7 4
0 4
24 16
2 4
10 9
3 4
3 4
6 7
1 4
7 5
14 10
2 4
9 7
2 4
3 4
5 7
3 4
15 11
3 4
5 7
3 4
11 10
7 6
2 4
3 4
7 7
10 10
3 4
18 13
1 4
7 6
2 4
5 6
2 4
11 8
3 4
28 8
0 4
7 7
3 4
12 8
0 4
6 7
3 4
10 8
2 4
3 4
6 7
0 4
7 4
3 4
20 17
1 4
7 5
2 4
10 9
2 4
7 6
15 10
0 4
0 4
6 4
3 4
11 9
7 7
3 4
10 10
3 4
18 13
3 4
6 7
3 4
0 4
6 4
1 4
14 10
11 9
2 4
7 6
2 4
512
7 5
1 4
14 8
0 4
1 4
4 5
9 7
3 4
2 4
5 6
3 4
11 8
5 7
3 4
16 11
1 4
11 6
1 4
5 6
2 4
4 7
3 4
2 4
22 10
2 4
7 6
13 12
2 4
11 6
0 4
2 4
6 6
1 4
7 5
11 7
0 4
7 4
0 4
3 4
19 15
10 7
2 4
5 7
3 4
4 4
0 4
14 7
1 4
11 6
1 4
5 7
3 4
1 4
6 5
30 18
0 4
11 9
2 4
7 6
2 4
0 4
14 10
2 4
7 6
6 5
1 4
9 9
3 4
0 4
15 8
3 4
7 7
10 8
1 4
2 4
7 6
1 4
7 5
2 4
20 16
0 4
7 4
1 4
9 8
3 4
6 7
18 11
3 4
3 4
10 9
6 6
2 4
2 4
6 6
13 10
2 4
6 7
3 4
26 14
1 4
10 7
2 4
1 4
5 5
3 4
5 7
14 9
1 4
7 7
3 4
11 10
3 4
3 4
10 10
3 4
7 7
19 9
1 4
3 4
5 7
5 4
0 4
2 4
13 9
10 8
2 4
2 4
6 6
1 4
14 9
7 5
1 4
2 4
9 9
7 4
0 4
2 4
18 14
7 6
2 4
3 4
11 9
6 6
2 4
22 15
3 4
7 6
2 4
7 7
3 4
2 4
10 9
1 4
6 5
3 4
11 9
13 11
2 4
3 4
6 7
8 7
0 4
3 4
7 7
7 5
1 4
2 4
14 9
1 4
7 5
0 4
17 11
1 4
10 5
3 4
4 7
1 4
14 11
2 4
7 6
11 7
0 4
1 4
7 5
5 4
0 4
2 4
33 19
11 5
1 4
4 6
2 4
7 6
2 4
8 10
3 4
2 4
26 12
7 5
1 4
9 9
3 4
0 4
6 4
12 11
3 4
1 4
7 5
3 4
6 7
2 4
10 8
6 7
3 4
13 10
2 4
7 6
2 4
19 10
1 4
6 5
1 4
2 4
9 8
7 7
3 4
13 8
1 4
3 4
6 7
3 4
8 9
2 4
17 9
3 4
6 7
8 9
2 4
0 4
7 4
1 4
15 10
1 4
7 5
10 6
0 4
3 4
6 7
1 4
4 5
20 12
2 4
5 6
2 4
3 4
10 8
1 4
6 5
2 4
9 8
19 11
2 4
7 6
2 4
13 10
2 4
7 6
2 4
0 4
6 4
2 4
9 8
2 4
10 7
0 4
5 4
15 8
0 4
6 6
2 4
0 4
4 4
11 5
1 4
3 4
22 17
2 4
5 6
7 7
3 4
25 14
1 4
1 4
9 7
6 5
1 4
5 6
2 4
3 4
8 8
6 7
3 4
15 9
3 4
6 5
1 4
11 9
3 4
15 9
2 4
4 6
2 4
6 4
0 4
9 8
2 4
0 4
16 11
1 4
7 5
5 6
2 4
3 4
13 10
7 7
3 4
1 4
10 8
3 4
36 18
2 4
6 6
3 4
11 9
6 7
3 4
1 4
5 5
11 5
0 4
3 4
7 7
3 4
14 13
6 4
0 4
17 9
0 4
2 4
9 6
2 4
4 6
0 4
19 8
6 5
1 4
1 4
10 8
7 6
2 4
6 4
0 4
2 4
11 8
1 4
7 5
2 4
12 12
1 4
13 9
5 7
3 4
1 4
11 7
2 4
6 6
7 5
1 4
1 4
9 8
23 11
0 4
6 5
1 4
6 7
3 4
2 4
15 9
5 4
0 4
9 7
2 4
11 8
3 4
1 4
5 5
5 5
1 4
18 13
2 4
5 6
2 4
0 4
14 7
2 4
10 9
7 5
1 4
3 4
6 7
11 9
3 4
5 5
1 4
22 15
3 4
7 5
1 4
0 4
10 7
3 4
17 12
2 4
5 6
5 6
2 4
2 4
10 7
14 9
3 4
0 4
4 4
2 4
5 6
1 4
9 6
2 4
14 8
5 5
1 4
26 17
3 4
7 6
2 4
10 7
2 4
5 7
3 4
10 7
1 4
2 4
6 6
4 6
2 4
12 6
0 4
2 4
7 6
11 9
2 4
2 4
19 11
6 5
1 4
22 13
1 4
2 4
5 6
10 8
1 4
7 5
1 4
2 4
6 6
14 11
3 4
6 7
3 4
2 4
10 8
1 4
7 5
11 8
1 4
0 4
15 10
7 7
3 4
18 12
2 4
1 4
5 5
10 7
1 4
6 7
3 4
3 4
11 9
6 5
1 4
1 4
6 5
31 21
3 4
6 7
3 4
9 7
1 4
6 5
1 4
2 4
15 9
4
2 4
8 5
7 5
1 4
64
1 4
9 7
6 6
2 4
3 4
24 11
5 5
1 4
2 4
8 7
5 5
1 4
1 4
6 5
2 4
13 8
1 4
7 5
3 4
18 16
11 7
0 4
3 4
7 7
6 6
2 4
15 8
1 4
0 4
4 4
9 6
2 4
1 4
23 13
6 4
0 4
1 4
9 7
6 4
0 4
2 4
15 12
1 4
7 5
2 4
11 8
2 4
6 6
9 9
3 4
6 5
1 4
18 9
1 4
1 4
5 5
2 4
8 8
6 6
2 4
3 4
4 7
14 6
2 4
256
1 4
4 5
10 7
3 4
3 4
5 7
22 15
3 4
14 8
0 4
6 7
3 4
3 4
5 7
2 4
10 7
3 4
15 12
0 4
6 4
11 5
1 4
2 4
4 6
10 5
1 4
4 6
2 4
7 7
3 4
19 15
3 4
3 4
7 7
1 4
15 11
7 4
0 4
3 4
11 10
7 7
3 4
2 4
19 15
1 4
11 6
5 7
3 4
6 7
3 4
29 15
1 4
8 9
2 4
7 5
1 4
2 4
7 6
8 9
2 4
3 4
6 7
0 4
13 6
3 4
23 16
6 4
0 4
5 6
2 4
11 7
2 4
10 8
2 4
2 4
6 6
3 4
7 7
14 12
3 4
10 9
3 4
6 7
3 4
18 7
0 4
5 7
3 4
1 4
10 6
5 6
2 4
12 9
2 4
5 6
2 4
7 6
2 4
2 4
26 19
3 4
5 7
1 4
11 6
2 4
10 7
3 4
5 7
5 5
1 4
14 7
0 4
1 4
18 6
4 5
1 4
2 4
5 6
1 4
9 6
3 4
4 7
12 6
1 4
1 4
9 7
2 4
6 6
10 5
1 4
3 4
4 7
2 4
5 6
19 7
0 4
3 4
5 7
10 7
2 4
2 4
12 9
5 4
0 4
2 4
21 13
5 6
2 4
10 10
3 4
0 4
7 4
2 4
7 6
0 4
13 8
9 6
2 4
1 4
4 5
3 4
7 7
11 10
3 4
0 4
7 4
3 4
18 14
13 10
2 4
6 4
0 4
10 9
3 4
6 6
2 4
1 4
10 8
7 7
3 4
3 4
5 7
13 10
3 4
10 7
2 4
5 5
1 4
3 4
7 7
0 4
32 10
3 4
7 7
8 10
3 4
2 4
21 11
2 4
6 6
7 6
2 4
14 11
2 4
2 4
7 6
1 4
10 8
7 7
3 4
10 7
0 4
13 9
1 4
1 4
6 5
2 4
11 6
4 5
1 4
2 4
6 6
17 11
1 4
6 6
2 4
2 4
15 11
7 6
2 4
2 4
11 9
0 4
7 4
16 16
3 4
7 4
0 4
11 7
0 4
5 4
0 4
3 4
24 13
0 4
7 4
0 4
11 7
2 4
13 8
2 4
6 6
8 7
0 4
1 4
7 5
8
6 6
2 4
12 6
2 4
0 4
5 4
1 4
10 6
2
3 4
4 3
4
3 8
4 1
4 3
7 6
512
4 2
12 19
5 4
4 1
4 2
6 11
5 4
4 1
4 0
4 7
4 1
8 8
4 2
6 15
4 4
4 0
7 4
4 3
4 3
7 10
5 7
4 1
11 15
4 2
4 6
4 0
4 2
8 11
18 26
4 1
7 6
4 3
4 2
6 5
7 11
4 2
14 22
4 2
4 3
7 5
5 4
4 1
6 11
4 2
4 1
11 14
4 3
7 7
4 2
6 7
4 3
10 10
4 2
8 14
6 4
4 2
6 10
4 2
6 4
4 2
10 18
4 1
4 2
6 5
7 6
4 3
4 2
8 11
7 6
4 3
4 3
12 15
4 1
7 11
4 0
4 6
4 0
4 6
15 23
4 2
4 3
7 7
9 9
4 2
7 13
4 1
7 5
4 3
4 4
4 0
4 0
4 10
4 2
10 17
4 2
6 5
7 11
4 1
4 1
5 6
4 3
7 7
4 3
13 15
4 2
21 32
4 2
6 4
6 6
4 2
4 1
7 11
4 3
10 10
5 7
4 1
4 0
4 6
4 3
14 19
6 7
4 2
4 2
9 11
11 15
4 1
4 3
7 7
4 0
4 6
7 10
4 1
4 1
11 18
7 6
4 3
7 14
4 1
4 5
4 0
4 3
8 9
4 2
6 5
8 10
4 3
4 0
4 5
8 12
4 1
4 1
5 5
4 2
6 6
13 29
4 2
4 6
4 0
4 2
8 8
4 3
10 10
7 7
4 3
16 21
4 3
4 0
4 7
4 3
7 7
4 0
9 14
4 1
5 5
4 2
7 10
4 0
6 11
7 6
4 3
6 7
4 2
4 2
13 18
10 13
4 2
4 3
7 5
4 2
6 7
4 2
9 11
7 6
4 3
9 9
4 3
10 15
4 3
6 6
4 2
8 10
4 1
5 7
4 1
4 2
13 18
4 2
6 6
9 11
4 3
4 0
4 6
12 13
4 2
4 3
7 7
4 2
6 6
16 26
4 3
4 0
5 10
4 2
6 5
4 3
7 7
8 10
4 1
4 1
15 22
5 6
4 1
11 15
4 3
4 2
6 7
7 6
4 3
4 3
9 9
4 3
13 14
4 1
5 7
6 4
4 2
4 0
4 11
6 7
4 2
10 11
4 3
4 2
6 7
4 2
14 19
7 5
4 3
12 19
4 2
4 2
6 4
4 3
7 10
5 6
4 1
10 15
4 2
6 10
4 1
7 5
4 3
4 2
6 5
7 9
4 2
4 1
13 36
6 6
4 2
4 3
7 7
11 14
4 1
6 7
4 2
4 2
9 11
4 3
9 14
5 4
4 1
4 3
7 10
6 4
4 2
4 0
4 4
7 10
4 3
4 1
5 6
14 23
4 1
5 5
4 1
4 0
5 9
5 7
4 1
11 14
4 3
4 5
4 0
4 2
7 8
4 3
7 5
4 3
10 19
6 5
4 2
4 0
5 10
9 17
4 2
5 5
4 1
6 6
4 2
9 9
4 3
5 5
4 1
4 3
9 12
9 9
4 2
4 3
7 7
7 6
4 3
4 0
7 15
4 3
10 10
7 7
4 3
4 3
7 4
12 23
4 2
17 25
4 2
6 6
4 2
7 6
4 3
8 9
4 2
4 1
10 15
4 1
5 7
4 2
7 10
4 3
7 5
4 5
4 0
4 1
9 18
4 2
9 10
5 7
4 1
4 2
6 7
10 9
4 3
7 7
4 3
11 13
4 3
4 3
7 6
4 3
10 15
4 0
4 4
4 1
5 9
10 10
4 3
4 1
5 7
4 1
5 6
16 21
4 2
4 1
7 11
4 3
7 6
4 2
14 19
7 7
4 3
7 6
4 3
8 14
4 2
4 2
7 8
6 5
4 2
8 12
4 1
4 2
6 5
8 10
4 3
4 3
7 5
7 10
4 1
4 2
6 6
4 1
5 7
4 0
9 18
14 27
4 0
5 7
4 1
4 0
4 7
10 9
4 3
7 6
4 3
8 10
4 2
5 7
4 1
4 2
11 15
5 7
4 1
4 0
7 11
11 14
4 2
4 0
4 6
6 6
4 2
6 9
4 0
19 28
4 3
4 2
6 5
9 8
4 2
4 7
4 0
4 3
12 18
7 6
4 3
5 5
4 1
4 3
10 15
4 2
6 7
7 10
4 0
5 5
4 1
4 2
7 10
7 6
4 3
4 2
11 16
5 7
4 1
4 1
11 13
4 2
7 11
7 5
4 3
4 2
9 10
4 2
6 7
4 1
5 5
4 3
10 13
4 0
7 10
4 2
6 7
4 3
7 6
4 3
12 23
64
8 8
4 2
4 2
6 6
4 3
7 7
10 19
4 0
8 8
4 2
4 3
7 6
4 0
4 4
4 1
5 15
15 20
4 3
5 7
4 1
4 7
4 0
9 10
4 2
5 7
4 1
4 3
10 9
4 0
4 5
4 3
9 12
6 6
4 2
4 0
9 24
4 2
9 9
7 7
4 3
10 15
4 1
6 6
4 2
8 11
4 3
6 5
4 2
4 4
4 0
4 1
5 8
4 2
6 6
4 1
7 12
4 1
5 4
6 8
4 2
6 6
4 2
9 19
4 3
256
4 1
5 7
4 2
11 13
4 1
7 10
4 6
4 0
4 1
5 7
4 2
9 10
11 18
4 2
6 6
4 2
4 2
6 7
4 1
15 22
8 11
4 2
4 3
7 6
4 2
6 6
8 10
4 2
4 2
6 5
4 2
9 14
4 0
4 5
4 2
7 14
4 2
7 8
4 5
4 0
4 0
4 6
4 3
9 9
4 3
13 19
5 7
4 1
6 7
4 2
11 12
4 3
4 4
4 0
7 9
4 3
4 3
20 30
4 1
5 7
8 10
4 3
7 5
4 3
4 2
10 27
4 1
5 4
7 7
4 3
8 9
4 1
6 7
4 2
4 2
9 10
11 14
4 2
4 2
6 7
8 10
4 2
4 2
6 6
4 3
7 7
4 1
10 14
8 10
4 2
7 6
4 3
4 1
9 16
6 4
4 2
4 1
5 7
10 8
4 3
4 3
9 15
7 6
4 3
15 21
4 1
5 6
4 1
8 10
4 2
6 6
4 2
8 19
4 1
4 3
7 6
7 6
4 3
6 8
4 0
5 10
4 1
4 4
4 0
8 13
4 1
7 5
4 3
7 4
4 3
8 15
4 2
7 6
4 3
4 3
9 10
4 2
18 32
4 2
6 7
4 2
6 7
10 9
4 3
7 8
4 0
7 7
4 3
4 2
6 4
4 3
10 18
8 15
4 1
6 4
4 2
7 5
4 3
8 11
4 3
4 1
6 11
5 5
4 1
15 23
4 1
4 3
7 7
4 3
7 6
4 2
8 10
7 6
4 3
4 0
8 14
4 1
5 5
12 18
4 1
4 1
5 7
4 2
9 11
6 6
4 2
6 8
4 0
4 1
5 7
4 1
8 15
5 6
4 1
14 18
4 3
4 3
7 5
8 10
4 3
4 2
8 11
4 2
6 6
4 3
7 6
4 2
11 15
4 2
6 6
9 10
4 3
4 1
10 12
4 1
5 7
4 3
11 23
4 0
4 6
4 1
6 8
4 0
4 5
4 3
20 26
7 7
4 3
4 0
4 6
8 10
4 2
10 11
4 3
4 2
6 7
12 15
4 3
5 6
4 1
7 7
4 3
4 2
9 11
7 6
4 3
4 3
12 14
13 18
4 2
7 7
4 3
7 10
4 0
4 2
6 7
4
5 4
4 1
4 0
0 8
64
4 3
12 13
4 7
4 0
4 3
8 10
6 5
4 2
4 3
7 7
10 24
4 1
7 6
4 3
4 3
9 10
4 2
6 7
4 3
10 11
4 1
5 7
4 3
13 13
4 2
6 5
9 17
4 2
4 1
6 9
4 3
7 5
4 6
4 0
4 1
7 10
6 4
4 2
4 2
8 13
4 1
7 11
4 1
5 6
13 22
4 1
4 1
5 5
5 5
4 1
4 2
7 10
12 15
4 3
6 7
4 2
4 1
12 19
4 2
6 6
4 3
7 5
4 1
6 10
256
5 6
4 1
4 3
10 14
4 2
6 7
4 2
9 9
4 1
5 6
9 11
4 3
4 0
12 27
4 3
7 5
4 2
6 6
7 11
4 1
4 1
5 6
4 2
11 15
4 2
6 4
13 17
4 3
4 3
8 11
6 5
4 2
4 1
10 18
6 6
4 2
7 6
4 3
4 1
7 8
4 3
7 6
4 3
9 11
7 6
4 3
4 2
11 15
6 4
4 2
4 0
4 11
4 2
17 21
4 0
4 7
4 5
4 0
4 3
10 15
4 2
6 4
6 10
4 2
5 5
4 1
4 2
9 19
4 2
6 5
5 8
4 0
4 0
4 7
4 2
11 14
4 1
5 5
7 10
4 2
7 6
4 3
4 1
7 9
4 5
4 0
4 3
13 21
4 3
7 6
11 13
4 3
7 10
4 3
6 4
4 2
7 5
4 3
4 2
9 17
9 8
4 3
4 2
6 6
4 1
7 8
7 6
4 3
4 2
6 7
4 1
8 14
7 10
4 0
5 7
4 1
11 32
4 2
6 5
4 2
4 2
6 6
4 2
8 13
4 4
4 0
4 3
7 8
4 2
19 28
6 6
4 2
4 1
5 7
4 2
9 9
7 10
4 3
4 3
7 4
7 6
4 3
4 3
11 14
7 11
4 3
4 2
6 4
7 7
4 3
13 19
4 1
4 2
6 6
10 14
4 1
4 7
4 0
4 2
9 11
8 14
4 2
4 2
6 5
6 4
4 2
4 0
4 9
5 4
4 1
6 9
4 2
4 2
6 7
12 17
4 2
7 15
4 0
5 5
4 1
7 6
4 3
8 10
4 2
16 23
4 3
6 7
4 2
8 10
4 2
4 1
5 6
4 1
8 14
4 6
4 0
4 3
9 9
4 1
5 6
4 2
8 10
4 1
5 6
5 7
4 1
4 2
19 26
6 7
4 2
4 2
9 11
4 1
5 7
4 0
13 19
4 3
13 15
7 7
4 3
8 11
4 1
6 7
4 2
4 3
8 9
4 1
5 5
4 3
11 23
4 2
6 6
6 5
4 2
4 1
9 13
4 0
4 7
9 11
4 2
9 13
4 0
4 6
4 0
6 6
4 2
9 11
4 3
13 16
4 3
4 3
7 6
4 0
4 5
7 11
4 2
4
4 2
5 8
5 7
4 1
128
4 1
5 7
10 9
4 3
7 14
4 1
4 5
4 0
5 6
4 1
4 2
8 10
4 2
12 28
7 4
4 3
7 11
4 0
4 3
7 7
4 3
7 7
4 0
11 18
4 1
5 7
4 1
8 13
4 0
6 8
4 1
5 6
7 4
4 3
7 9
4 3
13 22
4 1
4 0
4 6
5 5
4 1
7 14
4 0
8 10
4 3
4 3
7 5
5 5
4 1
10 15
4 3
4 1
5 6
4 1
7 10
6 7
4 2
15 19
4 3
6 10
4 0
4 3
7 6
4 2
6 4
4 3
7 10
4 3
9 13
5 4
4 1
9 17
4 2
7 5
4 3
5 4
4 1
4 0
4 9
4 3
19 26
6 7
4 2
4 2
6 6
8 11
4 2
4 1
11 14
4 0
4 7
4 0
4 11
7 4
4 3
13 18
4 1
4 2
6 7
4 3
7 7
10 11
4 3
10 14
4 3
5 5
4 1
9 10
4 3
4 1
5 6
11 13
4 2
6 7
4 2
4 1
5 10
6 4
4 2
6 11
4 1
7 5
4 3
6 7
4 2
16 23
4 3
2
1 4
4 1
256
4 2
13 19
4 0
4 5
8 11
4 3
6 5
4 2
4 2
10 15
6 5
4 2
6 11
4 1
4 2
6 5
6 6
4 2
4 2
18 32
10 8
4 3
4 1
5 7
7 6
4 3
8 15
4 0
7 10
4 1
4 0
4 6
8 13
4 0
5 6
4 1
7 10
4 1
6 6
4 2
4 1
5 7
4 0
7 11
4 3
7 4
4 0
8 16
12 14
4 2
7 7
4 3
4 7
4 0
9 11
4 2
8 10
4 3
4 3
7 5
4 3
7 7
4 1
12 23
12 17
4 1
7 6
4 3
7 5
4 3
4 3
8 10
4 6
4 0
4 2
8 11
4 6
4 0
12 15
4 3
4 3
7 5
4 1
12 27
4 1
7 10
5 6
4 1
4 0
4 6
11 13
4 2
5 6
4 1
4 2
8 11
6 5
4 2
4 2
7 11
4 0
10 22
4 2
6 6
6 6
4 2
8 11
4 2
4 2
6 5
9 13
4 1
4 0
4 6
4 3
13 16
10 10
4 3
4 2
6 7
5 5
4 1
6 9
4 1
7 5
4 3
9 14
4 3
4 0
4 7
8 11
4 1
4 1
9 13
7 5
4 3
4 3
7 6
10 18
4 3
4 3
9 8
5 6
4 1
6 5
4 2
12 23
4 1
7 9
4 2
4 3
7 5
4 3
7 7
10 9
4 3
6 15
4 1
6 4
4 2
8 9
4 2
5 6
4 1
6 5
4 2
12 19
4 3
5 10
4 1
6 4
4 2
4 1
10 15
5 7
4 1
4 3
22 30
4 2
6 5
9 11
4 2
4 1
5 7
4 2
6 6
4 1
10 14
9 11
4 3
6 6
4 2
4 2
11 13
4 1
5 7
4 1
5 6
6 10
4 0
9 19
4 2
4 2
6 6
8 8
4 1
4 1
5 7
4 7
4 0
4 3
10 8
5 5
4 1
5 15
4 0
4 6
4 0
4 3
18 20
6 7
4 2
4 1
8 11
4 2
6 5
9 14
4 2
4 2
8 10
7 6
4 3
6 7
4 2
4 1
8 11
4 2
6 4
4 3
12 17
5 9
4 0
7 5
4 3
7 13
4 2
7 4
4 3
4 3
9 11
4 2
6 6
4 3
13 27
4 2
6 5
256
4 1
5 7
10 10
4 3
14 25
4 1
7 5
4 3
4 2
6 4
7 11
4 3
4 3
10 14
4 0
4 4
5 4
4 1
9 19
4 1
4 3
9 9
4 3
7 6
4 1
7 15
4 3
7 6
4 2
6 8
4 1
5 4
4 2
7 11
4 3
7 5
12 15
4 3
5 6
4 1
4 1
5 4
11 16
4 2
4 3
10 10
7 7
4 3
5 7
4 1
4 2
9 10
4 1
11 21
4 3
7 6
4 3
7 5
4 2
7 10
8 14
4 2
6 4
4 2
4 2
9 10
4 3
7 7
4 3
7 4
4 0
9 17
4 3
10 15
6 6
4 2
7 9
4 1
6 6
4 2
4 0
4 4
4 0
5 15
4 2
8 9
4 3
7 6
8 10
4 3
4 3
7 5
11 22
4 1
7 4
4 3
8 10
4 1
4 0
4 7
4 3
18 31
4 3
7 5
4 3
7 5
4 1
7 14
4 3
10 9
4 2
6 7
10 15
4 3
4 2
6 6
4 3
7 6
7 9
4 1
6 10
4 1
7 5
4 3
4 2
13 19
4 1
5 6
4 2
6 5
4 2
13 21
4 4
4 0
4 2
6 10
7 5
4 3
8 10
4 3
4 1
5 6
10 15
4 2
4 2
6 4
9 12
4 2
7 7
4 3
9 11
4 2
4 3
11 17
5 6
4 1
7 10
4 2
7 5
4 3
4 1
5 7
4 1
11 13
4 3
7 4
7 11
4 3
4 3
15 32
6 5
4 2
4 2
6 6
9 9
4 3
6 7
4 2
15 19
4 3
7 7
4 3
4 1
8 10
6 6
4 2
9 10
4 3
6 7
4 2
9 15
4 0
4 1
5 4
11 18
4 2
5 11
4 1
7 4
4 3
4 0
4 5
8 10
4 3
10 14
4 2
4 3
7 6
5 5
4 1
7 11
4 2
13 26
4 1
6 4
4 2
7 6
4 3
4 3
9 11
7 6
4 3
12 12
4 3
7 10
4 1
4 1
5 6
4 1
11 18
4 3
7 6
4 1
8 14
4 1
5 7
4 2
9 8
4 2
6 7
4 1
5 7
8 9
4 1
5 7
4 1
15 23
4 3
4 1
5 6
4 1
7 11
4 0
4 6
4 1
10 14
256
4 3
20 30
4 3
7 7
10 11
4 3
4 7
4 0
4 2
6 7
12 15
4 3
9 10
4 2
4 1
5 7
4 1
5 4
7 10
4 3
9 15
4 3
4 3
7 4
13 18
4 0
7 7
4 3
4 2
9 11
4 3
7 7
4 1
6 10
4 3
7 5
4 2
8 14
4 3
7 4
5 6
4 1
9 9
4 3
9 19
4 1
4 2
6 5
10 13
4 3
4 1
5 7
4 3
7 7
4 3
10 8
16 21
4 3
4 2
6 7
9 10
4 3
5 6
4 1
4 11
4 0
5 4
4 1
14 19
4 2
4 0
4 7
4 2
11 14
4 1
5 7
4 2
9 10
5 7
4 1
4 3
7 4
4 10
4 0
4 3
7 4
4 3
9 12
4 2
7 10
4 3
7 5
6 4
4 2
4 2
12 25
4 0
4 5
4 2
12 19
4 2
6 5
4 2
7 11
4 3
7 5
7 9
4 2
9 14
4 1
4 3
7 7
4 1
8 10
5 7
4 1
4 2
17 21
7 7
4 3
4 1
8 15
4 2
6 5
4 3
7 6
7 10
4 1
6 7
4 2
4 1
8 11
17 27
4 2
6 7
4 2
8 13
4 1
6 7
4 2
4 3
9 8
5 6
4 1
4 4
4 0
12 18
4 2
6 5
4 2
4 1
6 11
10 9
4 3
6 7
4 2
4 3
11 15
5 7
4 1
10 14
4 3
6 6
4 2
7 6
4 3
4 2
8 9
4 1
8 11
4 3
7 7
13 18
4 2
7 6
4 3
9 9
4 2
4 7
4 0
5 7
4 1
10 15
4 2
4 2
17 22
4 3
7 7
4 1
5 6
4 3
9 11
6 6
4 2
4 1
9 15
4 2
6 6
4 1
7 10
4 3
7 10
4 2
6 4
7 6
4 3
13 19
4 2
4 0
4 6
9 11
4 3
6 7
4 2
4 2
12 13
4 3
16 32
4 2
6 6
6 4
4 2
5 10
4 1
13 19
4 3
7 7
4 3
5 7
4 1
10 11
4 3
4 1
5 6
9 10
4 3
4 6
4 0
11 12
4 3
4 1
5 7
4 2
11 13
9 10
4 2
4 1
5 7
4 4
4 0
4 3
7 8
11 20
4 0
4 3
7 7
32
7 11
4 1
5 6
4 1
8 20
4 0
4 1
5 6
10 14
4 3
6 6
4 2
4 7
4 0
4 1
8 9
4 1
7 11
6 6
4 2
4 2
14 17
4 3
7 7
4 0
4 6
8 9
4 2
5 6
4 1
10 14
4 3
8
4 2
7 12
4 1
5 7
6 10
4 2
4 1
5 4
256
4 0
5 11
6 5
4 2
4 0
4 6
4 1
19 30
4 0
8 15
6 6
4 2
8 10
4 3
4 2
6 5
6 5
4 2
4 3
11 16
4 0
4 4
4 3
7 11
4 2
6 10
6 4
4 2
11 12
4 3
7 6
4 3
11 18
4 2
4 1
5 4
8 11
4 3
4 3
7 5
4 3
11 14
4 2
6 5
8 11
4 1
4 7
4 0
4 2
8 10
7 6
4 3
4 0
12 23
7 6
4 3
6 6
4 2
8 10
4 2
4 0
4 4
4 2
8 14
4 3
7 7
4 2
13 18
6 7
4 2
10 10
4 3
7 9
4 2
4 5
4 0
4 2
6 5
9 14
4 3
4 2
6 5
4 2
17 27
7 10
4 2
6 5
4 2
10 15
4 3
4 3
7 4
8 11
4 2
5 6
4 1
5 6
4 1
7 11
4 1
4 0
4 6
12 14
4 3
6 7
4 2
12 23
4 0
6 7
4 2
4 3
10 9
4 1
5 6
10 12
4 2
4 2
7 10
6 5
4 2
4 0
4 7
10 9
4 3
4 3
11 18
7 7
4 3
7 7
4 3
12 14
4 3
7 10
4 1
4 1
5 6
6 7
4 2
15 27
4 1
4 3
8 10
6 5
4 2
4 3
7 7
8 9
4 1
12 17
4 3
5 5
4 1
4 2
6 6
4 0
9 15
4 3
9 11
4 3
7 6
4 0
8 15
6 7
4 2
6 7
4 2
9 9
4 2
4 2
10 16
4 5
4 0
4 2
6 4
7 8
4 3
8 14
4 3
4 1
5 4
4 3
7 6
9 9
4 3
5 6
4 1
12 22
4 3
4 3
10 9
4 2
6 7
4 3
7 4
4 3
12 18
8 11
4 1
5 7
4 1
4 1
5 6
8 11
4 2
4 1
11 14
4 1
5 7
6 7
4 2
4 2
17 23
8 11
4 3
5 5
4 1
5 6
4 1
4 2
11 15
6 5
4 2
6 11
4 1
8 14
4 2
6 5
4 2
4 2
7 9
4 3
7 5
11 18
4 3
4 0
4 6
4 0
4 4
6 8
4 2
4 1
5 6
4 1
7 9
6 4
4 2
4 1
13 32
11 13
4 2
6 6
4 2
4 1
7 11
4 1
5 6
16
4 1
5 4
4 2
6 10
4 1
8 16
4 3
7 6
4 3
7 7
10 15
4 3
5 4
4 1
5 8
4 1
64
4 0
4 10
4 3
7 4
4 2
11 13
5 7
4 1
4 2
6 5
13 21
4 3
4 3
9 10
7 6
4 3
13 18
4 0
4 0
4 7
7 4
4 3
4 1
5 11
8 15
4 1
4 3
7 5
4 1
5 4
4 1
5 10
9 9
4 3
4 2
6 6
7 4
4 3
7 14
4 2
7 6
4 3
4 1
7 10
4 0
4 6
10 24
4 1
4 2
6 7
4 3
15 18
9 11
4 3
6 6
4 2
7 14
4 1
4 2
6 6
6 7
4 2
7 8
4 0
32
10 18
4 0
7 6
4 3
8 9
4 1
4 3
7 7
4 0
4 6
4 2
8 9
4 0
4 6
4 3
10 15
4 3
10 11
7 7
4 3
7 6
4 3
12 20
4 3
4 3
7 5
4 2
8 14
4 9
4 0
4 2
6 4
2
2 4
4 2
256
3 6
8 7
18 11
1 4
2 5
7 6
9 9
3 4
3 4
9 10
6 6
2 4
0 4
7 4
14 9
3 6
3 6
13 8
2 4
5 5
1 4
9 8
6 7
3 5
4 7
3 6
0 6
24 10
12 13
3 4
1 4
7 4
26 16
3 4
3 4
4 6
2 4
6 6
11 5
1 4
6 6
2 5
2 4
13 11
8 6
2 4
11 11
4 4
5 4
5 8
11 7
3 5
2 4
7 7
2 5
15 11
5 7
3 4
17 11
4 4
2 4
11 9
1 4
7 5
2 5
10 9
2 4
5 7
4 4
15 12
4 4
7 8
10 8
1 6
10 6
3 4
3 4
6 5
33 18
3 5
1 5
14 6
4 4
0 4
4 4
8 5
1 4
4 5
1 4
5 5
4 5
19 9
2 5
8 5
4 8
4 4
0 5
15 8
6 7
3 4
7 7
4 5
13 9
3 4
8 5
2 6
2 4
11 9
1 7
18 13
5 5
6 6
2 4
5 6
3 5
15 12
4 4
7 7
11 7
0 5
11 9
3 4
2 4
7 7
3 4
22 17
7 4
0 4
7 9
5 4
2 4
11 10
7 6
3 4
2 5
14 11
4 4
4 8
30 17
1 4
2 6
4 6
11 7
3 4
11 5
1 4
2 5
5 7
13 11
2 4
3 4
5 8
2 4
19 7
5 8
3 4
6 7
3 4
1 6
10 7
1 5
9 6
4 6
7 9
23 15
2 4
8 6
3 4
5 7
3 4
12 6
2 4
4 4
8 7
4 5
12 12
6 7
3 5
12 10
3 4
2 5
21 10
6 5
1 5
3 4
13 10
5 9
3 4
11 5
1 4
5 7
3 5
9 8
3 4
4 4
6 8
7 6
2 4
3 6
26 15
0 6
13 8
0 4
6 4
3 5
10 10
8 6
1 4
3 4
10 9
7 7
3 4
13 10
3 6
5 6
2 4
1 4
8 5
19 12
4 4
2 4
9 5
4 4
4 7
2 4
10 7
4 7
2 5
2 4
17 9
1 6
6 7
2 4
11 9
1 5
6 5
1 5
18 13
6 6
1 5
23 11
3 4
5 7
4 5
0 4
10 5
5 9
4 4
2 6
4 6
9 8
4 6
1 6
16 7
4 6
2 5
64
4 4
3 5
6 4
13 7
8 5
1 5
2 4
8 8
24 10
3 5
7 8
3 4
2 4
11 5
5 4
1 5
7 7
3 4
1 4
12 7
14 10
1 4
7 6
1 4
12 8
2 5
6 5
0 5
17 13
3 5
3 4
6 7
10 7
2 7
6 7
3 4
2 4
5 6
2 4
19 9
4 4
12 14
7 7
3 5
3 5
12 7
4 4
7 6
1 4
10 6
3 4
5 7
23 17
3 5
7 8
3 4
15 7
0 5
6 6
2 6
7 7
2 5
4 4
10 9
256
26 15
2 5
3 6
5 9
4 7
2 4
11 6
3 4
3 5
9 9
3 4
6 7
3 4
14 10
5 6
2 5
10 8
2 5
5 7
7 7
15 10
3 6
6 6
4 5
7 6
1 4
20 15
3 4
11 9
4 4
7 4
1 4
20 9
3 5
6 5
1 5
8 10
4 6
9 7
3 4
3 6
9 9
6 4
0 7
12 10
4 6
8 6
3 5
3 6
6 6
14 8
3 4
2 4
9 7
6 6
2 4
18 14
2 5
0 4
7 4
11 6
2 4
4 7
4 4
7 5
2 5
32 11
2 4
8 6
3 6
2 4
11 11
3 4
13 13
7 4
1 5
5 4
7 7
9 9
1 4
3 5
11 8
3 4
6 6
4 4
15 8
7 6
4 6
18 15
3 5
6 8
5 5
3 4
11 11
7 4
0 4
7 4
0 5
11 8
1 5
0 4
5 4
3 4
13 11
0 5
21 14
8 5
1 4
5 4
0 4
11 9
2 5
2 4
6 5
10 7
1 4
1 6
20 10
7 8
4 4
7 9
3 4
14 10
0 5
11 7
2 4
6 4
1 4
5 4
6 10
27 17
1 4
10 9
3 4
3 4
7 6
0 4
5 5
5 4
17 11
2 6
5 7
12 7
3 4
19 14
1 4
7 7
3 5
5 4
7 8
12 7
0 5
11 8
3 4
7 7
3 4
13 12
3 5
2 4
6 6
0 4
9 6
5 4
0 5
2 4
4 6
2 4
18 9
2 5
8 7
3 6
15 12
5 6
3 4
0 4
11 5
21 13
3 4
2 4
4 6
7 7
2 4
2 4
11 9
16 12
4 4
2 4
8 6
3 5
12 9
5 6
2 6
20 19
3 5
3 5
7 8
6 7
3 4
11 10
3 4
8 10
3 4
8 4
0 4
16 9
3 5
2 5
9 8
3 4
7 7
19 15
3 5
11 9
1 5
2 5
6 5
8 7
3 4
8 8
2 4
14 9
1 5
2 4
8 7
15 8
2 4
5 7
3 6
8 7
2 5
2 4
6 6
4 5
7 7
4 4
20 12
2 4
7 6
3 5
11 9
6 5
1 4
2 4
9 7
3 4
12 8
3 5
5 8
31 13
1 4
4 4
8 8
7 7
3 4
8 7
2 4
8
1 4
13 6
2 5
7 7
3 4
8 7
3 4
9 10
16
3 5
8 6
2 5
15 10
2 5
9 6
2 4
5 6
17 9
4 5
6 8
3 5
8 12
3 4
7 6
1 4
32
16 10
3 5
5 7
3 4
3 4
6 7
10 7
2 4
1 5
6 5
9 6
1 6
2 5
6 7
19 11
2 4
3 6
20 13
6 5
1 5
11 9
3 4
2 4
7 7
3 5
7 6
1 5
9 8
1 4
15 8
9 7
3 5
256
3 4
15 11
6 7
2 5
6 8
5 4
3 4
10 9
3 5
18 16
7 5
3 5
11 7
0 4
7 5
2 4
14 10
3 4
7 7
3 4
1 4
9 9
7 7
3 5
5 8
3 4
1 4
25 11
1 4
9 4
10 10
3 4
6 7
3 4
3 4
16 11
2 5
5 6
10 8
3 4
3 5
13 13
7 5
2 4
2 5
7 4
2 4
11 9
4 5
11 9
3 4
6 7
1 5
13 11
7 7
3 4
3 5
6 7
10 7
0 5
22 11
3 6
7 8
4 4
2 4
6 8
8 9
4 4
6 5
2 4
16 8
4 4
2 6
9 7
5 5
4 4
9 9
3 4
1 5
20 12
5 4
5 8
10 8
3 5
32 13
3 5
0 5
6 4
1 4
5 5
12 10
3 5
2 4
17 10
6 7
5 4
3 4
7 9
0 4
10 7
2 5
20 11
2 5
4 6
7 6
1 4
3 4
9 11
1 4
7 4
4 4
13 12
11 11
3 4
1 4
6 6
19 15
3 5
6 6
1 4
1 4
6 6
4 4
15 10
1 4
8 7
0 4
6 5
6 8
4 4
15 11
2 5
11 10
3 6
7 7
3 4
1 6
9 6
4 5
7 7
7 6
2 4
23 17
3 4
3 5
13 11
3 6
6 6
10 7
3 4
4 4
10 10
6 5
1 4
2 5
11 8
20 12
4 4
3 4
4 8
2 4
13 9
4 5
6 7
11 9
3 5
3 4
6 6
0 4
9 8
8 5
2 4
28 13
0 5
8 5
2 4
8 8
1 4
8 4
0 8
7 6
2 4
20 9
2 4
3 4
12 11
8 8
6 6
8 6
3 4
0 4
14 8
4 4
5 9
14 7
1 5
2 4
11 9
2 4
5 7
21 13
2 8
4 4
0 5
10 8
4 4
1 4
6 5
4 7
1 6
3 5
10 7
2 5
5 6
3 4
14 10
10 7
1 6
7 7
1 4
1 4
19 11
7 7
3 4
15 12
3 4
3 4
6 9
2 5
7 7
3 5
12 7
18 10
1 5
4 4
6 7
8 6
3 4
11 11
3 5
3 4
6 6
11 9
5 6
9 7
2 5
2 5
24 14
4 6
2 4
11 6
2 5
2 4
12 9
6 5
1 4
64
11 11
2 4
8 8
3 5
13 9
2 4
3 4
5 6
0 5
19 11
7 4
0 4
3 4
6 7
0 5
11 6
3 6
5 8
15 12
3 4
12 8
3 4
4 4
5 7
4 4
8 7
3 4
11 9
2 7
24 11
0 4
5 4
21 14
4 5
7 6
2 4
10 7
2 4
5 4
6 7
5 7
3 4
9 8
4 4
3 6
6 6
15 8
4 4
4 4
6 7
22 10
2 5
3 4
6 8
3 5
8 9
0 4
8 4
1 5
8 6
13 7
3 6
7 7
3 5
2
2 4
4 3
128
10 8
2 4
7 6
3 4
1 4
17 9
4 4
1 4
10 8
2 4
7 4
0 4
3 6
15 8
6 6
1 4
1 4
15 6
3 5
4 9
9 9
2 4
7 7
3 5
2 4
11 7
1 4
7 5
7 5
2 4
5 5
25 14
3 4
11 9
7 5
2 4
6 6
2 5
4 4
18 11
9 8
2 4
9 8
3 5
6 5
1 4
13 7
1 5
3 4
10 11
8 6
1 5
1 4
7 5
29 17
3 5
3 4
11 9
6 4
8 7
17 12
1 4
8 6
2 4
4 5
19 14
6 9
5 4
2 4
11 7
5 6
2 4
1 4
4 5
1 4
10 6
6 5
0 4
4 4
14 12
4 7
3 4
9 6
2 4
22 14
3 4
6 6
2 5
7 5
1 5
15 10
1 4
4 5
6 7
11 7
2 5
6 6
3 5
16 11
5 6
3 4
11 11
2 4
6 8
18 13
3 5
1 4
7 5
1 4
9 8
4 5
8 7
0 4
7 4
3 6
28 19
13 7
1 5
2 4
8 6
7 7
2 4
13 7
1 5
1 4
7 5
14 12
2 4
4
8 5
3 4
1 5
8 5
256
10 10
3 4
2 4
7 7
2 5
6 6
1 5
18 10
9 6
2 4
3 6
9 10
14 6
1 4
6 7
2 5
0 5
28 14
3 5
7 7
10 7
1 4
5 8
3 4
14 7
0 4
5 6
2 5
4 4
6 7
11 9
3 4
21 12
2 4
3 4
6 7
0 4
12 8
2 4
7 6
9 10
3 4
2 4
7 5
2 7
15 7
3 5
4 9
1 4
12 5
4 8
3 4
6 6
3 5
2 5
16 11
3 5
10 9
2 4
8 5
3 6
17 14
1 5
6 5
4 6
1 4
4 5
13 9
10 7
1 4
2 5
6 5
7 6
2 4
3 4
22 14
10 7
0 5
3 4
6 6
7 6
2 4
10 9
4 4
12 12
3 5
0 4
8 6
2 5
11 7
5 8
4 4
4 5
19 12
6 7
2 4
13 12
3 5
6 6
1 6
8 6
4 5
12 8
3 5
17 12
4 4
3 4
5 6
12 7
2 5
1 4
4 6
9 10
3 6
8 7
4 4
5 6
3 4
3 4
13 8
0 4
6 5
2 5
9 8
7 6
3 5
34 13
1 5
13 10
3 4
8 7
3 4
8 5
1 5
9 8
2 4
4 5
22 11
5 7
2 5
8 6
1 4
1 4
10 8
4 4
6 7
2 4
19 13
3 5
9 6
10 10
2 5
10 9
4 5
3 4
6 7
3 5
4 5
17 7
5 4
2 4
5 7
4 5
12 8
1 4
13 9
7 8
4 4
28 12
3 5
2 4
7 6
9 6
2 4
5 7
3 4
14 8
2 4
3 4
7 7
10 10
3 5
2 5
7 6
0 4
9 7
6 6
3 4
3 4
18 12
1 5
7 5
6 5
1 4
10 8
5 5
2 5
8 8
0 4
22 12
2 4
8 8
3 4
7 7
14 5
1 5
1 4
5 5
13 9
2 4
3 5
7 5
21 12
2 7
2 6
4 5
1 5
11 6
6 6
2 4
3 4
8 6
16 13
3 4
12 10
3 5
7 6
2 5
2 4
6 6
31 19
2 4
3 4
6 8
3 4
16 11
6 7
3 4
4 4
11 7
0 4
15 7
6 8
3 4
2 5
18 13
6 7
3 5
3 4
7 9
10 8
2 4
4 6
2 4
2 4
14 8
512
7 6
2 6
12 9
3 4
7 6
2 5
38 19
1 6
3 4
11 7
2 4
4 6
13 10
1 4
1 5
7 6
1 4
10 9
2 4
9 6
4 4
8 6
3 6
13 12
21 8
2 5
7 6
2 4
6 6
2 6
8 9
3 4
3 4
11 9
2 4
5 7
1 4
5 5
23 13
4 4
10 7
4 4
1 4
4 5
14 9
3 5
2 5
4 6
6 7
3 4
14 11
2 5
3 5
11 9
1 5
7 6
3 4
9 10
7 4
1 4
3 4
5 7
17 11
3 4
2 6
7 7
3 5
12 8
3 4
22 18
3 4
7 7
2 7
8 5
7 7
5 6
9 7
3 5
15 12
2 5
3 4
15 7
3 4
4 7
7 7
3 4
2 4
8 10
5 6
2 4
3 4
18 11
3 4
11 8
6 7
2 4
2 6
8 7
0 4
15 8
4 4
9 11
2 4
10 7
4 5
2 5
12 6
3 4
27 17
1 4
1 4
8 5
1 5
7 7
1 7
11 6
4 5
15 13
7 8
4 4
9 11
2 5
8 5
1 4
2 5
8 6
2 5
20 14
9 9
3 5
5 5
2 6
14 7
3 5
8 7
5 5
2 4
4 7
0 4
16 8
6 7
3 4
11 6
2 6
10 8
4 4
6 7
3 4
6 6
2 4
2 5
12 10
23 11
3 4
1 5
7 6
4 5
4 5
10 5
1 5
6 8
3 5
15 9
2 4
1 4
8 6
11 9
3 4
3 4
10 7
5 8
3 5
18 12
3 5
5 8
2 4
26 18
3 4
3 4
7 6
2 4
8 7
2 5
9 10
8 6
1 4
10 10
2 5
3 4
14 10
1 5
6 5
6 7
4 6
2 7
18 11
4 4
11 10
7 7
3 4
1 6
15 11
8 8
4 4
1 5
9 10
7 8
2 5
4 4
6 7
2 4
13 11
1 5
8 5
4 5
10 11
1 4
30 16
5 6
2 4
7 5
1 4
10 10
5 5
14 12
4 4
7 7
4 4
3 4
6 8
1 7
11 7
1 5
7 6
1 5
9 9
1 5
17 10
7 6
2 4
3 4
8 8
10 8
1 5
7 7
2 4
23 11
5 4
13 9
4 4
3 5
6 6
10 8
1 6
2 4
7 7
0 5
6 5
18 12
4 4
11 10
3 4
0 4
9 4
3 4
5 6
4 5
11 8
1 5
6 7
13 8
1 4
1 6
6 6
5 5
13 9
6 7
3 4
2 5
10 5
10 8
3 4
6 6
3 4
22 15
3 5
7 6
2 5
2 4
6 6
10 6
1 4
3 4
8 7
2 4
15 12
2 5
8 10
2 4
6 6
5 6
2 4
18 11
4 4
1 5
35 17
9 8
4 4
3 5
7 6
2 6
9 7
10 11
3 4
7 7
3 4
13 9
5 4
5 6
3 5
4 4
9 8
1 4
8 4
16 8
3 4
6 6
3 4
6 7
3 4
2 4
18 13
5 6
2 6
1 5
11 6
2 4
9 9
6 7
3 4
23 14
6 5
2 5
7 7
1 4
7 4
2 4
16 8
7 5
1 4
10 9
2 5
17 15
2 6
4 5
6 9
7 5
1 4
12 7
1 4
15 12
3 5
3 5
11 6
3 4
6 8
10 6
0 4
6 7
4 4
25 17
1 5
4 4
12 7
1 6
5 5
15 11
3 4
0 4
8 5
2 5
7 5
2 6
9 10
8 7
2 4
4 6
2 5
15 7
2 4
5 6
2 4
2 4
11 8
5 5
1 4
2 4
27 16
7 6
2 4
3 4
6 6
2 4
17 7
8 8
1 4
7 7
2 4
12 7
4 4
3 5
5 7
3 4
16 15
4 5
5 6
1 4
7 5
10 10
2 4
19 14
4 4
6 8
3 5
3 4
13 11
2 4
6 8
1 4
9 8
3 4
6 6
0 4
6 4
23 15
2 5
10 7
1 4
4 7
3 4
5 4
6 7
0 4
11 5
2 4
15 12
2 5
6 8
2 4
6 6
3 4
15 9
8 11
4 4
9 6
1 4
2 4
5 5
18 10
1 4
6 7
6 5
4 4
11 8
10 9
3 4
6 5
2 4
3 4
8 8
1 4
15 10
7 5
2 6
4 5
32 24
11 8
3 4
5 6
4 4
2 4
15 9
5 5
1 5
3 5
10 10
6 7
3 4
5 5
1 4
11 6
1 4
3 5
6 7
3 5
19 14
24 16
4 5
6 7
3 4
11 11
3 5
8 7
4 5
11 7
2 4
4 9
2 5
13 11
0 4
7 6
4 5
4
1 6
7 5
8 4
2 4
512
9 5
1 4
11 10
3 5
2 4
8 7
27 18
2 7
8 7
3 4
11 10
2 4
1 5
6 5
14 10
2 4
0 4
6 4
2 4
11 8
1 4
6 5
1 6
19 11
2 4
7 7
2 5
14 11
0 5
11 6
7 5
1 4
5 7
5 4
16 11
3 5
12 5
1 4
5 8
4 4
2 5
9 8
0 4
7 6
16 11
1 5
2 4
7 6
3 4
21 15
7 6
2 5
4 5
6 7
1 4
10 7
14 12
4 4
3 4
7 8
11 11
4 5
7 5
0 4
2 5
7 4
11 10
3 6
8 6
4 4
15 11
4 4
20 14
3 5
4 5
6 8
11 8
1 5
0 4
7 4
11 9
3 4
3 5
7 7
8 8
4 4
1 4
22 14
15 10
4 5
6 8
4 4
5 6
2 8
9 6
3 4
7 7
3 4
2 5
9 11
2 4
5 6
4 6
14 9
6 7
4 4
3 6
31 17
7 4
1 4
2 4
10 9
7 7
2 4
1 4
18 13
2 4
9 8
10 10
3 4
10 10
2 4
6 7
3 4
4 5
15 10
6 8
3 4
1 6
37 16
1 5
5 6
11 8
3 4
2 5
6 6
7 6
2 6
2 6
11 9
16 11
1 4
0 6
6 4
2 5
8 5
9 11
2 4
15 9
3 4
6 8
4 4
16 16
5 4
1 4
8 7
3 4
10 7
5 5
2 4
2 4
7 6
13 12
3 4
3 4
11 9
2 5
7 5
3 5
7 8
4 4
19 14
7 8
2 4
1 4
12 7
7 7
4 4
11 7
1 4
7 6
2 4
21 17
3 4
14 11
1 5
1 5
8 4
5 5
8 7
11 6
0 4
7 6
2 5
3 4
9 8
0 6
20 8
2 5
7 6
5 4
9 7
5 8
3 4
1 4
15 8
5 7
3 4
2 7
15 9
2 4
4 5
5 7
4 6
12 8
4 4
3 4
27 15
6 6
2 5
6 5
1 4
0 4
10 6
6 6
2 4
10 8
2 5
6 8
3 4
1 5
14 9
5 4
7 7
12 8
3 5
19 12
0 5
2 4
7 6
11 9
3 5
7 4
0 5
7 6
2 5
2 5
15 12
4 5
12 10
2 4
8 7
25 15
2 4
2 4
6 6
1 5
9 6
1 5
4 6
2 4
17 10
5 6
3 4
8 6
3 5
10 11
4 4
7 8
2 4
15 8
0 4
2 4
13 8
8 7
2 4
0 5
17 8
3 4
5 6
7 4
0 4
11 10
4 5
23 15
4 5
7 4
1 5
3 4
8 7
0 5
11 9
1 5
6 7
3 4
15 11
7 8
3 5
2 4
28 18
4 5
5 7
10 7
1 5
3 5
9 7
1 5
15 10
5 6
2 4
3 4
11 8
9 10
4 4
1 4
7 5
9 6
3 6
20 16
3 5
20 17
3 5
2 5
6 6
1 4
5 6
11 6
1 4
15 11
1 4
7 7
2 4
3 4
11 8
2 4
6 7
6 7
5 5
2 4
16 10
0 5
11 9
1 5
7 8
0 5
11 5
4 5
5 7
3 5
19 15
0 5
6 4
2 4
12 8
4 4
6 7
4 6
3 4
18 9
1 6
7 5
1 5
12 15
4 6
6 4
1 4
4 5
11 9
1 5
7 5
6 4
11 10
4 5
14 12
8 5
2 4
2 4
10 10
4 5
8 6
8 6
2 4
34 16
0 4
15 7
2 5
4 4
6 8
5 7
2 4
8 6
2 5
3 4
7 7
1 5
22 13
3 4
7 7
10 8
1 4
1 5
11 6
4 8
3 4
2 5
16 8
6 7
3 4
11 9
3 4
6 6
2 5
3 4
9 7
13 13
2 5
2 4
10 6
6 6
2 5
16 10
0 4
7 7
2 4
3 6
7 7
2 5
12 8
1 5
19 16
8 6
2 4
3 5
7 7
2 6
15 9
4 4
7 7
8 6
0 4
3 6
9 7
0 6
5 5
3 4
7 7
2 4
26 19
3 4
15 12
3 4
6 8
8 4
2 4
1 4
10 8
20 13
2 5
4 4
6 8
7 7
3 7
11 11
4 4
0 4
6 4
24 18
3 5
11 10
3 4
8 5
3 4
16 9
1 5
3 5
7 6
3 4
12 7
4 5
4 7
10 7
2 4
4 7
3 5
1 4
8 5
1 5
14 9
2 5
6 7
29 20
5 4
2 4
10 6
1 6
7 5
11 7
3 4
7 7
3 4
2 6
5 6
1 4
18 10
11 11
3 5
7 6
2 4
3 5
6 7
1 4
13 10
8
0 5
7 4
12 7
3 4
1 5
9 8
7 6
4 5
2
3 4
4 4
8
5 7
3 4
1 4
14 6
3 6
7 6
12 9
3 5
256
3 4
8 7
17 10
0 4
8 7
3 4
4 4
8 10
6 5
1 4
2 4
10 7
8 6
3 5
16 11
3 5
13 11
1 4
7 7
4 4
8 6
2 4
11 8
1 5
7 7
3 5
33 13
1 4
10 10
3 4
0 5
7 5
0 5
11 7
1 5
7 5
7 5
3 5
4 5
20 14
3 7
6 8
2 4
13 9
3 5
6 6
9 9
2 4
12 7
0 5
6 5
2 4
4 5
5 8
21 14
3 4
5 6
2 4
9 6
2 4
3 4
12 8
5 7
3 4
1 5
7 5
2 5
14 12
3 5
7 7
11 13
4 4
2 4
19 11
5 7
3 4
11 8
2 5
3 5
6 6
5 5
1 4
9 7
2 5
2 4
15 11
7 6
3 4
1 5
20 9
3 6
5 9
4 5
10 7
2 5
5 5
3 5
18 15
2 6
6 6
0 5
11 6
7 5
1 4
2 4
5 7
10 6
1 4
3 5
14 10
3 4
7 8
26 12
1 6
5 7
3 5
0 5
6 4
11 6
2 9
2 4
10 7
6 8
3 4
6 6
2 4
14 8
3 5
1 4
4 4
2 5
13 10
6 7
2 4
11 9
3 4
2 4
31 21
7 7
7 4
6 8
2 4
3 4
11 8
9 7
3 5
5 7
2 4
4 4
7 7
1 6
17 11
1 4
14 11
7 5
1 6
8 4
0 6
3 4
11 9
8 4
0 4
24 17
2 4
11 7
3 4
2 4
4 6
15 10
2 5
6 6
1 4
8 6
1 4
11 9
3 5
3 5
18 11
5 7
3 5
3 5
6 7
2 5
11 9
3 4
12 11
5 4
7 8
10 7
0 4
6 6
3 5
4 5
15 10
6 7
2 6
3 4
11 8
3 4
6 7
12 9
2 4
6 4
1 4
5 5
5 7
1 4
23 13
8 7
3 4
16 12
2 4
6 8
4 4
5 5
9 9
8 9
3 4
9 4
0 5
0 4
14 5
3 5
6 6
2 4
7 7
4 6
27 22
5 7
5 5
3 4
11 10
4 5
7 7
11 9
4 7
14 13
3 6
7 8
2 7
3 4
7 7
3 4
11 10
3 4
7 7
19 14
0 4
4 6
3 5
13 6
2 4
15 10
4 4
5 9
3 5
8
11 9
3 4
1 5
7 5
1 4
5 5
13 7
4 5
128
3 4
4 7
1 4
10 5
0 4
13 8
0 4
6 4
3 4
8 8
5 7
3 4
2 4
4 6
1 4
17 6
0 4
5 4
0 4
11 5
0 4
7 4
0 4
12 10
3 4
4 7
3 4
8 7
1 4
21 6
4 6
2 4
1 4
7 5
0 4
9 6
2 4
7 6
13 9
1 4
3 4
7 7
2 4
9 9
5 7
3 4
1 4
17 8
2 4
7 6
9 10
3 4
0 4
5 4
3 4
12 8
0 4
6 4
1 4
11 7
0 4
7 4
2 4
24 13
3 4
7 7
14 13
3 5
3 5
5 7
2 4
11 7
2 4
6 6
0 4
8 6
16 12
3 4
2 4
7 6
1 4
5 5
9 9
3 4
6 6
2 4
3 4
13 10
3 4
7 7
1 4
28 9
3 4
4 7
2 4
11 6
5 7
3 4
3 4
9 8
2 4
6 6
3 4
14 10
1 4
6 5
0 4
10 6
2 4
6 6
1 4
16 11
2 4
7 6
2 4
8 9
6 7
3 4
15 8
2 4
0 4
9 4
3 4
4 7
7 7
3 4
1 4
21 11
4
1 4
4 4
0 4
8 0
512
1 4
5 5
9 7
2 4
12 11
3 4
2 4
7 6
1 4
5 5
1 4
8 6
2 4
5 6
0 4
16 5
1 4
4 5
0 4
10 5
0 4
4 4
1 4
12 7
2 4
4 6
10 7
3 4
0 4
4 4
0 4
21 5
1 4
4 5
1 4
8 5
7 5
1 4
2 4
13 10
0 4
5 4
1 4
9 6
1 4
5 5
2 4
17 9
1 4
5 5
12 8
3 4
3 4
7 7
0 4
15 9
4 7
3 4
0 4
24 12
2 4
4 6
0 4
11 5
0 4
7 4
1 4
11 9
3 4
7 7
1 4
12 11
1 4
7 5
2 4
11 9
7 5
1 4
1 4
16 11
1 4
7 5
2 4
10 9
1 4
6 6
1 4
12 9
0 4
9 6
6 7
3 4
0 4
5 4
3 4
23 9
1 4
5 5
3 4
10 8
2 4
6 6
3 4
14 11
3 4
5 7
2 4
11 7
1 4
5 5
2 4
16 12
0 4
6 4
1 4
8 7
2 4
6 6
0 4
12 6
5 6
2 4
3 4
9 8
2 4
5 6
0 4
31 9
0 4
5 4
3 4
8 8
0 4
6 4
0 4
14 5
2 4
5 6
0 4
9 5
2 4
4 6
4 4
19 10
1 4
5 5
1 4
11 6
2 4
5 6
1 4
12 9
2 4
5 6
2 4
10 7
1 4
6 5
1 4
21 12
0 4
4 4
2 4
9 5
2 4
6 6
1 4
18 8
0 4
9 7
0 4
7 4
4 7
3 4
1 5
12 6
1 4
6 5
2 4
9 7
1 4
4 5
12 8
3 4
3 4
5 7
0 4
26 10
1 4
7 5
3 4
10 11
2 4
6 6
2 4
8 8
4 7
3 4
13 6
2 4
1 4
6 5
0 4
8 6
0 4
6 4
22 12
2 4
0 4
12 8
0 4
6 4
2 4
7 6
10 10
3 4
1 4
4 5
2 4
19 8
1 4
5 5
0 4
10 5
3 4
8 10
1 5
7 5
1 4
7 5
2 4
12 9
0 4
4 4
2 4
10 6
2 4
4 6
2 4
16 8
0 4
7 4
1 4
11 8
3 4
6 7
1 4
32 19
1 4
7 5
2 4
9 9
1 4
5 5
14 8
3 4
6 7
3 4
0 4
11 6
3 4
14 10
3 4
4 7
1 4
7 5
9 10
3 4
0 4
7 4
19 13
3 4
1 4
5 5
3 4
8 8
2 4
5 6
13 5
0 4
1 4
7 5
0 4
8 6
5 7
3 4
2 4
21 10
3 4
5 7
0 4
10 5
2 4
5 6
0 4
15 7
2 4
6 6
2 4
9 8
2 4
7 6
16 12
1 4
1 4
7 5
1 4
10 8
0 4
7 4
1 4
15 10
2 4
7 6
1 4
26 14
0 4
7 4
10 10
3 4
0 4
6 4
1 4
12 9
3 4
6 7
2 5
10 9
1 4
5 5
0 4
11 5
1 4
4 6
16 10
3 4
6 7
3 4
0 4
9 6
0 4
12 6
0 4
5 4
1 4
9 7
0 4
6 4
4 7
3 4
1 4
21 6
1 4
5 5
0 4
8 5
0 4
7 4
0 4
14 6
1 4
7 5
0 4
18 11
2 4
5 6
1 4
9 6
2 4
6 6
1 4
12 10
1 4
4 5
0 4
11 4
1 4
4 5
1 4
8 5
0 4
4 4
0 4
31 9
0 4
4 4
2 4
10 6
2 4
5 6
0 4
12 7
3 4
5 7
1 4
11 6
1 4
4 5
0 4
16 7
1 4
5 5
2 4
8 7
0 4
5 5
1 4
14 6
2 4
5 6
2 4
10 7
1 4
4 5
1 4
21 9
0 4
6 4
3 4
10 9
6 6
2 4
2 4
13 10
0 4
5 4
10 8
3 4
3 4
5 7
2 4
18 10
0 4
6 4
0 4
9 6
2 4
4 6
0 4
12 5
1 4
5 5
0 4
8 5
3 4
6 7
36 11
1 4
0 4
6 4
0 4
11 6
4 6
2 4
13 10
3 4
4 7
3 4
3 4
16 11
2 4
7 6
1 4
11 8
1 4
6 5
0 4
10 6
1 4
5 5
2 4
12 9
0 4
6 4
1 4
8 7
0 4
6 4
0 4
23 6
2 4
5 6
3 4
9 8
1 4
5 5
0 4
12 6
2 5
4 6
3 4
11 8
0 4
18 10
0 4
7 4
0 4
6 4
3 4
9 9
2 4
5 6
1 4
15 7
0 4
6 4
2 4
11 8
0 4
4 4
1 4
27 16
8
0 4
5 4
11 7
2 4
0 4
12 6
0 4
7 4
8
2 4
5 6
3 4
9 8
2 4
5 6
2 4
12 4
8
2 4
6 5
1 4
9 7
1 4
6 5
1 4
12 4
2
3 4
4 3
16
0 4
7 4
3 4
10 10
0 4
7 4
2 4
12 10
7 7
3 4
2 4
9 9
1 4
5 5
1 4
16 3
512
2 4
5 6
12 9
2 4
0 4
4 4
2 4
10 6
0 4
4 4
9 7
3 4
6 6
2 4
1 4
16 8
1 4
9 8
3 4
7 6
3 4
4 7
0 4
12 6
3 4
8 9
0 4
6 4
1 4
4 5
3 4
21 7
0 4
7 4
2 4
9 9
0 4
5 4
2 4
13 8
1 4
7 5
2 4
11 9
3 4
5 7
26 13
4 4
2 4
5 6
9 7
2 5
1 4
5 5
1 4
12 7
0 4
10 7
1 4
7 5
3 4
6 7
17 8
1 4
5 5
1 4
0 4
8 5
0 4
5 4
15 6
1 4
3 4
5 7
1 4
9 6
2 5
7 6
0 4
18 10
7 8
3 4
2 4
9 9
4 5
4 7
1 4
13 6
7 5
2 4
23 15
3 4
2 4
5 6
2 4
10 7
2 4
5 6
1 4
11 6
1 4
14 11
3 4
7 7
1 4
4 5
2 4
11 6
4 5
1 4
3 4
17 13
0 4
5 4
2 4
9 7
0 4
6 4
2 4
15 9
0 4
4 4
2 4
10 6
4 5
1 4
0 4
28 15
2 4
8 9
1 4
7 5
0 4
7 4
1 4
14 8
1 4
5 5
1 5
8 6
1 4
7 5
1 4
18 10
6 7
3 4
2 4
8 8
4 5
1 4
2 4
20 10
5 6
2 4
3 4
10 8
3 4
5 7
1 4
14 8
1 4
4 5
1 4
9 5
1 4
4 5
2 4
14 7
0 4
6 4
0 4
16 11
11 8
2 4
1 4
6 5
2 4
5 6
12 6
1 4
3 4
5 7
3 4
8 9
1 4
4 6
1 4
9 5
1 4
7 5
0 4
24 8
1 4
4 5
2 4
9 6
3 4
4 7
0 4
15 6
1 4
4 5
1 4
9 5
1 4
4 5
17 10
2 4
1 4
7 5
2 4
9 8
0 4
13 8
2 4
7 6
3 4
8 10
3 4
7 7
2 4
22 10
3 4
6 7
0 4
6 4
1 4
9 7
0 4
13 8
3 4
7 7
0 4
5 4
1 4
8 6
3 4
6 7
2 4
35 14
1 4
8 5
1 4
10 8
2 4
5 6
1 4
14 8
0 4
4 4
2 4
19 10
2 4
7 6
1 4
10 8
2 4
4 6
0 4
10 4
0 4
7 4
0 4
15 9
2 4
4 6
2 4
8 5
4 6
1 4
0 4
18 7
2 4
4 6
3 4
9 7
0 4
4 4
0 4
13 5
0 4
4 4
1 4
8 5
2 4
5 6
1 5
21 9
2 4
4 6
0 4
8 4
0 4
5 4
19 10
2 5
2 4
6 6
0 5
8 6
2 4
6 6
1 4
15 7
0 4
9 7
2 4
7 6
0 4
4 4
1 5
13 6
4 4
0 4
11 7
3 4
2 4
4 6
1 4
26 13
0 4
9 6
3 4
6 7
1 4
12 7
1 4
6 5
2 4
21 15
2 4
7 6
2 4
5 6
1 4
11 6
4 6
2 4
12 7
3 4
3 4
6 7
1 4
8 7
2 4
19 9
0 4
7 4
6 7
3 4
1 4
8 7
4 5
1 4
2 4
14 8
0 4
5 4
2 4
10 7
5 6
2 4
0 4
8 5
1 4
6 5
0 4
16 8
2 4
6 6
0 4
11 6
0 4
6 4
2 4
15 11
1 4
5 5
8 8
3 4
0 4
5 4
3 4
28 14
3 4
6 7
9 9
3 4
1 4
7 5
2 4
18 13
2 4
4 6
10 6
2 4
2 4
4 6
2 4
15 8
1 4
7 5
1 4
8 8
2 4
6 6
1 4
12 7
0 4
5 4
3 4
10 8
1 4
6 5
3 4
21 13
1 4
7 5
2 4
8 9
6 6
2 4
0 4
13 6
2 4
7 6
2 4
10 9
3 4
18 13
3 4
7 7
1 4
5 5
0 4
9 5
2 4
4 6
2 4
14 7
0 4
9 6
2 6
6 6
2 4
4 6
2 4
24 12
0 4
10 6
0 4
6 4
1 4
4 5
1 4
14 7
0 5
5 4
10 8
3 4
1 4
7 5
17 12
2 4
1 4
5 5
2 4
8 7
3 4
7 7
1 4
13 8
0 4
6 4
0 4
22 10
2 4
5 6
1 4
10 6
3 4
5 7
1 4
8 6
2 4
4 6
3 4
14 7
2 4
7 6
0 4
10 7
1 4
5 5
0 4
19 9
0 4
5 4
0 4
8 5
6 6
2 4
0 4
13 6
0 4
4 4
3 4
8 7
0 4
4 4
3 4
36 12
256
6 7
3 4
3 4
11 9
1 4
7 5
1 4
13 10
1 4
5 5
3 4
10 8
6 7
3 4
1 4
16 10
3 4
5 7
1 4
11 6
1 4
4 5
13 8
1 4
2 4
6 6
1 5
10 7
2 4
6 6
2 4
20 11
1 4
4 5
2 4
10 6
2 4
5 6
0 4
13 7
2 4
5 6
1 4
8 6
1 4
6 5
18 10
4 4
0 4
5 4
0 4
26 11
0 4
5 4
2 4
10 7
3 4
5 7
2 4
15 9
0 4
6 4
2 4
10 8
5 6
2 4
0 4
8 5
2 4
4 6
2 4
13 6
1 4
11 7
2 4
6 6
1 4
18 12
3 4
7 7
12 11
2 4
6 4
0 4
6 6
2 4
2 4
11 8
3 4
6 7
3 4
9 8
2 4
4 6
2 4
20 9
0 4
6 4
1 4
9 7
2 4
12 9
5 7
3 4
5 7
2 4
11 7
2 4
0 4
18 10
2 4
6 6
2 4
6 6
1 5
10 7
1 4
4 5
3 4
13 9
31 15
3 4
1 4
5 5
2 4
4 6
1 4
10 5
1 4
5 5
3 4
11 8
1 4
4 5
15 8
1 4
3 4
5 7
1 4
9 6
2 4
6 6
3 4
17 13
2 4
4 6
3 4
10 7
12 11
4 4
0 4
6 4
1 4
5 5
1 4
9 6
3 4
4 7
20 9
3 4
1 4
6 6
3 4
10 9
2 4
12 10
3 4
6 7
3 4
4 7
0 4
10 4
4 7
3 4
1 4
19 6
6 5
1 4
0 5
12 9
3 4
6 7
0 4
11 6
7 7
3 4
0 4
10 7
1 4
4 5
1 4
25 9
4 7
3 4
9 6
2 4
6 7
3 4
1 4
13 8
0 4
4 4
2 4
11 6
1 4
4 5
2 4
19 10
5 5
1 4
1 4
9 6
3 4
4 7
13 8
3 4
1 4
6 5
1 4
8 7
1 4
5 5
22 11
2 4
3 4
4 7
1 4
9 5
2 4
6 6
2 4
13 7
0 4
6 4
1 4
9 7
0 4
5 4
0 4
18 7
3 4
5 7
1 4
12 8
1 4
10 8
1 4
7 5
0 4
32 13
7 7
3 4
2 4
5 6
1 4
10 6
16
2 4
6 6
1 4
11 7
0 4
6 4
0 4
14 9
1 4
5 5
2 4
9 7
2 4
4 6
0 4
16 3
32
1 4
5 5
11 7
2 4
7 7
3 4
12 13
3 4
2 4
8 9
1 4
7 5
1 4
6 5
0 4
18 6
2 4
6 6
9 9
3 4
3 4
4 7
1 4
15 6
1 4
5 4
1 4
20 9
3 4
4 7
1 4
10 5
256
1 4
6 5
1 4
9 7
1 4
5 5
0 4
15 6
1 4
7 5
2 4
11 9
1 4
5 5
1 4
18 12
2 4
5 6
2 4
13 10
2 4
5 6
1 4
11 6
3 4
21 16
0 4
7 4
2 4
7 6
0 4
11 7
0 4
4 4
0 4
8 4
3 4
5 7
2 4
14 7
2 4
5 6
2 4
11 7
0 4
6 4
16 12
1 4
2 4
5 6
2 4
11 7
0 4
14 9
6 7
3 4
1 4
4 5
2 4
9 6
3 4
26 11
0 4
5 4
0 4
5 4
1 4
11 6
1 4
5 5
3 5
14 11
2 4
6 6
1 4
9 8
1 4
5 5
18 10
2 4
0 4
5 4
0 4
9 5
0 4
6 4
2 4
12 9
9 10
3 4
3 4
7 7
3 4
4 7
1 4
24 8
3 4
4 7
1 4
17 9
0 4
7 4
3 4
9 10
0 4
9 6
3 4
6 7
2 4
4 6
0 4
15 5
1 4
4 5
13 8
3 4
3 4
7 7
1 4
9 8
0 4
5 4
3 4
8 7
6 6
2 4
1 4
28 13
3 4
5 7
3 4
9 8
1 4
4 5
1 4
13 6
0 4
18 9
2 4
5 6
0 5
7 4
2 4
12 9
1 4
5 5
2 4
11 7
2 4
6 5
1 4
21 15
0 4
4 4
2 4
11 6
3 4
7 7
0 4
15 10
1 4
7 5
0 4
8 7
1 4
7 5
0 4
14 7
2 4
5 6
1 4
9 6
1 4
5 5
17 8
0 4
3 4
5 7
11 8
3 4
6 7
3 4
2 4
14 10
6 6
2 4
1 4
10 7
6 7
3 4
0 4
26 12
1 4
6 5
1 4
9 7
1 4
7 5
3 4
15 11
2 4
4 6
3 4
10 7
1 4
16 12
0 4
6 4
1 4
5 5
1 4
10 6
1 4
12 10
3 4
7 7
3 4
4 7
1 4
23 7
1 4
6 5
3 5
10 9
0 4
6 4
9 7
1 4
0 4
6 4
2 4
14 9
5 6
2 4
3 4
9 8
1 4
4 5
1 4
18 8
2 4
5 6
0 4
13 7
0 4
7 4
0 4
10 7
6 7
3 4
0 4
9 6
0 4
5 4
1 4
32 11
64
1 4
6 6
2 4
11 8
0 4
6 4
3 4
21 17
0 4
6 4
2 4
9 8
3 4
4 7
3 4
15 8
6 5
1 4
1 4
11 7
0 4
7 4
1 5
12 11
0 4
6 4
2 4
11 8
1 4
7 5
3 4
18 13
0 5
5 4
8 6
1 4
1 4
5 5
1 6
13 6
9 10
3 4
0 4
7 4
1 4
19 10
1 4
7 5
0 4
10 7
2 4
7 6
1 4
5 5
3 4
13 10
0 4
5 4
0 4
9 5
0 4
4 4
0 4
24 6
4
0 4
6 4
2 4
8 4
512
1 4
6 5
10 9
3 4
12 11
3 4
2 4
6 7
8 7
3 4
1 4
9 8
2 4
6 6
0 4
18 7
1 4
6 5
3 4
10 9
1 4
4 5
12 7
1 4
0 4
5 4
1 4
9 6
0 4
6 4
3 4
22 12
5 6
2 4
0 4
11 5
2 5
6 6
17 14
3 4
0 4
6 4
0 4
11 6
0 4
5 4
14 11
3 4
1 4
6 5
1 4
10 7
3 4
7 7
0 4
15 9
1 4
7 5
11 10
3 4
1 4
25 17
1 4
7 5
3 4
8 9
6 6
2 4
4 6
2 4
0 4
12 4
2 4
6 6
2 4
9 9
3 4
4 7
2 4
16 7
3 4
4 7
9 6
2 4
3 4
13 10
1 4
6 5
1 4
6 5
3 4
10 9
2 4
5 6
1 4
21 9
0 4
4 4
1 4
11 5
5 6
2 4
1 4
12 9
1 4
6 6
1 4
10 7
0 4
5 4
2 4
30 12
1 4
7 5
2 4
9 9
2 4
4 6
15 9
3 4
2 4
5 6
1 4
8 6
3 4
6 7
3 4
17 12
2 4
4 6
1 4
10 5
0 4
6 4
2 4
13 10
2 4
10 8
0 4
6 4
2 4
5 6
17 11
2 4
3 4
4 7
0 4
8 4
1 4
5 5
1 4
15 6
1 4
23 14
1 4
6 5
4 4
0 4
1 4
11 5
6 5
1 4
8 7
1 4
3 4
14 8
2 4
6 5
1 4
4 5
3 4
9 7
18 10
2 4
1 4
5 5
1 4
6 5
3 4
11 8
2 4
6 6
3 4
12 12
3 4
9 8
0 4
5 4
6 7
3 4
0 4
33 17
1 4
5 5
2 4
10 7
2 4
5 6
1 4
13 8
1 4
5 5
1 4
10 6
1 4
4 5
0 4
19 7
1 4
4 6
21 11
1 4
2 4
4 6
3 4
8 7
3 4
6 7
0 4
9 6
15 11
3 4
1 4
7 5
1 4
6 5
9 8
2 4
5 7
3 4
2 4
12 7
1 4
7 5
2 4
9 9
17 10
3 4
3 4
6 7
5 6
2 4
1 4
11 6
0 4
14 9
2 4
6 6
2 4
4 6
1 4
11 5
1 4
7 5
27 17
3 4
0 4
5 4
2 4
9 7
14 8
2 4
2 4
5 6
3 4
10 10
1 4
7 5
1 4
7 5
1 4
20 14
2 4
5 6
1 4
10 6
0 4
4 4
1 4
12 7
1 4
6 5
0 4
11 6
2 4
6 6
0 4
18 9
1 4
7 5
1 4
8 8
1 4
7 5
15 10
3 4
2 4
4 6
0 4
11 4
2 4
4 6
0 4
16 10
3 4
5 7
1 4
8 6
2 4
4 6
1 4
27 8
2 4
4 6
1 4
11 5
3 4
5 7
1 4
15 9
3 4
4 8
0 4
8 4
5 5
1 4
2 4
18 10
0 4
5 4
0 4
8 4
2 4
15 9
1 4
7 5
3 4
7 7
2 4
12 11
1 4
7 5
2 4
10 9
2 4
5 6
0 4
10 5
0 4
6 4
0 4
21 10
0 4
4 4
3 4
8 7
3 4
4 7
0 4
13 4
2 4
4 6
1 4
8 5
3 4
6 7
3 5
18 10
0 5
4 4
8 7
3 4
3 4
6 7
14 7
1 4
1 4
5 5
3 4
9 8
1 4
7 5
0 4
31 16
1 4
6 5
3 4
8 9
4 7
3 4
3 4
12 7
1 4
4 5
2 4
10 6
0 4
7 4
2 4
18 10
3 4
5 6
8 7
2 4
5 4
0 4
2 4
13 7
2 5
7 6
9 9
2 4
21 13
2 4
3 4
7 7
5 7
3 4
2 4
10 7
2 5
5 6
1 4
12 8
1 4
6 5
0 4
10 6
2 4
17 11
1 4
7 5
4 5
1 4
3 4
9 7
1 4
6 5
12 10
3 4
2 4
5 6
2 4
11 7
0 4
5 4
2 4
36 13
1 4
6 5
0 4
11 6
0 4
5 4
1 4
12 9
4 4
5 7
1 4
19 9
5 6
2 4
4 4
11 8
1 4
8 6
1 4
5 5
0 4
4 4
0 4
21 11
3 4
4 7
8 7
3 4
1 4
4 5
1 4
15 5
1 4
5 5
1 4
9 6
1 5
4 5
0 4
14 5
0 4
4 4
2 4
9 6
2 4
5 6
3 4
16 11
1 4
10 5
3 4
4 7
1 4
4 5
3 4
13 9
1 4
25 8
2 4
4 6
0 4
4 4
0 4
9 4
128
6 6
2 4
3 4
8 9
1 4
13 8
7 6
2 4
1 4
5 5
0 4
11 5
1 4
6 5
1 4
17 11
1 4
6 5
0 4
9 5
0 4
6 4
13 7
0 4
2 4
5 6
3 4
8 8
1 4
4 5
20 9
3 4
6 6
2 4
3 4
8 9
1 4
5 5
0 5
13 5
1 4
4 5
0 4
9 4
6 6
2 4
0 4
24 11
5 7
3 4
1 4
12 8
6 7
3 4
0 4
10 6
7 6
2 4
1 4
19 9
1 4
9 8
7 6
2 4
1 4
5 5
1 4
10 6
1 4
4 5
2 4
17 11
1 4
7 5
11 9
2 4
0 4
6 4
2 4
14 11
1 4
5 5
8 6
1 4
0 4
4 4
1 4
14 5
0 4
7 4
2 4
20 11
0 4
4 4
3 4
10 7
1 4
6 5
1 4
8 7
19 10
1 4
0 4
6 4
0 4
11 7
2 4
7 6
1 4
5 5
3 4
15 11
0 4
5 4
2 4
8 7
0 4
6 4
3 4
12 9
2 4
6 6
3 4
9 9
4 4
4 7
0 4
28 4
2
2 4
5 2
2
2 4
4 2
64
1 4
7 5
2 4
8 9
1 4
4 5
3 4
14 7
1 4
7 5
2 4
9 8
0 5
7 4
3 4
17 13
0 5
6 4
1 4
10 7
2 4
7 6
0 4
22 12
3 4
6 7
1 4
10 7
3 4
6 7
14 10
2 4
2 4
5 6
1 4
10 6
2 4
4 6
12 9
3 4
1 4
10 6
2 4
5 6
2 4
6 7
2 4
16 10
1 4
9 8
1 4
7 5
0 4
5 4
2 4
13 8
0 4
5 4
0 4
8 5
1 4
5 5
2 4
24 6
256
0 4
4 4
0 4
9 4
0 4
4 4
0 4
12 5
0 4
4 4
1 4
8 5
0 4
4 4
1 4
18 5
0 4
4 4
0 4
8 4
0 4
4 4
0 4
12 4
0 4
4 4
0 4
8 4
0 4
4 4
0 4
20 6
0 4
5 4
0 4
8 5
0 4
4 4
0 4
12 4
0 4
4 4
0 4
8 4
0 4
4 4
1 4
16 5
0 4
5 4
0 4
9 5
0 4
4 4
0 4
12 5
0 4
5 4
0 4
9 5
1 4
4 5
0 4
25 5
0 4
5 4
0 4
8 5
0 4
5 4
0 4
12 5
0 4
4 4
0 4
8 4
1 4
4 5
0 4
16 4
0 4
5 4
0 4
8 5
0 4
4 4
0 4
12 4
0 4
5 4
1 4
8 6
0 4
4 4
0 4
21 4
0 4
4 4
0 4
8 4
0 4
4 4
0 4
12 4
0 4
4 4
1 4
8 5
0 4
5 4
0 4
16 5
1 4
4 5
0 4
8 4
0 4
4 4
0 4
12 4
0 4
5 4
1 4
8 6
0 4
4 4
0 4
28 6
0 4
4 4
0 4
8 4
0 4
4 4
0 4
13 4
0 4
4 4
0 4
8 4
0 4
5 4
1 4
16 7
1 4
4 5
0 4
8 4
0 4
4 4
0 4
12 4
0 4
4 4
0 4
9 4
0 4
4 4
0 4
20 5
0 4
4 4
1 4
9 5
0 4
4 4
0 4
12 5
0 4
4 4
1 4
8 5
0 4
4 4
0 4
16 4
0 4
4 4
0 4
8 4
0 4
4 4
0 4
12 4
0 4
4 4
0 4
9 4
0 4
6 4
0 4
24 7
0 4
4 4
0 4
9 4
0 4
4 4
0 4
12 5
3 4
4 7
0 4
8 4
0 4
4 4
0 4
16 4
0 4
4 4
0 4
9 4
0 4
5 4
1 4
12 7
0 4
5 4
0 4
8 5
0 4
4 4
1 4
21 5
2 4
4 6
0 4
8 4
0 4
4 4
0 4
12 4
0 4
4 4
0 4
8 4
0 4
5 4
0 4
16 5
0 4
4 4
0 4
8 4
0 4
4 4
0 4
12 4
0 4
4 4
0 4
8 4
0 4
4 4
0 4
32 1
256
1 4
4 5
0 4
9 4
0 4
4 4
0 4
12 5
0 4
4 4
0 4
8 4
0 4
5 4
0 4
16 5
0 4
4 4
0 4
8 4
0 4
4 4
2 4
12 6
0 4
4 4
0 4
8 4
1 4
4 5
0 4
20 4
0 4
5 4
0 4
8 5
0 4
5 4
1 4
12 6
0 4
4 4
0 4
8 4
0 4
4 4
0 4
16 4
0 4
4 4
0 4
8 4
0 4
4 4
0 4
13 4
0 4
4 4
0 4
8 4
0 4
4 4
1 4
24 6
0 4
5 4
0 4
8 5
0 4
4 4
0 4
13 4
1 4
5 5
0 4
8 5
0 4
5 4
0 4
16 6
0 4
4 4
0 4
8 4
0 4
4 4
0 4
12 4
0 4
4 4
0 4
8 4
0 4
4 4
0 4
20 4
0 4
4 4
1 4
9 5
0 4
4 4
0 4
13 5
0 4
4 4
1 4
8 5
0 4
4 4
0 4
17 5
0 4
4 4
0 4
8 4
1 4
4 5
0 4
12 4
0 4
5 4
0 4
8 5
0 4
4 4
0 4
28 5
0 4
4 4
1 4
8 5
0 4
5 4
1 4
12 6
0 4
4 4
0 4
8 4
0 4
4 4
0 4
16 4
0 4
4 4
0 4
8 4
0 4
4 4
0 4
12 4
0 4
5 4
1 4
8 6
0 4
4 4
0 4
20 4
0 4
4 4
0 4
9 4
0 4
5 4
0 4
12 6
0 4
4 4
0 4
8 4
0 4
5 4
0 4
16 5
0 4
4 4
2 4
8 6
0 4
4 4
0 4
12 4
0 4
5 4
0 4
8 5
1 4
4 5
0 4
25 4
0 4
4 4
0 4
8 4
0 4
4 4
0 4
12 4
0 4
4 4
0 4
8 4
0 4
4 4
0 4
16 4
0 4
4 4
1 4
8 5
1 4
4 5
1 4
12 5
0 4
4 4
0 4
8 4
0 4
4 4
0 4
20 4
0 4
4 4
0 4
8 4
0 4
4 4
0 4
13 4
0 4
4 4
0 4
8 4
0 4
4 4
0 4
17 5
0 4
4 4
0 4
8 4
0 4
4 4
0 4
12 4
0 4
5 4
0 4
9 5
0 4
4 4
0 4
32 3
8
0 4
4 4
0 4
8 4
0 4
4 4
0 4
12 0
16
1 4
5 5
0 4
9 5
0 4
4 4
0 4
12 5
0 4
4 4
0 4
8 4
0 4
4 4
2 4
16 2
512
0 4
4 4
0 4
8 4
0 4
4 4
0 4
12 4
0 4
4 4
0 4
8 4
0 4
4 4
0 4
16 4
0 4
4 4
1 4
8 5
0 4
4 4
1 4
12 5
0 4
4 4
0 4
8 4
0 4
4 4
1 4
20 5
0 4
5 4
0 4
8 5
0 4
4 4
0 4
12 4
2 4
5 6
0 4
8 5
0 4
4 4
1 4
16 5
0 4
4 4
0 4
8 4
0 4
4 4
0 4
12 4
0 4
4 4
0 4
8 4
0 4
4 4
1 4
24 5
0 4
5 4
1 4
9 6
0 4
5 4
0 4
12 6
0 4
4 4
1 4
8 5
0 4
4 4
0 4
16 4
0 4
4 4
1 4
8 5
0 4
4 4
0 4
12 4
2 4
5 6
0 4
8 5
0 4
4 4
0 4
20 4
0 4
4 4
0 4
8 4
0 4
4 4
0 4
12 4
0 4
4 4
0 4
8 4
0 4
4 4
0 4
17 4
0 4
5 4
0 4
8 5
0 4
4 4
1 4
13 5
0 4
4 4
1 4
8 5
0 4
4 4
0 4
28 6
1 4
4 5
0 4
9 4
0 4
4 4
0 4
12 5
1 4
4 5
0 4
8 4
1 4
4 5
0 4
16 4
0 4
5 4
0 4
9 5
0 4
4 4
1 4
12 6
0 4
4 4
0 4
8 4
0 4
5 4
0 4
21 5
0 4
4 4
0 4
8 4
1 4
4 5
0 4
12 4
0 4
4 4
0 4
9 4
0 4
4 4
0 4
16 5
0 4
5 4
0 4
9 5
0 4
4 4
2 4
13 7
0 4
4 4
1 4
8 5
1 4
4 5
0 4
24 6
1 4
4 5
0 4
8 4
0 4
4 4
0 4
12 4
0 4
4 4
0 4
8 4
0 4
4 4
0 4
16 4
0 4
4 4
0 4
8 4
1 4
4 5
0 4
12 4
0 4
4 4
0 4
8 4
0 4
4 4
0 4
20 4
0 4
4 4
0 4
8 4
1 4
4 5
0 4
12 4
0 4
4 4
0 4
8 4
0 4
4 4
0 4
16 4
0 4
5 4
2 4
8 7
0 4
4 4
0 4
13 4
0 4
4 4
0 4
8 4
0 4
4 4
0 4
32 5
0 4
5 4
0 4
8 5
0 4
4 4
0 4
12 4
0 4
4 4
1 4
8 5
1 4
5 5
0 4
16 5
0 4
4 4
0 4
8 4
0 4
4 4
1 4
12 5
1 4
5 5
0 4
8 5
0 4
5 4
0 4
20 5
0 4
4 4
0 4
8 4
0 4
4 4
0 4
12 4
0 4
5 4
0 4
8 5
0 4
4 4
0 4
16 4
0 4
4 4
0 4
8 4
0 4
4 4
1 4
12 5
0 4
4 4
1 4
9 5
0 4
5 4
0 4
24 6
0 4
4 4
0 4
8 4
0 4
4 4
0 4
12 4
0 4
4 4
0 4
8 4
1 4
4 5
0 4
16 4
1 4
5 5
0 4
8 5
1 4
4 5
0 4
12 4
0 4
4 4
0 4
9 4
0 4
5 4
0 4
20 6
0 4
4 4
1 4
8 5
1 4
4 5
0 4
12 4
1 4
4 5
0 4
8 4
0 4
5 4
0 4
16 5
0 4
4 4
1 4
10 5
1 4
4 5
0 4
12 6
2 4
4 6
0 4
8 4
0 4
4 4
0 4
28 4
0 4
4 4
0 4
8 4
0 4
4 4
0 4
12 4
0 4
4 4
0 4
8 4
0 4
5 4
0 4
16 5
0 4
4 4
0 4
9 4
0 4
4 4
0 4
12 5
0 4
4 4
1 4
8 5
0 4
4 4
0 4
20 4
0 4
4 4
0 4
8 4
0 4
4 4
0 4
12 4
0 4
4 4
0 4
8 4
0 4
6 4
1 4
16 7
1 4
4 5
0 4
8 4
0 4
4 4
0 4
12 4
0 4
4 4
0 4
8 4
0 4
5 4
0 4
24 5
0 4
4 4
0 4
9 4
1 4
5 5
0 4
12 6
0 4
4 4
0 4
8 4
0 4
5 4
0 4
16 5
0 4
4 4
0 4
8 4
0 4
4 4
0 4
12 4
1 4
4 5
0 4
8 4
1 4
4 5
0 4
20 4
0 4
4 4
0 4
8 4
0 4
4 4
0 4
12 4
0 4
4 4
0 4
8 4
1 4
4 5
0 4
16 4
0 4
4 4
0 4
8 4
1 4
4 5
0 4
13 4
0 4
5 4
0 4
8 5
0 4
4 4
0 4
36 1
2
0 4
4 0
256
0 4
4 4
0 4
8 4
0 4
5 4
0 4
12 5
0 4
5 4
0 4
9 5
0 4
4 4
1 4
16 6
0 4
4 4
1 4
8 5
0 4
4 4
2 4
12 6
0 4
4 4
0 4
8 4
0 4
4 4
1 4
20 5
0 4
4 4
0 4
8 4
0 4
4 4
1 4
12 5
0 4
4 4
0 4
8 4
0 4
4 4
0 4
16 4
0 4
4 4
0 4
8 4
0 4
4 4
0 4
12 4
0 4
4 4
0 4
8 4
0 4
4 4
1 4
24 5
0 4
4 4
1 4
8 5
0 4
4 4
0 4
12 4
0 4
5 4
0 4
8 5
0 4
4 4
1 4
16 5
0 4
4 4
0 4
8 4
0 4
5 4
0 4
12 5
1 4
5 5
0 4
8 5
0 4
4 4
0 4
20 4
0 4
5 4
1 4
9 6
0 4
5 4
1 4
12 7
0 4
4 4
1 4
8 5
0 4
4 4
1 4
16 5
1 4
4 5
0 4
10 4
1 4
4 5
0 4
13 6
0 4
4 4
0 4
8 4
0 4
4 4
0 4
28 5
0 4
4 4
0 4
8 4
0 4
4 4
1 4
12 5
0 4
4 4
0 4
8 4
0 4
4 4
0 4
16 4
0 4
4 4
0 4
8 4
0 4
4 4
0 4
12 4
0 4
5 4
0 4
8 5
0 4
4 4
1 4
20 5
0 4
4 4
1 4
8 5
0 4
4 4
0 4
12 4
1 4
4 5
2 4
8 6
0 4
4 4
0 4
16 4
0 4
4 4
0 4
8 4
0 4
4 4
0 4
13 4
0 4
4 4
0 4
8 4
0 4
4 4
0 4
24 5
0 4
4 4
0 4
8 4
0 4
5 4
0 4
13 5
0 4
5 4
0 4
8 5
0 4
4 4
0 4
16 5
1 4
4 5
0 4
8 4
0 4
4 4
0 4
12 4
0 4
4 4
0 4
8 4
0 4
4 4
0 4
22 4
0 4
4 4
0 4
8 4
1 4
4 5
0 4
12 4
0 4
4 4
0 4
8 4
1 4
4 5
0 4
16 4
1 4
4 5
0 4
8 4
0 4
4 4
0 4
12 4
0 4
4 4
0 4
8 4
0 4
5 4
0 4
32 3
64
0 4
4 4
0 4
9 4
1 4
4 5
1 4
13 6
0 4
4 4
0 4
8 4
0 4
5 4
0 4
16 6
0 4
4 4
0 4
8 4
0 4
4 4
0 4
12 4
0 4
4 4
0 4
8 4
0 4
4 4
0 4
20 4
1 4
4 5
0 4
8 4
0 4
4 4
1 4
12 5
0 4
4 4
1 4
8 5
0 4
4 4
0 4
16 4
0 4
4 4
0 4
8 4
1 4
4 5
0 4
13 4
0 4
4 4
0 4
9 4
0 4
4 4
0 4
24 2
2
0 4
4 0
256
0 4
4 4
0 4
8 4
0 4
5 4
2 4
12 7
1 4
4 5
1 4
8 5
0 4
4 4
1 4
16 5
0 4
4 4
0 4
8 4
0 4
4 4
0 4
12 4
1 4
4 5
0 4
8 4
0 4
4 4
2 4
20 6
0 4
4 4
0 4
8 4
0 4
4 4
0 4
12 4
0 4
4 4
0 4
8 4
0 4
5 4
0 4
17 5
0 4
4 4
1 4
8 5
0 4
4 4
1 4
12 5
0 4
4 4
1 4
8 5
0 4
4 4
0 4
24 5
0 4
4 4
0 4
8 4
0 4
5 4
0 4
12 5
0 4
4 4
0 4
8 4
0 4
4 4
0 4
16 4
0 4
4 4
0 4
8 4
0 4
4 4
0 4
13 4
0 4
4 4
0 4
8 4
0 4
5 4
0 4
20 6
0 4
4 4
0 4
9 4
0 4
4 4
1 4
12 6
0 4
4 4
0 4
8 4
0 4
4 4
0 4
17 4
0 4
5 4
1 4
9 6
1 4
4 5
0 4
12 5
1 4
4 5
0 4
8 4
0 4
4 4
0 4
28 5
0 4
4 4
0 4
8 4
0 4
4 4
0 4
12 4
1 4
4 5
0 4
8 4
0 4
4 4
0 4
16 4
1 4
4 5
0 4
8 4
0 4
4 4
0 4
12 4
1 4
5 5
1 4
8 6
0 4
4 4
1 4
20 5
0 4
4 4
0 4
8 4
0 4
4 4
0 4
12 4
1 4
4 5
1 4
8 5
1 4
4 5
0 4
16 4
0 4
4 4
1 4
8 5
2 4
5 6
0 4
13 5
1 4
5 5
1 4
9 6
0 4
4 4
2 4
24 8
0 4
4 4
0 4
8 4
1 4
4 5
0 4
12 4
0 4
4 4
0 4
8 4
1 4
5 5
0 4
16 5
0 4
5 4
0 4
8 5
0 4
4 4
0 4
12 4
0 4
4 4
0 4
8 4
0 4
4 4
0 4
20 4
0 4
4 4
0 4
9 4
0 4
4 4
0 4
12 5
1 4
4 5
0 4
8 4
0 4
4 4
0 4
16 4
0 4
7 4
0 4
8 7
0 4
4 4
0 4
12 4
0 4
5 4
0 4
8 5
0 4
4 4
0 4
32 0
32
0 4
4 4
0 4
8 4
0 4
5 4
1 4
12 6
0 4
4 4
0 4
8 4
0 4
4 4
0 4
16 4
0 4
4 4
0 4
8 4
0 4
4 4
0 4
13 4
0 4
4 4
0 4
9 4
0 4
4 4
0 4
20 2
32
0 4
4 4
0 4
8 4
0 4
4 4
1 4
12 5
0 4
4 4
1 4
8 5
0 4
4 4
0 4
16 4
0 4
4 4
0 4
8 4
0 4
4 4
0 4
12 4
0 4
4 4
0 4
8 4
0 4
4 4
0 4
20 0
256
1 4
4 5
1 4
8 5
2 4
5 6
0 4
12 5
0 4
4 4
0 4
8 4
0 4
4 4
1 4
16 5
1 4
4 5
0 4
8 4
1 4
4 5
1 4
12 5
0 4
4 4
1 4
8 5
0 4
4 4
0 4
20 4
1 4
4 5
0 4
8 4
0 4
4 4
1 4
12 5
0 4
4 4
0 4
8 4
0 4
4 4
1 4
16 5
0 4
5 4
0 4
8 5
1 4
4 5
0 4
12 4
0 4
4 4
0 4
10 4
2 4
4 6
0 4
24 6
0 4
4 4
0 4
8 4
0 4
7 4
1 4
12 8
0 4
4 4
0 4
8 4
1 4
5 5
0 4
16 5
0 4
5 4
2 4
8 7
0 4
4 4
0 4
13 4
0 4
4 4
0 4
8 4
0 4
4 4
0 4
20 5
0 4
4 4
0 4
8 4
0 4
5 4
0 4
12 5
0 4
6 4
0 4
10 6
0 4
4 4
1 4
16 7
0 4
4 4
0 4
8 4
0 4
4 4
0 4
12 4
0 4
4 4
0 4
8 4
0 4
4 4
0 4
28 4
0 4
4 4
0 4
8 4
0 4
4 4
0 4
12 4
0 4
5 4
0 4
8 5
1 4
4 5
0 4
17 4
0 4
4 4
0 4
8 4
0 4
4 4
0 4
12 4
0 4
4 4
0 4
8 4
0 4
5 4
0 4
20 6
1 4
4 5
0 4
9 4
0 4
4 4
0 4
14 5
0 4
4 4
0 4
8 4
2 4
4 6
0 4
16 6
0 4
4 4
0 4
8 4
0 4
4 4
0 4
13 4
0 4
4 4
0 4
8 4
0 4
4 4
0 4
24 5
0 4
4 4
0 4
9 4
0 4
5 4
0 4
12 6
1 4
5 5
0 4
8 5
0 4
4 4
0 4
16 4
0 4
4 4
0 4
8 4
0 4
4 4
0 4
12 4
0 4
4 4
0 4
10 4
0 4
6 4
1 4
20 9
0 4
4 4
0 4
8 4
0 4
4 4
0 4
13 4
0 4
4 4
0 4
9 4
0 4
4 4
0 4
16 6
0 4
4 4
1 4
9 5
0 4
4 4
0 4
12 5
0 4
5 4
0 4
8 5
0 4
4 4
0 4
32 0
512
0 4
4 4
0 4
8 4
0 4
4 4
0 4
12 4
0 4
4 4
0 4
8 4
0 4
4 4
0 4
16 4
0 4
4 4
0 4
8 4
0 4
4 4
0 4
12 4
0 4
4 4
0 4
11 4
0 4
4 4
0 4
20 7
0 4
4 4
0 4
8 4
0 4
4 4
0 4
12 4
0 4
4 4
1 4
8 5
0 4
4 4
0 4
16 4
0 4
4 4
0 4
10 4
0 4
4 4
0 4
12 6
0 4
4 4
0 4
8 4
0 4
4 4
1 4
24 5
1 4
4 5
0 4
8 4
0 4
4 4
0 4
12 4
0 4
4 4
0 4
8 4
0 4
4 4
0 4
16 4
0 4
4 4
0 4
9 4
0 4
5 4
0 4
12 6
0 4
4 4
0 4
8 4
0 4
5 4
0 4
20 5
0 4
4 4
0 4
8 4
0 4
5 4
0 4
13 5
0 4
5 4
0 4
8 5
0 4
4 4
0 4
16 5
0 4
4 4
0 4
8 4
0 4
4 4
0 4
13 4
0 4
4 4
0 4
8 4
0 4
5 4
0 4
28 6
0 4
4 4
0 4
8 4
0 4
4 4
0 4
12 4
1 4
4 5
0 4
8 4
0 4
4 4
0 4
16 4
0 4
4 4
0 4
8 4
0 4
4 4
0 4
12 4
1 4
4 5
0 4
8 4
0 4
4 4
0 4
21 4
0 4
4 4
0 4
10 4
1 4
4 5
0 4
12 6
1 4
4 5
0 4
8 4
0 4
5 4
0 4
16 5
0 4
6 4
0 4
8 6
0 4
4 4
0 4
12 4
1 4
4 5
0 4
8 4
0 4
4 4
0 4
25 5
0 4
4 4
0 4
8 4
1 4
4 5
0 4
12 4
0 4
5 4
0 4
8 5
2 4
6 6
0 4
18 6
0 4
4 4
0 4
8 4
2 4
4 6
0 4
12 4
0 4
5 4
0 4
8 5
0 4
4 4
0 4
20 6
0 4
5 4
0 4
8 5
0 4
5 4
2 4
12 7
1 4
4 5
0 4
8 4
0 4
4 4
0 4
16 4
0 4
4 4
0 4
9 4
2 4
4 6
0 4
12 5
0 4
5 4
0 4
9 5
0 4
4 4
0 4
33 6
0 4
6 4
0 4
8 6
0 4
5 4
0 4
12 5
0 4
5 4
0 4
8 5
0 4
5 4
0 4
16 5
0 4
5 4
0 4
8 5
0 4
5 4
1 4
12 6
2 4
4 6
0 4
8 4
1 4
5 5
0 4
20 5
0 4
4 4
0 4
9 4
0 4
5 4
0 4
12 6
0 4
5 4
0 4
8 5
0 4
4 4
1 4
18 5
0 4
4 4
0 4
8 4
0 4
4 4
1 4
12 5
1 4
4 5
0 4
8 4
0 4
5 4
0 4
24 7
0 4
4 4
0 4
8 4
0 4
4 4
0 4
12 4
0 4
4 4
0 4
9 4
0 4
4 4
0 4
16 5
0 4
4 4
0 4
8 4
0 4
4 4
0 4
12 4
0 4
4 4
0 4
8 4
0 4
5 4
0 4
20 5
1 4
4 5
0 4
9 4
1 4
4 5
0 4
12 5
0 4
4 4
0 4
8 4
1 4
4 5
0 4
17 4
0 4
4 4
0 4
8 4
1 4
4 5
0 4
12 4
0 4
4 4
0 4
8 4
0 4
4 4
0 4
28 5
0 4
4 4
0 4
9 4
0 4
4 4
0 4
12 5
1 4
4 5
0 4
8 4
0 4
4 4
0 4
16 4
1 4
4 5
1 4
9 5
0 4
5 4
1 4
12 7
0 4
4 4
0 4
9 4
0 4
4 4
0 4
22 5
1 4
4 5
0 4
8 4
0 4
4 4
1 4
12 5
0 4
4 4
0 4
8 4
0 4
4 4
0 4
16 4
1 4
4 5
0 4
9 4
0 4
4 4
0 4
12 5
0 4
4 4
0 4
8 4
0 4
4 4
0 4
25 6
0 4
5 4
1 4
9 6
0 4
7 4
0 4
12 8
0 4
4 4
0 4
9 4
1 4
4 5
0 4
16 5
0 4
4 4
1 4
8 5
0 4
4 4
0 4
12 4
0 4
4 4
0 4
8 4
0 4
4 4
0 4
20 4
0 4
4 4
0 4
8 4
0 4
4 4
0 4
12 4
1 4
4 5
0 4
8 4
0 4
5 4
0 4
16 5
1 4
5 5
1 4
8 6
0 4
4 4
0 4
12 4
0 4
4 4
0 4
8 4
0 4
4 4
1 4
36 3
128
0 4
4 4
0 4
8 4
0 4
4 4
1 4
12 5
0 4
4 4
0 4
9 4
0 4
5 4
1 4
16 7
0 4
5 4
0 4
9 5
0 4
4 4
0 4
12 5
0 4
4 4
0 4
8 4
0 4
4 4
0 4
20 4
0 4
5 4
0 4
8 5
0 4
4 4
0 4
12 4
1 4
4 5
0 4
8 4
1 4
6 5
0 4
16 6
0 4
4 4
0 4
8 4
0 4
5 4
0 4
12 5
0 4
5 4
0 4
8 5
2 4
5 6
0 4
24 5
0 4
4 4
0 4
9 4
0 4
4 4
0 4
12 5
1 4
4 5
0 4
8 4
1 4
5 5
0 4
16 5
1 4
4 5
1 4
8 5
0 4
4 4
0 4
13 4
0 4
4 4
0 4
8 4
0 4
4 4
0 4
20 5
0 4
4 4
0 4
9 4
0 4
4 4
0 4
12 5
1 4
4 5
0 4
8 4
1 4
4 5
0 4
16 4
0 4
4 4
0 4
8 4
0 4
5 4
1 4
12 6
0 4
4 4
0 4
9 4
1 4
4 5
0 4
28 1
32
0 4
4 4
1 4
8 5
0 4
4 4
3 4
14 7
0 4
5 4
1 4
8 6
0 4
4 4
0 4
16 6
0 4
4 4
0 4
8 4
1 4
5 5
0 4
12 5
0 4
4 4
3 4
8 7
0 4
5 4
0 4
20 1
64
0 4
4 4
0 4
9 4
0 4
4 4
1 4
13 6
1 4
4 5
1 4
8 5
0 4
4 4
0 4
16 5
0 4
4 4
0 4
8 4
0 4
4 4
0 4
12 4
0 4
5 4
1 4
8 6
0 4
4 4
1 4
20 5
0 4
4 4
0 4
8 4
0 4
4 4
0 4
12 4
1 4
4 5
0 4
8 4
0 4
4 4
0 4
17 4
0 4
4 4
0 4
8 4
1 4
4 5
0 4
12 4
0 4
4 4
1 4
8 5
0 4
4 4
0 4
24 1
512
0 4
6 4
0 4
8 6
0 4
5 4
0 4
12 5
1 4
4 5
0 4
8 4
0 4
5 4
0 4
16 5
0 4
4 4
0 4
8 4
0 4
4 4
0 4
12 4
0 4
4 4
0 4
8 4
0 4
5 4
0 4
20 5
0 4
6 4
0 4
8 6
0 4
4 4
0 4
12 4
0 4
4 4
0 4
8 4
0 4
4 4
0 4
16 4
0 4
5 4
0 4
8 5
0 4
4 4
1 4
12 5
0 4
5 4
0 4
8 5
0 4
4 4
0 4
24 4
1 4
4 5
0 4
8 4
0 4
5 4
0 4
12 5
0 4
4 4
0 4
8 4
1 4
4 5
0 4
16 4
0 4
4 4
0 4
8 4
0 4
4 4
0 4
13 4
0 4
4 4
0 4
8 4
0 4
4 4
0 4
21 5
0 4
4 4
0 4
8 4
0 4
4 4
0 4
12 4
0 4
4 4
0 4
8 4
0 4
6 4
0 4
16 6
1 4
4 5
1 4
8 5
1 4
4 5
0 4
12 4
0 4
4 4
0 4
8 4
0 4
4 4
0 4
28 5
0 4
4 4
0 4
8 4
0 4
5 4
0 4
12 5
0 4
4 4
0 4
8 4
0 4
4 4
0 4
16 4
0 4
4 4
0 4
8 4
0 4
4 4
0 4
12 4
0 4
4 4
0 4
8 4
0 4
4 4
0 4
20 4
0 4
4 4
0 4
8 4
0 4
4 4
0 4
12 4
0 4
5 4
0 4
9 5
1 4
4 5
1 4
16 6
0 4
4 4
0 4
8 4
2 4
4 6
0 4
12 4
0 4
4 4
0 4
8 4
0 4
4 4
0 4
24 4
0 4
5 4
0 4
8 5
1 4
5 5
0 4
12 5
0 4
5 4
0 4
8 5
0 4
4 4
1 4
16 5
0 4
5 4
0 4
8 5
0 4
4 4
0 4
12 4
1 4
4 5
0 4
8 4
0 4
4 4
2 4
20 6
0 4
4 4
0 4
8 4
0 4
4 4
0 4
13 4
0 4
4 4
0 4
8 4
0 4
4 4
0 4
16 5
0 4
4 4
1 4
8 5
0 4
4 4
0 4
13 4
0 4
5 4
0 4
8 5
1 4
4 5
0 4
32 5
0 4
4 4
1 4
8 5
1 4
4 5
0 4
12 4
0 4
4 4
1 4
9 5
0 4
4 4
0 4
16 5
0 4
4 4
2 4
8 6
0 4
4 4
0 4
12 4
0 4
6 4
0 4
8 6
0 4
4 4
0 4
20 4
0 4
4 4
0 4
8 4
0 4
4 4
0 4
12 4
0 4
4 4
1 4
9 5
0 4
4 4
0 4
16 5
0 4
4 4
0 4
10 4
0 4
4 4
1 4
12 7
0 4
4 4
0 4
8 4
0 4
4 4
0 4
24 4
0 4
4 4
1 4
8 5
0 4
4 4
0 4
12 4
1 4
4 5
0 4
8 4
0 4
4 4
1 4
17 5
0 4
4 4
0 4
8 4
0 4
5 4
1 4
12 6
0 4
5 4
0 4
8 5
0 4
4 4
0 4
20 5
0 4
4 4
1 4
8 5
1 4
4 5
0 4
12 4
0 4
4 4
0 4
8 4
0 4
4 4
1 4
16 5
0 4
4 4
0 4
8 4
0 4
4 4
0 4
13 4
0 4
4 4
0 4
9 4
0 4
4 4
0 4
28 6
2 4
6 6
0 4
8 6
0 4
4 4
0 4
12 4
0 4
5 4
0 4
9 5
1 4
4 5
0 4
16 5
0 4
4 4
0 4
8 4
1 4
5 5
1 4
13 6
0 4
4 4
0 4
8 4
0 4
5 4
0 4
20 6
1 4
4 5
0 4
8 4
0 4
4 4
1 4
13 5
0 4
4 4
0 4
8 4
0 4
5 4
0 4
16 6
1 4
4 5
1 4
9 5
1 4
4 5
0 4
12 5
2 4
4 6
0 4
9 4
0 4
5 4
0 4
24 6
0 4
4 4
1 4
8 5
0 4
4 4
0 4
12 4
0 4
4 4
0 4
8 4
0 4
4 4
0 4
16 4
1 4
4 5
0 4
8 4
0 4
4 4
0 4
12 4
0 4
4 4
0 4
8 4
0 4
4 4
0 4
20 4
1 4
4 5
0 4
8 4
1 4
4 5
1 4
12 5
0 4
4 4
0 4
9 4
0 4
4 4
0 4
16 5
0 4
4 4
0 4
8 4
1 4
5 5
1 4
13 6
0 4
4 4
0 4
10 4
0 4
5 4
1 4
36 5
512
0 4
4 4
0 4
8 4
0 4
4 4
0 4
12 4
0 4
4 4
0 4
9 4
0 4
5 4
0 4
17 6
0 4
4 4
0 4
8 4
0 4
5 4
0 4
12 5
0 4
4 4
0 4
8 4
0 4
4 4
0 4
20 5
0 4
4 4
0 4
8 4
0 4
4 4
0 4
12 4
0 4
5 4
0 4
8 5
0 4
4 4
1 4
16 5
0 4
4 4
1 4
8 5
0 4
4 4
0 4
12 4
1 4
4 5
0 4
9 4
0 4
4 4
0 4
24 5
1 4
4 5
0 4
8 4
0 4
4 4
1 4
12 5
0 4
4 4
0 4
8 4
0 4
5 4
0 4
16 5
0 4
5 4
1 4
8 6
0 4
4 4
0 4
12 4
0 4
4 4
0 4
8 4
0 4
4 4
0 4
20 4
0 4
4 4
0 4
9 4
0 4
4 4
0 4
12 5
0 4
4 4
0 4
8 4
0 4
4 4
0 4
16 4
0 4
4 4
0 4
8 4
0 4
4 4
0 4
12 4
0 4
4 4
1 4
8 5
0 4
4 4
0 4
29 4
1 4
4 5
1 4
8 5
0 4
6 4
0 4
13 6
0 4
5 4
0 4
8 5
0 4
4 4
0 4
16 5
0 4
6 4
0 4
8 6
0 4
4 4
0 4
12 4
0 4
4 4
0 4
9 4
0 4
5 4
2 4
20 8
0 4
4 4
0 4
8 4
1 4
4 5
0 4
13 4
0 4
4 4
0 4
8 4
1 4
5 5
0 4
16 6
0 4
4 4
0 4
8 4
0 4
5 4
1 4
13 6
0 4
4 4
0 4
9 4
1 4
4 5
0 4
24 6
0 4
5 4
0 4
8 5
0 4
4 4
0 4
12 4
0 4
4 4
0 4
8 4
1 4
4 5
0 4
16 4
0 4
4 4
0 4
8 4
1 4
5 5
0 4
12 5
0 4
5 4
0 4
8 5
0 4
4 4
0 4
20 4
0 4
4 4
0 4
9 4
1 4
4 5
0 4
12 5
0 4
4 4
0 4
8 4
0 4
4 4
0 4
16 4
1 4
5 5
0 4
9 5
0 4
4 4
0 4
12 5
1 4
4 5
0 4
9 4
0 4
4 4
0 4
32 6
0 4
4 4
0 4
8 4
1 4
4 5
0 4
12 4
0 4
4 4
1 4
9 5
0 4
4 4
0 4
16 5
0 4
4 4
0 4
8 4
0 4
4 4
2 4
12 6
0 4
4 4
0 4
8 4
1 4
4 5
0 4
21 4
0 4
5 4
0 4
8 5
0 4
4 4
0 4
12 4
0 4
4 4
0 4
8 4
0 4
4 4
1 4
16 5
0 4
5 4
1 4
8 6
0 4
4 4
0 4
12 4
0 4
4 4
0 4
8 4
0 4
4 4
0 4
24 5
0 4
4 4
1 4
8 5
0 4
4 4
0 4
12 4
0 4
4 4
0 4
8 4
0 4
4 4
0 4
17 4
0 4
4 4
0 4
8 4
0 4
4 4
0 4
12 4
0 4
4 4
0 4
8 4
0 4
5 4
0 4
20 6
0 4
4 4
0 4
11 4
0 4
4 4
0 4
13 7
0 4
5 4
0 4
8 5
0 4
4 4
0 4
16 5
1 4
4 5
0 4
8 4
0 4
7 4
1 4
12 8
0 4
4 4
0 4
8 4
0 4
4 4
0 4
29 4
2 4
4 6
0 4
8 4
1 4
5 5
0 4
13 5
0 4
4 4
1 4
8 5
0 4
5 4
0 4
16 6
0 4
4 4
0 4
8 4
0 4
4 4
1 4
12 5
1 4
4 5
0 4
8 4
1 4
4 5
1 4
20 5
0 4
6 4
0 4
8 6
0 4
4 4
0 4
13 4
0 4
4 4
0 4
9 4
0 4
4 4
1 4
16 7
0 4
4 4
0 4
8 4
0 4
4 4
0 4
12 4
0 4
4 4
0 4
10 4
0 4
4 4
1 4
24 7
0 4
4 4
0 4
9 4
0 4
4 4
0 4
13 5
0 4
4 4
0 4
8 4
0 4
4 4
0 4
17 5
0 4
4 4
0 4
8 4
0 4
4 4
1 4
12 5
1 4
4 5
0 4
8 4
1 4
4 5
0 4
20 5
2 4
4 6
0 4
8 4
0 4
4 4
0 4
12 4
0 4
5 4
0 4
8 5
3 4
4 7
0 4
17 4
1 4
4 5
0 4
8 4
0 4
5 4
0 4
12 5
0 4
4 4
0 4
8 4
1 4
4 5
0 4
36 2
8
0 4
4 4
0 4
9 4
0 4
4 4
1 4
12 2
