300 1000
276 66 285 216 256 210 157 142 123 241 101 219 158 13 80 144 271 225 112 24 14 265 244 165 260 295 74 298 164 34 115 161 133 268 122 263 46 163 152 243 118 81 208 102 154 146 258 211 195 221 203 47 104 171 56 224 137 286 223 239 257 89 182 245 267 227 126 1 180 187 282 231 76 132 160 166 53 23 229 159 300 91 266 204 84 217 27 233 255 32 197 113 150 249 149 18 39 49 78 100 95 69 41 254 99 79 15 170 60 7 279 287 237 36 57 121 196 178 128 105 72 131 297 61 294 296 30 29 77 28 230 192 205 55 151 191 110 202 177 222 236 168 6 82 189 35 4 93 75 176 277 64 58 292 12 22 51 21 92 11 138 226 62 50 52 54 33 155 206 299 96 273 259 214 31 148 173 48 228 86 185 87 278 201 20 248 213 162 5 45 153 134 120 119 143 83 88 109 73 288 183 190 240 280 63 97 200 169 140 70 130 10 85 262 194 43 37 234 199 275 8 174 232 167 117 139 94 40 270 274 198 147 124 293 125 220 107 186 67 127 25 98 251 235 145 116 261 247 71 289 156 250 252 284 184 242 209 181 179 291 26 207 281 215 129 283 16 111 65 290 238 19 9 188 269 135 68 103 175 114 90 264 38 193 59 212 17 141 253 42 3 246 272 108 218 136 2 172 44 106
35 116 675055153
15 288 547747940
267 259 767919729
177 69 364143780
138 292 920111756
57 271 213026532
237 1 68431904
268 32 997939219
261 91 364783201
105 294 798328456
225 109 352845137
2 211 915273929
26 283 186537063
163 189 154921747
212 290 832133775
80 134 790308140
81 142 709641120
59 10 92921332
277 40 705536036
186 219 119307579
42 224 602274407
121 280 783776593
11 295 101564143
111 64 497832574
296 90 551422190
12 279 152854286
75 55 396650622
68 24 504550389
36 199 427707391
74 145 694552413
234 231 429766588
171 36 626024140
266 189 37581945
162 185 829624601
247 141 718831606
71 273 568770275
232 223 43476651
190 214 295641948
241 185 103180055
181 228 479831171
292 136 54881303
178 28 518141988
31 160 571607380
27 222 119573259
193 26 362536553
189 56 562365332
101 276 688383765
145 80 767631934
165 224 552442971
248 232 884934497
290 175 708023122
271 272 78919480
217 261 22621803
47 222 349429608
84 106 208206651
237 268 279707140
273 234 446998277
54 138 536681442
183 17 957429337
196 204 333335056
127 289 280854194
300 200 290092708
144 245 623365746
73 181 790000896
141 94 614302559
287 11 450586160
45 148 951549406
95 231 671862382
55 192 136329736
283 30 123469381
139 169 533727789
24 276 246201284
3 59 748117627
155 8 594398441
70 4 499912762
203 80 96921837
51 20 539753087
123 54 798355559
269 238 813130039
293 77 249746385
252 24 803743051
187 212 589878575
114 263 91654855
21 239 139003541
92 206 410685846
125 89 111291372
291 30 861872843
123 267 399517888
159 258 217985116
278 75 923345056
192 68 208437076
94 135 402002263
23 269 296767379
109 210 541365952
213 154 744800372
213 115 206332965
256 190 588114936
141 265 296445113
84 60 806706608
17 143 409411207
294 267 253043883
183 218 67487435
58 15 852389677
6 161 480880940
211 17 549709665
295 118 712520470
289 110 544008158
58 294 933793562
231 113 341684503
112 248 993883676
47 226 214829292
37 111 884879808
137 210 389161378
171 250 659583795
186 205 550675055
154 86 20697818
131 125 898683754
102 20 566491580
222 221 139369775
71 269 864890411
133 136 505003006
15 4 666982574
186 69 657573368
80 188 698536934
140 207 925793554
204 242 995172635
86 1 885203550
103 206 82700268
28 135 886471397
230 104 321174905
17 18 553390270
104 269 278753198
23 137 580614389
194 89 41067177
136 134 502832417
25 134 733195537
19 71 423726965
216 258 831796358
12 267 543922955
174 131 118261442
67 243 17287939
127 71 734591612
33 114 116856494
131 129 670253175
100 144 688486855
236 94 596476430
278 46 537237254
263 300 968142727
11 13 205960503
264 233 474835022
20 227 188788718
234 15 833897858
152 160 679124298
42 14 492798746
161 166 52919019
272 163 979897882
38 215 27475900
177 122 859820426
158 251 706587149
232 144 252385579
139 283 293428112
287 38 834021001
53 299 513112016
278 219 250639608
131 182 13869423
82 50 871535767
261 225 519474929
240 122 943247971
102 62 945178732
198 46 204203823
223 108 241095240
159 116 722369058
215 119 266762324
133 189 287891671
48 139 347343522
69 100 87771456
75 116 162016140
66 88 747185686
203 137 16621531
264 86 87825012
217 34 592516522
163 211 839621402
136 292 838571776
244 140 74585480
178 127 54142212
25 31 895274201
244 53 441475387
52 125 475578834
171 222 241323820
227 257 201925483
287 266 940402324
154 65 255134173
124 91 714146544
51 183 444649207
89 266 550925921
252 8 865638583
74 154 493419945
224 33 630348148
150 24 170842252
98 205 827517316
97 80 740608520
210 232 269602214
193 111 560246426
237 39 131326700
210 112 134511898
253 132 706625400
151 122 234962915
282 284 349731021
298 61 828379191
266 118 319807236
135 283 665520192
78 102 226390796
40 126 295654099
111 24 670830585
22 294 770363868
260 291 792414983
37 268 396551688
285 293 448014607
8 235 228314865
35 254 897771651
78 24 881653941
271 260 109014181
152 178 417643873
83 278 220099332
276 59 366422240
267 37 125387735
194 58 622504836
173 179 669430791
104 156 972140821
294 300 303625589
285 155 275933180
172 221 712100763
178 71 407051754
152 177 471078758
265 93 393105901
273 285 375964742
200 236 502043878
157 86 659064893
201 109 341001167
90 241 999727652
169 116 997694085
186 18 684838123
110 278 358138646
290 126 271272732
17 57 402455696
76 213 373853525
218 293 606538498
274 102 897265646
154 90 816847750
172 287 498294519
127 1 513875439
134 161 370953063
214 240 162052600
213 163 848789108
253 149 798023398
144 87 243876663
43 152 429138949
214 163 827258261
210 204 891852877
132 154 240667090
214 287 183270313
155 236 76055643
210 135 373957487
285 169 640977427
58 16 307500009
115 160 751110954
212 232 731314841
57 107 216510819
300 269 638822906
27 116 898867593
196 176 731611314
195 256 657064935
226 45 602819671
215 82 664504410
126 67 593425374
96 225 565967702
113 295 759245904
75 243 605419166
116 80 763432362
39 169 690357042
72 195 635475720
76 267 497255664
243 224 90807896
97 253 890467719
229 44 521087668
74 78 159291627
6 211 958319427
165 265 934482503
52 97 713680853
1 80 351442015
290 292 146258709
187 15 741167201
8 264 301296051
79 105 887161529
290 274 648395265
4 179 166143198
272 66 390528570
157 207 497172734
235 24 732697590
62 73 543065123
181 151 940143009
261 146 511781317
19 9 94703334
85 246 716948976
282 148 611140696
126 162 633590253
113 4 725093395
237 260 693901239
242 24 263060927
61 93 898976748
277 146 260502676
120 24 897950465
141 151 537167921
243 198 168924985
220 243 96025478
10 217 300509723
139 284 663092093
225 264 982108846
260 78 828350278
44 269 89821398
40 100 610625357
229 97 496956539
133 205 342053208
142 276 486449686
36 208 582348591
43 80 567870359
22 65 276963553
119 206 765504535
124 120 352054915
239 164 568136401
51 276 498580151
108 238 72130375
231 233 206619089
157 283 611163414
160 162 719404630
153 176 444251414
113 50 159837925
122 101 831439561
232 208 762976442
298 45 786529426
181 68 343385410
30 162 1867060
29 93 873051406
100 248 59101078
254 228 537470503
271 227 749862469
46 136 281948781
265 237 298788305
47 126 653012988
35 284 902902466
201 155 930829116
60 223 615495060
157 192 161795143
274 232 376270754
5 93 642684177
87 204 545686051
157 95 884807333
41 39 634865897
62 2 215733441
119 128 130863371
83 293 269176127
283 138 7332701
102 75 597369010
167 107 371336857
100 45 75440796
75 64 29002513
75 182 378771736
243 144 73137705
268 8 87557926
36 31 767355848
293 211 515112911
92 55 16153899
294 160 770919801
141 251 291220120
179 11 599171215
143 4 440787581
254 250 819239864
262 258 222987830
41 178 770371046
134 150 653909809
207 4 860402641
19 61 923474382
224 23 34116342
100 251 802681282
74 175 102953105
64 134 699671779
270 203 97144319
81 204 42776856
16 120 952572295
89 178 212405332
299 284 409423232
91 19 37223470
98 32 218386418
130 117 261491379
269 102 882216394
230 173 399076917
193 288 922308821
238 3 226170670
231 6 9504956
32 64 863797298
10 143 682278956
94 258 192214536
193 26 363983759
55 295 348765547
104 135 735530453
86 264 284173388
95 42 582042742
226 86 841622047
168 271 677419468
129 241 881796925
88 191 146235017
4 171 164159848
55 239 126830618
214 83 732406668
83 69 410008076
38 237 430742801
69 38 190911793
286 189 745135039
152 206 599876183
281 201 676503251
158 300 924074640
151 230 281365654
130 2 947835214
272 173 78976519
209 119 906384356
252 167 178778900
105 220 8506575
300 162 402688608
164 211 557459476
192 191 657307449
44 144 254359261
63 149 996759240
121 26 122350438
84 49 903336804
275 48 98549705
116 27 953925498
97 69 887126051
207 244 550571223
123 266 331191573
238 112 291611284
141 32 11098288
219 283 519046070
280 35 111526543
232 21 537700963
136 127 743714714
213 74 272311541
118 247 353837614
277 284 894642425
115 103 74464725
98 109 165406445
294 141 643862680
125 1 628239309
192 213 436026434
233 201 731954312
257 255 760536875
232 7 271352714
294 274 109602068
245 118 488377470
198 104 2750061
294 250 763491566
92 190 715837341
38 225 888017980
204 113 653590652
16 19 527510438
150 27 581944168
179 184 704795815
245 190 163495362
26 105 143534756
33 56 551757424
174 105 4582069
39 186 222079537
183 60 275722762
169 258 495889746
34 113 392677289
118 137 366909920
219 178 270424709
231 247 351318182
174 219 786665255
205 191 971244735
4 34 773802748
57 146 350922685
124 97 182694868
277 169 18219096
3 143 264658235
198 287 254111947
48 82 145892357
242 222 82007578
197 209 605215606
182 106 3247195
230 122 750571988
51 188 416627388
246 202 598828179
272 104 405698842
188 172 405189974
21 254 682971679
100 199 931021123
135 110 565778797
6 275 115848499
288 231 26847586
1 102 893144802
216 97 686413947
219 241 505492082
245 36 714915930
63 242 794808301
129 174 779730466
32 267 396524770
153 161 834149354
176 225 944466992
148 17 597588795
24 196 291649872
228 175 511898767
239 104 476149925
177 223 211519907
117 93 824708384
241 85 786181312
171 34 564802990
150 278 935465322
297 183 774002453
191 33 555731139
250 229 793870858
69 240 725021967
262 269 47270662
270 83 564430718
273 82 632285747
164 66 651176128
57 18 715051203
29 50 542162122
55 20 439599585
222 293 749126786
229 90 173693042
240 210 30671953
150 280 79527274
255 156 350259202
40 169 24209760
18 166 595747018
93 218 716211263
281 143 706590220
134 56 900070925
45 189 965996044
46 298 232106932
54 267 549488012
249 66 923107998
9 137 445505673
185 103 853471845
233 152 403917484
13 14 369307936
140 227 510845612
73 61 523173145
268 162 892726998
119 296 371360113
208 85 490611430
59 10 440791947
238 73 536576996
133 298 297801432
77 196 864473854
30 231 105803516
123 94 130224796
66 23 406237913
192 110 367327179
134 168 432639656
129 204 715915354
266 293 797410192
300 175 992640933
279 42 873163249
253 266 412332035
171 66 681698648
131 59 292231792
164 14 404887487
169 84 437322262
94 262 495593636
175 243 636070448
168 83 640992758
5 208 666780301
72 80 782380035
272 250 561103236
50 185 257114927
228 262 219146914
137 257 222633741
127 69 371857680
269 217 954183471
35 107 168278930
1 276 594898765
230 203 251727992
170 292 122108182
228 121 413364746
209 186 613809152
243 24 612180261
258 43 487541174
83 298 825788662
160 231 474029786
280 209 966744909
143 189 790195619
245 107 209067784
284 45 761895718
50 73 502337663
52 111 748215425
218 148 105734424
71 56 151828931
132 29 114303959
47 167 212988131
91 113 541490643
40 225 441125792
249 132 6768210
269 82 900965274
187 278 745150246
172 212 428483597
79 286 960677375
230 13 291839932
259 108 881228436
294 203 70509863
190 134 702715119
110 89 8114312
159 263 246886401
224 244 160934783
261 158 776998693
198 80 864862229
226 236 213677240
99 129 533230337
267 164 934803382
300 19 162792489
100 126 87659662
200 181 381257080
272 59 662282925
231 270 216764374
300 231 826913209
295 54 267579037
112 235 43783040
182 4 871664563
236 109 954618738
44 85 606732477
203 286 39559691
60 281 128285227
29 202 496760505
89 23 378195708
216 7 607935626
138 75 307609370
284 277 949167616
239 10 618243760
37 39 326408926
264 117 536150754
116 27 240832925
214 242 335344201
273 50 860212187
3 14 421349518
250 242 965633624
40 283 58904469
254 223 703397059
179 233 510779286
40 162 421188500
271 201 366210313
280 77 6291393
34 35 902583151
227 270 533924663
5 253 457829231
273 151 572937363
60 87 39516588
77 235 975330396
264 53 408027598
119 152 736462618
46 127 709527110
42 215 807438940
221 255 948840642
199 297 900729037
9 273 366252752
111 35 541109788
34 150 160786377
224 25 35198094
190 79 65143743
163 268 7209685
103 276 31824037
251 101 574544933
249 4 999309662
44 110 45616633
111 85 533063974
200 65 366047318
180 137 91577395
149 276 468555653
108 162 624725452
118 50 654736924
231 127 583470614
277 24 709219536
74 186 292338042
137 180 927771549
128 208 95185332
238 201 339111234
135 211 725961610
263 121 269052873
285 98 181491361
290 58 450388511
194 208 483323219
217 240 465790557
88 61 877855697
210 90 905790857
161 154 714459934
47 11 616411028
6 206 778732336
255 242 138333269
300 96 451537814
260 113 910532275
14 104 420915048
289 112 22035907
208 280 736480365
191 244 416940722
206 61 927321949
221 149 646274937
35 119 793607957
192 231 267752579
89 72 354983471
147 191 941834073
166 225 229481898
180 149 773746001
40 235 536389863
106 294 913993546
206 204 825302870
265 34 687442805
236 263 304533691
37 230 899083269
101 139 127050005
83 62 18287499
30 251 549368530
15 289 25159647
263 159 750066604
183 16 542701699
147 211 114385683
186 4 303364628
44 250 980243887
165 233 311963277
210 267 458258109
276 24 623363938
194 124 381489852
110 206 309696594
297 4 742519238
255 225 835504842
65 237 568583126
192 183 247041194
257 61 928377402
117 216 346870979
243 178 39155302
300 35 302532419
187 147 240750621
95 253 142254182
242 165 284945502
132 78 230392537
291 164 953562939
24 271 682817679
49 232 716698428
65 141 700619151
102 267 185377039
282 23 189033983
18 29 742229928
194 247 618764553
169 2 136086280
162 284 249917414
224 66 190433935
134 28 733130362
166 287 521964665
50 222 438393
218 261 267693656
129 226 813645801
66 257 333018464
36 73 78859522
8 17 598840656
176 149 598648135
244 86 693927384
270 139 929521219
157 53 441933832
222 233 449257748
91 270 682006534
81 35 636895704
9 68 214872367
248 197 607596052
58 46 733600700
133 288 667545885
48 130 801927684
105 44 173602910
76 142 295980252
287 203 305203052
109 244 426227888
239 93 857708006
26 235 710562164
185 164 900429101
33 113 5860019
182 90 304219553
42 24 710107701
103 153 343760095
235 269 197486916
192 246 143697627
32 270 281820100
69 160 269381116
70 81 819391238
110 270 881681627
104 86 478472528
185 277 818217356
128 54 839021645
59 208 615689934
170 71 364465391
179 133 51372994
7 66 768143454
147 258 259506723
299 188 229515441
251 63 631102102
131 191 46513071
11 30 731930693
268 235 810040940
60 223 462510243
28 222 650897011
119 52 470528032
90 152 452407888
39 215 55108916
299 111 500561002
145 173 832203598
195 186 108494223
261 278 71418427
120 199 169713961
4 286 882506415
220 267 559266755
270 228 593629462
200 263 619392129
67 15 774215059
207 119 592541874
38 9 842136301
161 31 57140684
90 162 334164154
111 127 195112992
203 185 734833791
196 247 516084581
284 268 451655364
19 290 480400389
262 134 958476318
54 66 583994862
142 173 287652252
213 53 379294483
256 217 165305701
247 78 110495373
87 58 469525480
26 29 825176068
247 271 497095167
209 143 242697060
288 128 594470000
202 190 766147662
103 295 937176865
186 221 696828454
201 298 507816995
191 256 22601578
91 247 886118269
119 207 157421934
24 119 477660536
144 222 625776271
134 287 55265485
280 56 878737760
94 50 987013193
49 108 131960751
176 166 12465046
174 155 289947565
205 33 167197464
134 157 119935939
9 128 906653025
183 199 407716064
300 288 164555083
122 110 439506888
146 240 914006067
265 169 628845866
155 33 449225501
156 111 938847622
262 88 690408806
225 258 710491143
135 259 460956616
160 7 343262037
7 210 404765327
100 10 255800961
40 285 868801806
58 167 511699779
244 82 257177879
114 246 874925523
242 224 65695344
134 47 477173524
131 271 697258302
184 220 891216688
243 206 308947182
170 31 801323697
47 24 280584269
130 279 585293031
137 278 107188491
287 133 101995145
300 281 669946850
130 235 892360274
165 286 280409766
85 214 332233909
244 138 278534565
210 85 625451907
131 274 818530292
117 239 223752633
250 119 539670534
25 69 282597813
29 83 220864280
223 241 500559460
9 5 505047613
101 276 267867862
276 96 629163721
119 171 957297987
286 64 565690222
133 165 481692905
53 111 12593027
264 32 9597157
270 186 420751035
275 117 727234214
151 20 779518049
120 274 810526882
125 197 44333516
185 260 183448578
296 168 51435824
90 207 109866506
227 178 666028630
191 272 289401755
39 255 662300191
157 41 279997018
132 104 133766921
93 258 638093681
57 203 543722878
55 59 600020328
259 99 266081807
250 175 770808590
20 175 829047348
125 290 336843910
56 246 829165984
57 263 572211534
75 211 448299054
111 174 62122206
149 42 975002921
86 103 168014699
142 298 955376941
238 209 481661160
156 28 661544528
151 235 234089180
4 114 311744643
167 56 782967393
101 149 418232672
80 49 886308121
267 230 173342214
37 75 633426773
213 196 716936811
166 246 963927275
184 70 181081302
123 244 388967336
127 144 60457947
140 170 567958953
65 106 342668235
26 92 514111421
127 131 339292226
81 156 334480214
72 106 682948557
261 31 918830683
285 126 921655244
258 20 774902852
89 251 805647905
284 91 597762245
175 33 324671805
245 248 866086730
125 57 33404912
39 274 198224534
160 38 896799791
14 101 509724506
71 173 400974142
42 116 538477828
244 145 468659587
242 114 496878094
285 70 885591831
200 83 552478924
138 208 962217720
234 219 789176494
283 54 935826152
54 70 178086424
249 150 728497514
299 180 780804741
267 217 199065202
267 238 834127455
215 137 16283883
48 51 581621026
231 256 823459166
54 240 399942967
8 289 133027832
292 5 634692765
272 8 549162734
291 80 783085743
68 222 227721355
7 95 872566830
13 14 893689907
9 57 192439814
132 113 958281273
242 169 508545468
297 234 146027672
32 152 842559178
188 101 961245832
157 237 637661875
107 153 918363914
204 110 162095747
122 104 10064514
163 141 594360589
52 276 6816053
278 186 592470617
