500 1000
477 357 235 138 413 155 7 394 200 328 468 97 95 467 62 100 326 429 377 489 25 392 192 24 412 73 248 241 1 171 422 488 340 84 292 213 388 495 29 65 39 140 32 267 132 83 206 46 98 430 356 259 360 124 448 112 347 34 300 398 439 272 346 341 51 252 177 203 376 472 17 349 56 270 333 179 12 250 21 404 280 317 176 144 355 240 175 284 45 350 5 283 375 210 220 40 281 314 452 455 246 383 119 298 379 408 306 247 214 271 465 361 131 354 339 410 59 492 234 496 490 208 196 434 50 152 27 427 464 258 129 409 158 55 157 337 96 30 92 80 127 120 456 111 66 215 459 216 445 10 476 323 260 14 143 251 432 318 348 104 116 212 312 236 444 70 421 18 169 441 8 63 189 403 483 3 173 462 498 285 172 390 113 52 291 154 359 159 167 370 197 296 142 332 255 163 438 309 188 185 41 148 233 160 473 23 38 81 237 293 156 69 319 170 19 316 433 128 485 13 288 391 211 342 303 393 187 130 53 191 417 232 219 42 78 371 229 182 186 195 209 145 165 71 174 79 105 91 184 28 205 381 368 37 324 399 435 60 231 327 275 68 253 43 162 386 16 352 297 168 44 437 181 228 190 313 479 419 322 114 301 344 57 15 6 161 108 135 494 450 287 242 343 33 466 9 362 180 482 282 61 453 321 447 262 58 353 249 224 4 385 150 493 364 407 153 406 286 499 405 425 87 89 474 500 141 86 400 35 149 276 367 88 72 378 268 85 194 436 82 365 47 451 331 351 426 22 139 457 289 102 310 478 424 183 401 256 431 20 117 273 67 218 49 126 26 74 279 90 269 335 373 458 366 121 125 243 395 486 277 134 239 460 244 199 420 461 414 315 402 380 164 64 11 294 302 222 133 363 106 198 497 147 2 207 311 382 202 442 123 226 397 99 471 329 178 137 265 290 266 230 238 261 122 305 278 396 146 36 245 345 304 77 307 204 463 428 320 491 54 470 299 481 389 411 446 136 449 338 416 151 384 423 415 225 101 334 257 469 484 336 374 115 274 223 110 325 254 107 93 76 487 475 263 166 75 480 109 418 103 443 330 358 221 295 193 48 369 118 440 94 227 372 264 201 454 308 387 31 217
465 481 656449795
194 105 26523213
82 139 804038278
278 13 997401385
388 434 903030499
98 433 839470454
330 404 322566370
374 365 864418921
442 468 918462135
305 468 304422811
109 411 678945551
275 350 374896910
202 365 103483553
270 144 300927183
445 355 198795014
273 73 786654459
119 2 785765725
408 349 14479660
344 412 900259404
150 354 493252861
53 420 857574607
142 314 336402187
475 78 936810325
344 473 55133371
52 317 131143575
421 115 361312022
274 131 336691394
293 146 489260284
410 271 316554652
179 468 496123226
67 436 99732308
2 322 205364369
379 310 354353223
248 38 911561321
397 257 910144135
450 60 77253605
90 256 87374823
424 477 34652885
223 462 73567601
131 228 173813015
362 392 352001779
289 265 416179425
419 373 58789735
91 2 824439185
251 454 176159254
460 255 518000631
151 187 969011850
257 160 496318045
157 117 178183190
99 225 959403282
264 51 458697147
189 119 789356641
170 440 741700671
146 348 701109379
394 471 546563884
292 72 797595750
286 410 819262824
389 444 134023354
245 104 712362496
348 43 143220250
467 283 632206145
102 240 784908352
25 469 825036320
81 402 117576918
150 451 220249630
317 83 252859225
52 471 452985808
331 21 717964110
455 40 139705323
288 14 151138252
437 15 528072032
327 372 201053270
354 348 416933487
49 348 887050468
328 464 954021462
368 81 901305384
366 439 47438244
399 468 412635579
385 245 60625877
253 148 973969849
301 131 78957240
281 455 399249843
305 472 49926851
395 430 924648267
380 339 84210322
225 167 711709887
325 348 729837275
43 431 459391894
452 80 615450737
46 240 358479099
97 395 908877389
423 295 560544168
162 254 161145811
166 68 258649219
454 359 232311512
447 347 156842341
76 73 677905290
149 112 64709492
283 190 206214790
205 430 562506440
169 487 480180346
237 59 464870256
122 361 167565410
448 480 174911
343 441 326945291
25 128 356052595
32 212 688387994
20 188 997475543
495 133 321694330
367 338 21181130
457 137 249070813
388 383 271151582
71 44 298733796
151 275 108633372
334 1 153536392
276 7 768056998
329 122 321102717
193 342 923853404
334 19 454361976
122 163 714862595
118 385 967226566
303 289 178007417
433 188 762559076
123 451 398895126
320 140 410991839
88 92 970590272
384 253 145625384
91 9 376137289
243 195 253673143
401 74 867091410
108 9 700319643
161 480 391637188
448 214 363575131
388 346 573427300
134 457 565228188
408 106 576352585
44 81 400648597
12 278 124835489
415 381 394638733
392 385 911983764
354 183 507742881
183 327 915859766
129 368 864486206
382 281 619140071
254 387 608143333
385 170 4128672
443 155 975739795
141 399 727959770
83 350 839113513
485 201 970369799
218 382 202335129
232 234 416591158
480 71 858726586
290 93 485056694
390 291 473419672
321 163 84575542
18 319 603170101
56 93 640871532
105 193 714451988
277 344 946574150
300 21 482991721
50 312 87253894
105 267 363514399
8 435 71539388
322 223 374402708
426 164 222869531
224 330 439895405
151 434 282955211
202 312 510157303
433 171 357252597
72 457 866922066
48 381 113676476
194 167 59970137
496 96 940362934
329 200 947816810
481 473 890126593
234 466 256143865
234 5 950986333
365 121 474150701
271 295 618736854
159 315 783164820
370 165 2799124
472 464 377627222
195 405 460438583
96 499 816122419
113 345 865983910
120 252 933430549
352 382 319328655
57 140 272660153
106 114 803783801
327 368 580156439
435 222 982515472
311 57 464207085
450 406 323946690
303 99 942300008
356 52 641240775
330 352 806704956
220 366 862349201
448 153 33300352
236 406 574352477
240 245 95091538
297 5 552251767
7 6 518360720
304 113 4510429
494 10 256472520
409 132 766478099
33 187 973636846
20 285 613862824
216 288 188570688
434 392 80854175
324 398 781510410
61 243 962039981
308 351 608251543
378 57 964975689
397 211 136555504
104 304 281037524
413 244 551373197
288 496 209663315
389 406 990226549
183 254 283840801
429 12 172886654
49 351 320280009
6 378 167265183
471 440 895347469
42 271 587422191
54 330 669869737
25 123 96787860
135 175 619855971
418 473 564789568
422 249 983257388
280 129 650212790
4 468 766610233
249 137 930901026
108 52 369897425
242 263 33390012
417 463 728481895
465 340 421400872
462 23 21871280
385 281 885622118
497 108 642469625
40 482 169080206
258 136 715198426
388 47 96227811
80 321 456581088
255 163 533839955
340 348 973462143
183 227 92005410
37 273 557918453
436 249 719706277
441 372 94408947
43 473 786905111
412 360 499642317
139 92 694738852
411 341 998316676
147 102 49513626
305 283 422394315
169 170 125311030
207 141 978113180
148 9 446204594
266 89 254626447
136 368 784283870
27 177 312661477
259 23 601580816
261 167 975958766
186 92 491734428
222 420 691069182
470 478 732724626
76 133 30994143
71 25 153364404
382 5 426339190
333 29 424588339
339 76 143444978
154 343 610950520
322 464 678109003
217 187 794444044
240 154 7066179
224 74 965003493
342 457 929266525
164 92 727515175
278 375 402133607
213 206 563817679
147 403 536121973
497 338 363791030
68 38 897285256
489 217 651679040
23 9 840509278
391 166 669035374
454 160 359337037
306 229 626611495
206 457 896552916
288 114 817040742
395 281 714867175
260 162 362932430
191 431 360902115
12 92 738285128
219 28 310371473
384 325 330540004
73 387 343521720
414 11 817598304
419 440 855297895
483 312 858854856
416 389 263680565
250 156 612720116
101 430 861111008
348 244 417080554
169 119 367864692
77 329 373029335
437 344 449683044
369 276 966151404
463 436 873361733
440 422 94017304
494 473 740676104
397 181 423003431
264 420 601028607
56 190 229304452
85 351 973586899
395 201 353508673
3 160 740018410
491 378 475543473
241 171 442119114
188 446 194687971
3 481 257931905
233 234 590937835
164 337 341147086
386 167 59946372
410 86 947105190
66 390 577622623
90 481 566627497
469 465 639721184
207 182 402133552
11 63 39218417
133 10 654776709
263 351 858316615
283 34 288267146
35 319 869041315
393 69 357314569
93 64 127448020
121 126 617596667
167 272 190594317
277 128 24758011
363 474 302580640
74 52 489789822
493 21 614061967
108 56 176077512
351 368 728851505
152 37 688730403
120 499 461564268
251 420 560899393
379 436 516565620
428 415 118952748
353 193 886230152
23 320 193648035
323 181 570813119
176 395 61147517
326 425 940600496
494 351 260951488
320 5 652586344
38 2 857909957
264 84 291003758
477 207 837799268
319 69 4259969
368 191 454066185
449 18 870267742
220 271 220684228
50 355 149451939
398 163 506983352
275 485 749831509
42 61 254896309
344 25 42252686
94 378 954947969
426 179 746415489
230 197 510896873
140 151 246847950
424 183 621395048
15 57 641426136
334 200 824452826
121 71 89393207
143 111 541859426
12 50 396670427
355 362 86109159
404 377 339700659
419 482 783875554
10 328 531027774
59 118 194212750
187 64 115955900
162 321 204614069
368 27 196829523
5 167 902892731
76 137 341945991
410 365 154085411
315 146 828143210
303 214 320953334
70 21 986183486
429 101 150045965
261 21 280310485
432 212 186923997
471 13 79815214
353 51 418551127
140 31 184060707
478 37 987273564
294 267 130704438
179 483 318858840
140 295 974066776
54 210 365123791
366 471 515338216
463 227 91557091
392 234 375967110
208 129 881868089
196 351 981618970
221 17 88952177
336 419 651043536
246 403 922883185
131 315 392156428
214 179 828568673
430 467 15216967
9 363 284971166
416 365 497514721
309 457 865910023
148 464 975339105
163 327 949070687
364 446 963438680
467 39 29347244
454 457 667275934
335 187 708045022
228 161 915582804
489 455 840861167
7 79 411922168
11 478 840412502
314 446 781479557
285 264 641690994
341 17 177571611
294 284 704739031
337 258 965193692
63 86 98574683
488 380 857071002
443 240 130691829
323 13 437688170
405 80 43440800
308 206 564204387
338 430 429847125
6 458 57745402
46 93 290858182
384 152 69710588
19 284 360035246
469 323 348776617
124 273 855339985
174 229 958826600
449 191 215151063
70 436 460063436
362 58 298278100
371 146 813750511
242 193 826786583
14 389 891623266
492 343 755345982
19 168 392150395
47 224 539735272
34 421 466966470
464 111 378380445
80 480 623487895
51 198 923104262
6 438 213273566
360 274 22506025
295 234 600657390
344 272 169035512
357 167 775551201
328 284 338864943
38 294 229051895
314 160 143030991
181 37 974727637
345 207 7193010
11 441 975612151
457 249 734379204
296 137 528446752
178 299 645520612
260 255 617743370
30 64 631789595
172 273 803712713
71 5 950236951
269 14 70541223
277 410 192738596
150 45 257298293
160 36 298653665
299 254 661666367
364 373 359822135
77 169 402430576
25 159 272281521
95 109 723479767
487 7 879303526
149 487 388764707
19 333 513550663
308 387 323065161
107 204 761802954
369 328 31774880
60 78 433600416
389 447 185853924
265 481 948559153
432 195 680486462
69 201 123511668
482 118 33958353
312 117 359901706
257 41 27456916
232 281 733650851
176 101 472422349
181 26 141425431
447 368 739170226
192 294 95275107
114 368 850148906
353 385 165692538
363 244 672904907
352 254 679227301
90 112 204294840
141 397 30106281
495 375 17104867
215 98 464787753
78 160 712959152
319 390 958226194
427 363 720410092
80 93 180280693
484 106 962438562
425 307 366519884
173 167 547926453
223 235 200922524
399 485 640828953
218 443 58268346
59 439 42231554
65 270 970571057
476 165 709853467
114 249 362913382
395 376 444326503
360 79 903055075
383 279 509305596
389 157 45564998
428 315 912138655
187 210 670118947
180 7 811133708
433 303 224505161
482 462 620044092
84 31 596431096
433 494 379315011
81 307 128845020
221 233 145831688
500 146 634097564
28 397 782149656
336 434 415236896
73 440 758936334
296 142 198649165
220 102 60714589
384 49 42608132
292 466 207861817
129 340 398046801
371 60 177139041
59 373 559599388
401 396 218669159
387 152 211516998
153 394 1286716
58 447 333842897
444 281 748413087
237 149 408706043
297 172 179491936
166 160 492697418
109 159 319622663
268 208 404927200
223 313 618459133
346 478 888569204
13 112 939980885
184 98 405823768
65 17 535413193
101 258 218760458
257 410 211364460
420 469 739494128
93 337 557852996
498 440 664517873
26 11 648826039
16 44 476933577
402 417 952931080
313 481 753134124
486 321 135101897
204 162 65715961
434 15 96506385
144 110 306665912
5 415 452477833
473 165 199765734
456 218 386529586
203 240 543537817
386 481 979427792
421 363 986615437
145 52 866211852
100 452 850844543
430 473 583103254
127 225 941507445
31 430 65068236
219 173 746354160
87 434 412998917
400 15 408320881
213 498 276907639
35 217 106543983
252 137 839816845
210 348 482106031
200 436 583147227
17 226 152712178
239 88 744775793
462 26 714896448
417 142 78270708
332 74 673841475
443 377 199039833
9 52 666173733
343 340 857919713
270 137 682081109
493 107 19787559
126 152 741605950
89 149 597191944
330 361 396032217
153 129 816769133
235 358 311522721
231 51 818754696
478 143 177766439
212 130 366326803
415 242 859745052
318 89 99145951
165 325 943973747
407 281 487679298
58 418 979870418
140 384 242849961
1 177 794085701
209 456 884697412
194 270 884978904
242 208 274680927
108 119 441204948
229 282 811239671
268 388 894110100
55 52 585069813
67 189 651971681
61 103 247705369
53 342 399011315
31 108 467553533
482 416 370584373
260 491 329445861
417 493 45147426
438 15 273474039
394 314 195897813
217 459 220614417
291 72 724836173
16 71 136138530
367 12 262199124
61 387 119663625
261 302 238742844
358 488 251996744
92 146 994367738
380 246 521549233
117 64 264048175
48 372 863829116
153 207 260992865
22 437 481560198
58 243 285619997
64 226 938929852
495 2 740021075
267 119 475969755
346 380 333392036
244 92 144371694
187 195 81723669
279 464 984725779
269 262 336652126
84 70 362831149
266 351 158868420
338 291 727885802
259 496 312310160
316 114 774333828
439 333 561422608
390 220 5335309
33 400 394365829
430 168 314408570
54 210 84988156
262 99 678804872
376 100 743242349
103 458 49796572
49 344 349717637
77 377 684256498
358 418 610526336
256 191 768904781
353 23 224603253
103 128 662458117
62 58 279448522
440 198 63356018
168 55 494099182
301 477 171261937
418 473 264106843
339 319 946220657
367 65 573786604
197 476 157884058
386 384 300939986
479 20 66770704
226 498 748566634
247 31 484615264
384 495 483322356
284 33 218224122
117 447 311529010
362 231 56467554
161 351 975294066
142 463 43253216
7 302 52595141
448 9 589814513
226 338 120227496
242 102 158525521
281 188 845735678
229 225 364984773
27 41 205880136
150 253 386315788
177 80 591119610
348 57 854126316
211 65 213107720
387 4 718689097
317 311 694939699
110 261 930538505
413 339 54923850
385 232 85211593
396 363 499696073
207 448 59106564
369 23 257376972
370 399 688307948
17 261 500804661
62 20 887862756
473 299 37235321
474 136 939401107
372 264 658826474
350 147 611685422
302 127 607175758
106 104 364866194
445 179 603939602
161 305 199440018
345 358 517442769
441 117 404988720
161 157 227563964
229 255 253279877
87 116 850612475
185 402 682849419
189 247 309487577
114 103 180017144
6 34 699946699
318 148 515831953
456 70 858590333
347 283 646126852
450 310 641107546
131 296 35867388
458 174 714626352
489 461 52434284
167 218 485626246
24 346 845121611
41 479 432807106
170 429 213716194
236 317 325761473
468 131 322446486
33 488 107504462
472 212 962263613
29 99 871124379
383 94 26543038
499 249 813513288
3 460 150139970
119 234 282826136
486 123 137972803
312 239 187228176
132 478 916988318
461 447 26629587
435 276 105638010
158 183 762081403
36 319 686958951
153 398 176328764
38 290 114514321
201 5 729262978
471 134 120374148
27 207 694635187
312 106 861323564
376 472 100110986
359 15 703658074
328 108 349351949
84 403 684683121
361 499 873743924
298 180 478303130
1 245 386650384
273 235 222798318
138 454 278289606
122 205 992525943
211 485 302768618
459 174 987892107
153 37 355115133
198 209 265290610
425 225 899864993
177 91 412386709
185 349 814480
184 457 590336414
198 496 767864135
116 139 459273092
291 391 288844372
286 112 5761494
79 300 739538356
125 257 980422290
434 172 707609247
482 472 42829630
50 257 940059728
135 240 319974084
145 153 391170773
445 152 53814083
45 11 844216256
86 312 493982400
128 271 893137638
403 156 648662741
461 468 983172499
363 78 188658807
197 271 577592832
281 50 396122171
467 31 278037395
244 218 922340166
243 385 814053959
451 146 904996337
288 330 181885348
235 430 781447872
87 272 153096334
358 151 343755556
162 107 712868513
450 112 395678741
190 2 915652111
429 499 557649633
479 6 995822590
111 250 718511516
112 172 484695453
388 436 169133140
238 496 498411985
40 457 776143174
167 152 453653509
216 327 830046245
240 123 598650844
63 177 386803115
389 26 398812452
301 6 403286503
400 394 185456907
140 409 313548741
333 236 608155919
26 152 124026567
275 126 400169118
95 177 8215213
351 378 152368488
326 76 55668113
299 282 340359633
2 320 725377365
458 98 348363096
148 29 232144715
316 88 103192928
404 110 768340242
376 204 888729694
282 250 826421285
3 294 370596040
89 101 244520713
362 110 726151176
175 312 935318196
247 315 256949153
441 414 644743329
365 11 764717790
406 57 808642380
39 119 635092015
157 81 655181950
381 296 601939046
154 240 172158433
212 430 609830294
138 178 557345514
355 270 223814254
130 183 480119180
285 168 33932175
438 173 564554921
92 381 262714671
41 17 790874704
164 29 143247827
436 50 222676473
357 308 328231136
434 403 54949494
433 300 230497005
321 480 685882322
44 234 601709004
354 340 109882113
192 18 471204171
194 339 187787493
100 359 193614611
301 146 671169095
304 129 893356872
373 285 576049380
210 24 850791923
195 424 735088116
349 329 796212056
270 92 228154085
282 237 94777206
440 355 253352758
93 172 524994020
191 269 922829128
282 270 93444116
117 477 358604743
486 55 524580085
367 147 218206652
8 11 985062428
225 457 355521538
464 129 783635924
365 342 177464120
400 368 800140920
380 455 76419355
216 411 343495422
305 267 794093885
204 473 515159502
266 386 974911101
227 283 934300987
100 117 364398787
405 167 954297165
484 404 11085151
274 423 61497303
358 351 943438653
142 224 975327211
153 448 407924611
7 324 445403284
455 119 902484391
442 144 157589381
307 490 836900286
199 139 828017560
423 22 405973864
160 111 591070022
112 52 164958687
69 7 880773439
156 473 854813082
272 491 497633336
451 137 357835223
353 254 705412880
377 236 945712397
353 500 241117574
84 85 285161462
395 67 114007414
21 250 809789090
475 196 453150970
63 419 905514327
289 373 855110654
115 322 388661064
48 369 645858039
467 135 21107741
304 497 139285479
466 244 912470466
182 270 728526994
159 380 389424178
211 78 675805130
337 431 78832718
355 400 562491205
244 339 374007921
446 210 688277498
182 377 45362617
241 117 707419937
75 500 759613176
243 190 376350553
58 190 136639946
375 471 502713174
171 179 495454593
52 249 474677593
336 346 206278171
144 300 897914986
388 15 341607863
34 204 504139804
283 315 481612733
117 479 702356491
468 56 119357200
393 442 635828206
97 5 84102412
315 126 96069858
274 288 852402875
123 280 972624463
468 440 818235519
287 379 769102766
325 225 207941873
367 127 169156664
149 468 870445341
136 164 112088189
104 479 571124769
61 27 305042588
473 74 331148985
455 206 142611458
188 92 479547407
440 341 960017753
221 81 921534394
116 202 631735112
431 312 969980763
284 399 381845405
245 488 201423943
490 37 463245283
269 466 891418717
310 132 808533213
284 187 914358376
46 156 627314876
453 38 696785692
321 306 30681611
115 55 579329117
155 117 542136918
131 400 486310214
361 366 980362003
203 2 903791481
86 374 321382711
232 460 58118756
351 466 414895053
60 351 810935039
314 392 389952689
