10000 10000 10000
2 1579
1 12
1 162
1 175
1 238
1 572
1 2517
1 3205
1 3135
1 979
1 290
1 777
1 1558
1 3066
1 529
1 447
1 1229
10 6234
1 2912
1 2511
1 2944
1 2547
6 4213
4 5610
1 1915
1 2036
1 1000
1 1013
1 575
1 395
1 512
1 2538
7 6710
1 2382
1 2625
3 5847
1 2700
1 1606
1 211
1 2336
9 4530
1 1554
1 353
1 1608
1 2677
1 2912
1 2436
1 1543
1 146
1 1631
1 2542
1 2638
7 5440
1 2308
1 590
1 1977
1 1512
1 2168
1 1589
1 1614
1 2577
7 5924
1 2365
5 3736
4 3764
1 1155
1 1175
1 163
1 675
1 1842
1 1793
1 1153
1 2130
1 10
1 1301
6 4552
8 3560
1 1270
1 1393
1 1135
1 1815
1 3212
1 232
1 1112
1 990
1 2851
1 371
1 1635
1 2049
1 372
1 676
1 1705
6 4235
1 3049
1 1999
1 2005
1 1405
1 2842
1 2472
1 115
1 2436
9 5354
2 2338
1 452
1 1307
1 264
1 585
1 2579
1 2591
1 2854
4 4256
1 2298
1 1332
1 2828
1 662
1 2294
5 3762
1 1978
1 3167
5 5586
1 367
1 1741
1 2940
1 1564
1 448
1 2002
1 1607
1 1555
1 1207
5 5111
2 2185
9 4547
1 2394
7 5754
1 2944
1 1555
1 2577
6 5534
1 1305
2 2732
1 95
4 3909
1 3200
1 340
1 1880
1 2417
2 2857
4 3513
1 2880
1 3059
1 1267
1 2442
1 2621
1 2532
1 787
1 1292
1 2844
4 4303
1 1620
1 1917
1 296
1 1334
1 2635
1 467
1 2441
1 2776
1 1814
1 495
1 2846
6 5509
4 5580
5 6331
1 1841
1 1340
1 1426
1 1048
6 4842
1 1208
1 2834
1 1570
1 480
1 1101
1 1522
1 1510
3 3824
1 2954
1 903
1 233
1 1497
9 5111
1 2279
1 1019
1 174
1 3121
1 475
1 2898
1 1521
1 403
1 557
1 10
1 451
1 784
1 2991
1 2640
1 2459
1 2404
1 177
2 416
9 4780
1 1810
1 2508
1 1053
1 3158
6 5478
1 2506
1 3057
1 95
1 768
1 80
1 898
1 3216
1 2334
1 2110
1 107
1 880
1 3144
1 1246
1 1594
5 5920
1 1748
1 1327
1 2821
4 5759
1 742
1 863
1 6051
1 2946
1 1814
1 84
1 1184
1 227
1 764
2 1100
1 2457
1 2893
1 1298
1 3120
1 1553
1 1083
1 2194
8 3659
1 400
1 2473
1 1581
1 164
1 504
1 1690
1 2514
5 6004
1 424
1 2271
10 3533
1 1813
1 19
1 1920
1 1542
1 1241
1 1793
1 2083
2 2694
1 1043
9 3368
1 2514
1 2666
1 1869
4 4469
1 1907
1 1377
1 2436
1 1102
1 2380
1 1506
1 2171
1 2429
1 2932
1 2020
1 3067
1 2211
6 3590
1 1409
7 4366
1 1158
1 2268
1 1877
1 2567
1 293
1 180
1 3034
1 19
1 129
1 630
1 52
1 395
1 610
1 2477
1 1076
1 1331
1 1576
1 1156
1 1934
1 2573
6 4325
1 2034
1 2328
1 2836
1 39
2 1770
1 115
1 1489
1 85
1 2789
1 1206
1 120
1 2821
7 6143
1 383
1 2382
1 1154
1 3056
1 1115
1 1181
1 2268
1 2402
1 1762
1 2798
1 1937
1 1883
1 829
1 1322
1 2770
1 3013
1 1737
1 1230
1 393
7 5039
6 6453
1 1150
4 6156
1 1755
1 3080
1 1682
1 685
1 2317
1 2195
1 1012
1 3076
1 111
1 1373
1 2772
1 755
5 5450
1 374
7 4308
8 6767
1 180
1 279
1 2496
1 1601
1 2876
1 1911
1 2645
1 749
1 2868
1 2271
1 1716
1 2804
1 1123
1 1836
1 543
1 1728
2 1670
1 540
1 704
1 2594
5 4405
4 3952
1 1606
1 2929
1 730
3 6239
7 3308
1 406
1 3090
6 3242
1 393
1 2208
1 1314
1 1661
1 2125
1 527
1 1725
1 341
1 3051
1 1955
1 2840
1 2789
1 1209
1 598
1 1445
1 3020
5 3875
6 5969
1 2481
1 798
1 2207
9 6661
1 2114
1 3005
1 2254
1 1727
1 1917
1 3043
1 719
1 2126
1 2966
1 229
1 2970
1 1203
1 2588
1 1929
1 685
1 2259
1 284
1 785
1 830
1 2245
1 1325
1 1876
1 1484
4 5213
1 1822
1 1147
1 2455
1 1418
1 1320
2 1512
1 52
1 1547
1 1487
1 553
1 557
1 22
1 1526
8 4854
1 56
1 352
1 955
1 2671
3 3857
1 1823
1 1404
1 2600
1 832
7 3692
1 143
1 1302
1 3009
1 2808
1 144
1 1569
1 395
2 1504
1 2051
1 2941
1 2869
1 346
1 1759
1 1179
1 1137
3 4920
1 773
10 3280
1 2563
1 123
1 1648
1 1145
6 5857
1 715
1 1248
1 2284
1 2336
1 2505
4 3720
4 4480
1 2465
6 3508
8 4030
1 2993
1 2070
1 1817
1 1763
4 5939
1 582
1 841
1 233
1 2062
1 698
1 1489
1 560
1 2435
1 3007
1 3115
6 4887
1 753
1 2458
6 6224
1 2492
1 2256
1 1332
1 2378
1 2241
9 5526
1 1984
1 342
1 2762
6 3524
1 2625
1 1747
1 421
1 190
1 3041
8 4182
1 360
1 2590
1 2372
1 2991
1 1345
1 2370
3 3446
1 227
1 1109
1 895
1 893
1 3068
1 2735
1 1126
1 2787
1 253
1 290
1 2799
1 1995
8 4486
1 779
1 1613
1 2618
1 1962
1 2089
1 1017
1 562
1 993
5 3747
1 3070
1 52
1 2558
1 2346
2 1424
1 98
1 2952
1 1378
1 3018
1 307
1 2734
1 320
1 1146
1 96
1 1513
1 3162
1 3051
1 2960
1 1981
1 1242
1 247
1 1962
1 2404
1 1263
7 4580
1 1199
1 984
1 2777
1 2726
1 2469
3 6522
1 741
1 2246
1 1555
1 2306
1 2932
1 3069
4 3559
1 86
1 2371
1 2450
1 719
1 449
1 2120
1 1339
1 2592
1 686
1 3087
1 1527
1 2548
1 2976
1 1486
1 951
1 1313
1 1135
1 3209
1 2174
1 1758
1 431
1 767
1 1614
1 639
1 2590
1 2574
3 6282
1 525
1 1571
1 308
1 3095
5 5959
1 1455
1 2705
1 3103
1 2676
1 611
1 529
1 1874
1 3085
1 846
5 6284
1 3230
8 4131
1 2769
1 1983
1 987
1 2871
1 203
1 2037
1 1610
1 1760
1 243
1 3125
1 1114
1 2669
1 3206
1 786
1 196
1 3078
1 2835
1 1241
1 329
1 115
1 2911
1 1574
1 2082
1 693
1 2121
1 2775
1 3014
8 5034
1 70
1 2590
1 3123
1 245
1 1963
1 2779
1 411
1 2468
1 2808
1 2323
2 2694
7 6488
9 3517
1 1276
1 21
1 776
1 1047
1 1342
1 252
1 2868
1 1199
1 288
1 2991
1 2862
1 2103
1 2765
1 791
1 2325
1 2753
1 2951
1 992
1 387
1 888
1 2693
1 2400
1 1363
8 3612
1 458
8 4052
1 1174
1 3164
1 393
1 690
1 472
1 141
6 3789
1 3178
1 2158
1 2926
1 1258
1 2404
1 775
1 446
1 1603
1 1969
1 728
1 1853
1 560
1 780
1 2189
1 1839
2 3
9 5791
1 2071
1 2110
6 3239
6 5127
1 991
1 1221
1 901
1 2509
11 5166
5 4586
1 2231
1 397
1 1997
1 2474
2 1014
1 1026
1 2797
1 1165
1 2023
1 694
6 5055
1 2477
1 1936
1 848
1 906
1 2120
1 1194
1 1563
1 808
1 3074
1 2734
1 1874
2 1210
1 2738
1 411
1 1316
1 595
10 3432
1 1683
1 2213
1 818
4 5618
1 2256
5 3660
1 1671
1 1733
6 6257
1 1910
1 572
7 4100
7 4003
1 2232
1 955
1 3173
1 424
1 3164
4 5900
1 265
1 1800
6 3364
7 4817
1 682
1 718
1 487
1 297
1 998
1 2998
1 5
1 2232
11 3402
6 5687
1 1584
1 3217
1 2024
1 550
1 2308
1 2381
1 3081
5 5354
1 2956
1 2758
1 864
1 2565
1 1151
1 837
1 653
3 6150
1 3068
1 3205
1 720
1 2650
7 5328
1 851
1 1793
1 3194
1 2719
1 3027
1 2148
1 2497
6 5178
1 2629
1 786
1 258
1 2262
1 855
1 88
1 1274
1 706
1 3155
1 890
1 1493
1 2705
1 1247
1 2536
1 1884
1 743
1 1340
1 450
1 89
1 1469
1 2445
1 663
1 1034
1 52
1 3075
4 4406
7 3900
1 2760
1 2616
1 1066
5 5043
2 1140
1 945
1 1739
1 2049
1 2086
1 90
1 737
1 1641
1 2804
1 1391
1 1708
1 763
1 616
3 4240
4 5186
1 1363
1 593
1 2567
1 1208
1 2059
7 6597
1 524
1 902
1 1383
1 3087
1 151
1 86
5 5893
1 2125
1 3006
1 2103
4 6427
1 2899
1 1706
1 1506
1 1684
1 35
1 2722
1 2452
1 2622
1 2228
1 2310
1 2192
1 2586
5 6637
2 2350
1 1474
1 764
1 1743
1 3191
9 6370
1 307
1 2175
5 3620
1 2242
1 2707
1 2804
1 365
1 2355
7 5952
9 4940
1 2062
1 1170
7 4684
7 4451
7 6478
2 1671
1 2855
8 4090
1 3172
2 912
1 758
7 4902
1 461
1 1750
7 4038
1 472
1 2954
1 2908
1 2939
1 2931
1 798
7 5989
1 3083
1 6
1 1896
1 1013
1 2290
1 1535
1 2561
8 3360
1 1875
1 2231
1 2173
3 3863
1 1074
8 5427
1 2815
1 1109
1 848
1 1539
6 5968
1 2758
1 3161
5 5485
1 2080
1 1548
1 2441
1 2657
1 2042
1 2422
1 2136
1 2939
1 2227
8 3670
6 4532
1 2783
1 1603
1 814
1 263
1 1020
1 3153
1 607
1 745
1 886
1 1937
1 2308
1 39
2 4681
1 170
1 2587
5 4569
1 258
1 1305
1 3124
1 2568
1 78
1 41
1 877
1 2948
1 1151
1 2611
4 4844
1 318
1 938
1 2356
1 1444
6 5362
1 948
1 1329
1 925
1 2056
1 2665
1 862
1 1130
1 2163
1 1650
1 1857
1 921
4 4579
1 999
1 2412
7 3767
1 1876
1 1312
1 1582
8 6071
9 4987
1 1821
1 1489
1 1936
1 3198
2 5236
2 729
1 1695
1 547
10 5708
1 3228
2 111
7 3273
1 455
1 2223
6 6507
8 4175
4 6090
6 5809
1 1681
7 6093
1 2047
1 1255
1 1749
7 3474
2 2191
6 3302
1 153
1 49
1 1440
1 2435
1 2861
1 2043
1 443
1 713
1 967
4 5305
1 832
1 3078
1 922
1 2746
1 1460
1 2631
1 1371
1 3232
1 231
1 1860
1 1027
8 5820
1 434
1 4895
1 2722
1 2414
3 5786
1 2912
1 1412
1 2605
1 542
1 2312
1 1414
5 3609
1 584
1 2929
1 2223
1 1812
1 489
1 2970
6 6442
4 3819
1 1176
5 4043
1 1149
1 1042
1 77
1 2916
1 1248
1 1737
1 2277
1 416
1 365
1 2328
1 872
1 2123
1 140
1 2872
1 1996
6 6101
1 305
1 946
1 1718
1 1979
5 5164
1 482
1 2370
1 3046
8 6424
1 175
7 6570
1 1662
9 4841
1 1597
1 262
7 6404
7 6590
8 4707
6 4207
1 520
1 1309
1 2942
1 657
11 6447
1 2977
1 2436
1 1078
1 749
7 4047
1 2238
1 937
1 1322
1 1965
1 37
1 2650
1 2353
1 1635
4 4571
1 3217
1 2576
1 969
1 3218
1 1558
7 6402
1 1696
1 1249
1 1944
1 2829
1 1712
1 888
1 2025
1 120
1 3002
1 1389
1 1365
1 1215
1 618
5 3391
1 1317
5 5293
1 3186
3 6251
1 483
1 2306
1 2854
1 8
1 2292
1 2624
1 2384
1 1322
1 2448
1 1663
1 201
1 2090
1 2658
5 3787
1 1452
1 3161
1 1205
1 1913
1 2197
1 2336
1 2649
1 852
1 1305
2 1287
2 3103
5 5897
13 3750
1 2178
8 4846
1 2555
1 2317
1 724
1 2938
1 2554
1 2746
1 50
1 928
1 59
6 5023
1 16
1 2146
1 496
3 5702
1 368
2 1383
1 647
1 1065
1 1179
3 6157
1 1933
1 3041
1 1569
1 1937
1 76
1 67
1 217
1 2915
1 1183
1 702
1 643
1 2630
1 1216
1 2347
1 2924
1 2201
1 1014
10 5369
1 2910
1 777
1 1220
5 4201
1 2202
1 2200
1 1844
1 1396
1 1032
1 994
1 378
1 1754
1 2675
1 596
1 1915
5 3971
1 429
1 1043
1 546
1 1971
8 3370
1 2692
1 786
1 3055
3 3671
1 3186
4 6233
1 2369
1 1630
2 452
1 134
6 5522
1 3064
1 882
1 1386
1 1088
1 2990
1 765
1 2720
1 786
1 2494
1 713
1 1287
13 4511
1 2462
5 5490
4 4190
1 661
1 1634
1 273
1 1437
1 2999
1 1199
1 383
1 3132
1 327
1 2177
1 85
1 3178
1 2288
1 680
1 2966
12 5552
8 5195
1 3146
9 4418
1 1089
1 2978
1 1482
1 2138
1 1594
1 2242
1 225
1 3128
5 5288
5 3737
1 1047
1 308
1 2088
1 749
1 2298
1 2638
11 4966
1 3182
9 4171
1 612
1 2535
4 3328
1 521
1 1831
1 2698
1 562
6 5459
7 4322
1 108
1 1993
6 5023
1 1944
1 1776
8 4015
1 1152
1 2815
1 2299
1 465
1 1985
1 9
1 952
1 2327
1 3129
1 2927
1 2231
1 1120
1 2583
1 1473
1 1775
1 2492
6 4604
1 358
1 1687
2 1570
1 2198
1 619
1 41
1 653
1 2622
1 1216
1 1088
1 401
1 2948
1 2535
1 400
7 6238
1 11
1 1503
1 2806
1 2969
1 229
1 370
1 2561
14 3240
1 2079
1 134
1 2581
1 1857
1 156
1 2451
1 250
1 2885
1 2180
1 2654
1 2830
1 2221
1 270
1 2090
1 1491
1 3105
1 1924
8 4480
1 2649
7 3889
1 1338
1 1880
1 1057
1 2597
1 233
1 1622
1 100
1 817
6 5719
1 569
1 612
1 2938
1 2346
1 2748
1 706
1 2877
8 6713
1 1146
1 2190
1 1434
1 1319
1 1992
1 3057
2 2117
1 3160
1 1266
1 622
4 5068
1 3122
1 1543
1 2502
1 285
1 2408
1 988
1 1688
1 3047
1 269
1 1586
1 1063
1 1095
1 1186
1 246
1 950
1 186
1 218
1 2351
1 1772
1 121
7 5594
1 1859
8 5646
1 32
3 6704
6 6252
1 47
1 2062
1 945
1 1578
1 2303
1 1243
1 195
1 811
1 2866
1 897
1 2289
1 1550
2 5824
1 2292
1 2406
8 6575
1 47
1 1684
6 6218
1 954
1 2445
8 5308
1 207
7 3962
1 2501
1 903
1 808
7 4694
1 2340
3 5939
5 5104
1 77
1 1720
1 2756
3 4404
1 1502
1 999
1 2577
2 1440
1 2283
1 293
1 1585
1 501
1 2840
1 2267
1 1977
1 1775
1 2855
1 1276
1 1243
1 856
1 2447
1 737
5 5623
1 2981
1 1069
1 529
1 998
7 6500
1 2645
1 3104
5 4392
1 2028
1 3041
1 2523
1 755
8 4577
1 3058
1 2754
1 1128
1 1128
1 1508
10 5874
1 1230
1 2124
1 2609
1 1732
1 758
7 5005
1 225
1 1416
1 1623
1 1622
1 1080
4 4293
1 268
1 2313
1 1296
1 3228
1 1759
12 5859
1 3153
1 1873
6 5865
1 540
1 1720
1 2136
1 1791
1 62
1 431
1 276
4 3276
1 1414
1 480
1 332
1 2130
1 129
1 368
1 186
1 1488
1 761
2 2890
1 3141
1 805
1 3138
1 2359
1 1950
1 1439
1 2256
1 2689
1 2598
5 3873
1 1217
1 2531
1 1385
1 1665
1 1258
1 114
1 2844
1 1507
1 1039
6 6746
5 4882
1 1932
2 6351
1 552
7 4920
1 1150
1 1036
1 821
2 5162
1 71
1 1949
1 1057
1 2484
1 1210
1 2827
1 2265
1 3082
1 527
1 1447
1 1343
1 805
1 1803
1 1093
1 198
1 2050
4 6532
1 2172
1 2249
1 1436
1 1394
1 2915
1 2982
3 5763
1 3087
1 911
1 1223
1 1902
1 680
7 3500
1 2314
1 98
10 4600
1 1646
1 1221
1 2061
1 1420
8 5246
8 3357
1 1634
1 2994
4 3437
1 2564
1 2519
1 1532
2 2863
1 1832
9 4931
7 3926
1 132
1 564
1 1788
1 1286
1 199
1 583
1 1659
1 2632
1 1195
1 2615
7 6730
1 2299
1 129
1 420
1 2711
1 2248
1 2235
1 519
1 1854
1 1843
1 3003
1 214
1 243
1 1433
9 5998
1 2532
1 1502
1 2770
1 3036
1 64
1 3092
1 514
1 1370
1 479
1 2675
1 356
1 228
1 2824
1 1479
7 3739
1 3008
1 2962
1 3158
1 352
8 5084
1 198
1 2625
1 698
1 2541
1 1886
1 3120
1 1352
1 1500
10 3378
1 74
1 3185
6 4858
1 2412
1 855
1 1130
1 1702
1 2089
1 2721
1 2221
3 4471
1 838
1 1911
1 2916
3 5254
1 1744
1 3125
5 6052
1 2848
1 605
1 1707
1 2775
7 6190
1 314
1 2680
1 1234
11 3832
1 3015
1 1943
1 8
1 860
1 2271
1 2451
1 2484
1 84
1 1736
1 2733
6 3861
3 3849
1 662
1 3003
6 4881
4 5919
1 3224
9 5287
1 1821
1 1125
1 2609
1 3231
1 1713
1 216
1 1626
1 1383
1 3222
1 331
1 1660
1 2329
1 573
1 3194
1 342
1 2998
1 2849
1 1861
1 1270
1 2438
10 4973
8 5116
1 886
1 3180
1 1314
1 1478
1 813
1 2615
1 1564
1 2674
1 1122
1 1219
1 3048
1 2879
1 2727
1 2736
1 1489
1 202
1 1116
7 4893
1 2916
1 1258
1 2275
3 4706
1 2185
1 2487
1 2979
8 3634
10 3977
1 22
1 3232
4 5307
1 1750
1 1146
1 785
1 2872
1 549
1 2464
1 816
1 2127
1 2483
1 1783
1 1269
1 1613
1 1955
1 2356
1 356
1 657
1 231
1 1124
1 3020
1 1894
1 1525
1 575
1 2067
1 1424
8 4915
1 3187
1 2285
1 529
1 430
1 2322
8 3553
1 600
5 4064
2 3182
1 2707
1 1596
1 926
1 1888
5 4874
1 2534
1 232
8 3240
1 1904
1 2979
1 2987
1 541
1 1919
1 2941
1 2397
1 1615
1 3020
1 2963
7 5870
1 2875
1 1292
1 572
1 666
1 530
1 3107
1 2159
6 5497
1 2699
1 2808
1 677
1 1545
1 339
1 193
1 1965
1 3067
7 5273
1 856
1 3203
3 6433
1 3015
1 633
6 6384
1 1450
7 4549
5 6686
1 879
1 52
9 5931
1 1010
1 2914
1 2308
1 107
7 4585
1 858
4 5251
1 990
1 1790
3 4916
1 3157
1 3189
1 20
1 1139
5 6465
1 171
1 1931
1 1913
1 508
1 2821
4 4959
1 1835
1 2662
11 4378
7 5269
1 2031
1 2009
1 245
1 1449
1 180
9 6221
7 3805
4 5200
1 2378
1 2621
1 953
1 1755
1 1641
1 2877
8 6615
1 2679
1 1857
1 17
1 1901
1 958
1 1910
1 1976
1 2687
1 3038
1 1343
1 158
1 3223
1 2793
1 715
1 1702
1 2346
1 3077
1 2282
1 150
6 4567
1 724
1 1934
1 279
1 857
6 4437
1 154
2 79
1 153
4 4857
1 1513
1 1448
1 223
9 4223
1 574
1 1864
1 1127
1 2455
5 5781
5 4990
1 2398
1 1994
1 2935
1 2544
1 1765
1 1034
1 195
1 1563
1 2288
1 488
1 3
1 1450
1 2726
6 3778
6 4181
5 4503
1 260
1 1951
1 1257
1 1974
1 2755
1 337
1 1055
1 3147
8 5393
6 5220
1 367
1 2407
1 243
1 2262
1 2745
1 1353
1 1561
1 1637
1 2261
1 105
1 2834
1 408
1 2339
7 5028
1 2786
1 2623
1 1366
4 4539
1 7
1 115
1 2743
1 3001
8 4517
6 3744
1 2637
5 4931
1 51
6 4088
1 3196
1 1920
1 2095
1 2253
1 1635
1 2358
10 4704
1 3142
1 1471
1 34
1 1496
1 884
1 2370
9 5365
1 2482
1 2459
1 733
1 234
1 968
1 1829
1 1741
5 4177
1 2251
1 842
6 5516
1 2276
1 2485
7 3568
6 3335
1 2573
1 3060
5 3242
1 839
1 665
1 262
1 2305
1 2531
1 1048
1 2339
1 2140
1 336
1 2005
1 979
2 5347
1 816
1 1209
1 1950
1 2075
1 2436
1 64
1 707
7 3611
1 2993
4 4554
1 465
4 4073
1 3141
1 2743
1 1599
1 681
1 2743
9 5987
1 1671
1 255
1 549
2 2194
1 239
1 2083
3 5242
1 1414
1 2716
1 1635
4 6127
2 3861
1 682
6 3804
6 4585
10 5852
1 2599
1 2371
1 285
7 6462
1 214
4 5557
1 1335
1 3097
2 5727
1 1717
1 2326
1 7
1 1187
1 731
5 3950
4 5031
1 3118
6 5225
4 4822
1 1168
1 2957
1 3072
1 2319
7 6294
1 2845
1 2528
3 5805
1 1602
5 4763
1 2034
1 248
1 1893
1 6
1 1464
1 1508
1 2347
3 4735
1 732
9 5012
1 1933
1 2000
1 2429
1 187
1 44
1 1109
1 2876
1 1796
1 328
1 1610
4 6138
1 2959
1 2004
1 550
1 2604
1 1948
1 3069
1 2996
1 1658
1 2532
1 471
1 2933
1 1599
1 1977
1 136
1 2747
4 4801
1 1610
1 2604
1 1231
11 6045
1 98
5 5648
1 2310
1 3096
1 898
1 642
1 2639
1 431
1 1659
1 1661
7 4117
1 2602
1 2995
7 4735
1 2719
1 2768
1 1581
1 40
1 2219
1 594
1 147
1 446
1 1948
9 5481
2 37
1 606
1 2765
1 2935
1 3012
1 619
1 2043
1 673
1 2860
1 1403
1 3203
1 1397
1 2240
1 3177
5 6027
1 1335
1 1016
1 3041
1 1504
1 1635
1 1707
1 221
1 1058
1 1399
1 2658
1 2454
1 222
1 1862
8 3648
1 860
1 2067
1 2010
1 1434
1 1428
4 6009
2 1797
1 275
1 152
1 1406
12 5579
1 1764
1 506
1 919
1 2999
1 1998
2 4420
1 3156
1 124
1 2854
1 1280
1 1974
1 471
1 131
1 236
1 1860
1 132
1 2530
1 2145
7 6635
1 1364
1 2408
1 2446
1 2881
1 1628
1 420
1 1739
1 1212
1 2519
1 1235
1 842
1 460
1 696
1 1708
1 1926
2 100
9 6464
1 299
1 130
6 6616
1 2180
1 2777
1 3163
1 2349
1 73
1 2578
7 4482
1 292
1 2278
1 2319
1 997
1 970
1 2573
1 1021
1 1523
1 22
1 428
1 600
2 5081
1 2316
8 5359
1 359
1 1452
1 1414
4 6437
1 764
4 6347
1 2004
1 156
1 244
1 564
1 1115
1 1663
9 4505
1 1816
1 731
1 2802
1 157
1 1020
1 2694
1 1742
1 2698
1 762
1 2712
1 457
1 655
1 4203
1 731
6 4419
1 631
1 3165
1 396
9 4713
1 2585
1 1342
1 802
1 393
1 3170
1 1392
6 3237
1 2164
1 2460
1 2101
1 1894
4 3997
1 2736
1 2988
1 3067
1 873
1 2456
1 1531
1 2160
3 6242
1 2288
1 1376
1 2051
1 180
1 136
3 5857
1 2163
3 4812
1 2275
1 2984
9 5172
1 1472
2 2637
1 2388
1 776
1 367
1 877
1 2229
1 486
1 1027
4 4865
1 525
1 2537
9 4226
1 659
1 2774
4 5501
1 134
1 1970
1 981
7 4151
1 1488
1 2820
1 3120
1 2411
1 753
1 871
1 1032
1 462
1 2608
1 758
1 1965
1 747
1 1743
1 3119
1 94
1 1923
1 2889
1 42
1 2705
1 2711
1 2914
1 2565
1 1716
1 2056
1 1637
1 1455
1 473
1 1048
1 922
1 1104
1 1386
1 2066
1 2180
1 2573
1 1593
5 3260
1 894
1 503
1 246
1 2317
1 297
1 1536
5 6507
1 2161
1 1957
5 4537
1 2266
1 1892
1 461
5 5268
1 1651
1 1573
1 862
1 2910
1 903
1 2658
1 251
1 1683
1 1068
1 207
2 3662
1 2364
1 740
1 2447
1 2793
1 2771
5 6299
1 1857
1 1895
1 1122
1 584
1 1941
1 2091
1 946
1 2950
1 1095
1 2817
1 576
1 716
1 846
1 2169
1 690
1 2167
1 179
1 292
5 3386
1 156
1 1930
1 2137
1 1747
1 2990
5 5741
1 1365
1 2729
1 290
1 256
1 902
1 32
7 4714
1 666
9 4080
1 2147
9 3582
1 997
1 1517
1 1944
1 2417
5 4172
1 1416
1 405
1 2754
4 3374
1 600
1 700
1 650
1 884
1 627
1 1809
1 1377
1 2682
6 3709
7 3298
1 1293
1 2991
1 555
1 2655
7 4083
1 877
1 272
1 2840
1 2024
1 1503
6 5638
7 5107
1 880
4 6553
1 2647
1 2586
1 537
1 255
7 4214
1 3230
1 971
1 2663
1 2183
5 5276
6 3443
1 2677
8 4043
1 2088
3 3276
1 2695
1 3228
1 2107
1 561
1 2176
1 1157
1 941
1 2800
1 2013
1 2624
1 1251
6 5160
1 627
1 1246
1 419
1 1763
5 6511
1 315
1 2160
1 1412
1 2729
3 6463
6 3283
1 2110
1 2003
1 2634
1 573
1 1113
7 5522
1 1247
7 5828
1 928
1 1526
1 2886
1 3033
1 146
6 3328
1 1073
1 1832
1 237
6 5356
1 1752
1 2601
1 533
1 3170
8 5300
7 5831
1 1205
1 1439
4 3461
1 1090
1 1631
1 1357
1 3001
1 2185
1 1525
1 530
1 1343
2 2639
1 1587
9 4529
1 403
1 203
1 1852
1 727
1 915
1 1178
2 1546
1 1501
1 962
1 2281
8 5276
1 1468
1 3128
1 1645
1 1360
1 2612
1 1192
1 682
8 6712
1 2863
5 4426
3 5775
1 3152
1 93
1 1540
1 1896
1 623
1 2242
1 2834
1 819
1 629
7 4572
1 2736
1 164
4 4541
1 409
1 675
1 633
1 2608
1 2055
1 693
1 2834
1 2033
1 749
1 1039
5 5752
7 5133
1 265
1 1828
1 345
1 2229
1 2870
1 1942
1 3160
1 1260
1 2846
1 678
2 4078
1 3175
1 2119
1 2784
1 258
1 2605
1 2672
6 5039
1 3005
1 2393
1 2929
1 1400
1 2478
1 2848
1 1267
1 1672
1 1967
1 1911
1 1772
1 1962
1 1018
1 287
1 1252
5 5167
1 317
4 3786
1 2170
1 2490
1 2941
1 2334
1 2184
4 5756
2 2729
1 493
1 2858
1 2585
1 171
1 1620
1 1446
5 6489
1 275
1 213
1 298
4 6695
1 1254
1 1938
1 507
1 2804
1 1506
1 1404
1 2318
1 1930
5 5609
1 2520
9 4359
7 3491
9 6122
1 997
1 2174
1 3230
9 3461
1 3131
1 1747
1 2601
1 2102
1 35
1 608
1 2365
1 1670
4 3522
1 668
1 2550
8 4947
1 855
1 2115
8 3869
1 568
1 1190
1 1500
6 5831
1 510
9 5613
6 4734
1 2447
1 1694
3 4373
1 2713
8 4647
1 2688
1 468
1 187
1 3056
1 3154
5 6495
1 303
5 5953
1 3080
6 5470
1 768
1 1331
1 2618
7 5126
1 2539
1 1816
1 3029
1 1173
1 1947
1 2535
1 2389
1 2320
7 5375
1 488
1 2696
1 2257
1 1056
1 731
1 386
1 1157
7 4749
1 380
1 1707
1 228
1 1308
1 109
1 208
10 3335
1 75
1 390
1 2815
1 808
5 3633
5 4461
1 3099
10 4722
1 302
1 927
1 3199
4 3336
1 2934
1 2957
1 868
1 24
6 6254
3 3297
1 1704
1 684
1 2481
6 4584
1 1006
1 856
1 1628
9 4598
8 4303
1 1356
1 795
1 1658
1 2402
1 460
1 1414
2 1614
1 2427
3 5376
1 495
10 6088
1 2487
12 5512
1 2044
5 4185
1 1156
1 1579
1 1171
1 803
1 1485
1 2602
1 2952
1 3127
1 1960
1 1780
1 1680
7 6539
1 964
1 3057
1 2409
1 212
6 6529
1 943
1 777
1 375
1 1923
4 5599
9 5316
1 2242
1 1905
1 3046
1 219
1 2629
1 1881
1 2157
1 1705
7 5755
1 2966
1 2260
1 1529
1 711
1 499
1 1360
1 1259
1 2579
1 2112
1 2138
1 2593
3 6532
1 1581
1 2521
4 3969
1 2178
1 2917
1 91
1 1875
1 2564
1 1435
1 2553
1 2193
1 3197
1 2466
5 3898
1 2953
1 625
1 2729
1 885
1 2222
1 2759
9 3279
1 1485
1 1621
1 2918
1 1347
4 6344
1 2920
1 626
1 516
1 708
1 938
11 4511
1 140
4 5162
1 2887
1 289
1 736
8 4589
1 1309
4 4491
1 2545
1 3176
1 3041
1 1459
5 4687
1 1799
1 3225
1 2239
1 1444
1 2964
1 907
1 1568
6 3489
7 4902
2 1546
1 160
1 658
1 149
1 1753
1 2080
1 3134
1 292
1 2104
1 797
7 4628
1 231
1 1754
2 488
1 1803
1 1106
1 404
1 3185
1 2633
5 5783
1 863
1 643
1 2482
1 2090
1 44
1 1128
7 6312
1 1934
1 3139
1 1718
1 75
5 5139
1 594
5 5025
1 2968
1 2694
1 1840
8 6631
1 1192
1 2969
1 2203
1 2528
1 982
1 2391
8 4889
1 2185
2 1802
1 1813
1 259
1 1505
1 43
1 2153
1 1344
1 1732
1 1162
1 1601
1 2630
5 5029
1 1105
1 399
1 1687
1 1525
7 3609
1 2076
5 5228
1 1491
9 5088
1 1752
1 2104
1 1805
1 581
6 6309
1 1469
1 243
1 1971
1 541
1 830
1 933
1 2398
1 195
4 5325
1 67
1 2440
1 1725
1 2996
1 1358
1 3017
1 1346
1 793
2 126
1 1153
1 2283
1 1284
1 2824
1 1047
1 3007
1 1569
2 1649
1 811
12 4497
1 348
1 2387
1 1339
1 3130
1 2497
1 1510
1 57
9 5329
1 1288
1 2625
1 901
1 656
1 51
1 3206
1 3166
1 2681
1 2820
1 1683
1 1599
1 1828
1 1051
1 288
1 2212
1 1261
4 3988
1 1204
1 1632
1 764
8 5104
1 3122
1 470
1 86
6 3505
6 3793
1 316
1 758
1 1286
1 2611
1 1655
1 1641
1 56
1 2768
1 1303
1 2987
1 1168
1 1543
1 92
1 347
1 2701
1 2835
1 2034
1 2436
1 377
1 330
8 6429
1 3155
1 843
1 71
1 1864
1 908
1 1190
1 1243
1 1610
1 1047
1 1413
6 3442
1 1634
1 2725
1 340
1 3093
1 278
1 455
1 1725
1 211
1 880
1 448
1 1580
1 1678
7 5340
1 429
1 2574
1 2806
6 5258
1 2591
6 6217
6 6103
1 3016
1 2690
1 1784
3 6609
1 2631
1 2825
1 2928
5 4877
1 2859
1 1458
1 3137
1 2532
1 2191
1 1580
1 2361
4 5071
1 68
7 4598
1 2836
1 2716
1 1203
7 5217
2 2128
1 689
1 3189
1 3071
1 2492
1 2989
2 3032
1 2354
1 2461
1 547
1 99
1 180
1 890
1 2771
1 416
6 3788
1 2531
1 3108
1 1229
1 1565
1 2643
6 3907
1 304
1 2901
1 483
1 1220
4 4464
1 246
1 1881
8 3686
1 2188
1 1335
1 1499
5 5400
1 256
1 1815
1 1050
1 1990
1 420
1 1922
3 4306
1 965
1 977
1 2522
1 3197
1 1592
1 2766
1 2756
2 3219
5 5338
1 2410
8 3754
1 721
1 1542
1 2327
2 1120
1 22
1 2820
3 5630
1 786
1 2185
1 392
1 101
1 1521
1 2621
1 212
1 1448
1 1442
3 1925
1 3634
1 1702
1 1772
6 5721
1 758
2 1261
1 150
1 1822
1 641
1 924
1 1363
1 2093
8 5180
2 2152
1 3216
1 1792
1 2896
1 2296
1 2172
1 1249
1 3126
1 954
1 86
1 3007
1 180
1 92
1 43
1 463
1 643
1 691
1 1187
1 1284
1 396
1 2746
1 3232
1 192
3 6554
1 986
2 867
1 1841
1 2461
1 1594
1 272
1 3060
1 1647
1 1642
1 1541
5 3547
1 1345
1 2379
1 1217
7 5274
1 2400
1 466
1 1081
1 21
6 5875
1 971
1 200
5 4370
6 4704
1 112
8 5575
1 1525
1 1501
1 1683
1 2284
1 134
1 2645
1 2539
1 2880
1 1480
1 1534
1 265
6 6403
7 3293
5 3498
1 1032
1 308
1 703
1 1746
1 752
1 1922
1 2062
1 3179
1 1439
1 374
10 5883
1 677
4 6470
1 2125
1 187
1 1033
6 4402
1 1463
1 650
1 2448
1 2366
1 1724
5 4907
1 62
1 2487
1 711
1 602
7 6424
5 6112
1 807
1 1154
1 1520
1 685
1 2253
9 5250
1 2438
1 2528
1 2975
1 3054
1 2030
1 2392
1 2637
1 2785
1 2965
1 2480
1 1641
5 4725
1 275
1 1172
1 1908
1 2177
1 3152
1 795
1 677
1 22
1 2022
1 1871
1 1098
1 1368
1 2636
1 988
1 3042
1 2650
1 3060
1 26
1 1575
1 1771
1 1232
1 62
1 3142
1 4112
1 748
1 1871
1 2175
1 1780
1 2727
1 251
1 2466
1 1891
1 2214
1 526
4 5480
1 1559
1 1349
6 3895
6 4324
1 680
1 1679
1 1177
1 1450
1 1627
1 218
1 731
1 1986
1 2375
6 4482
1 893
1 1977
1 1751
4 4063
1 1395
1 778
1 330
1 3123
5 3867
1 3052
1 701
1 2329
1 1298
1 2336
1 598
4 4140
1 1973
1 2929
1 1004
6 5823
1 715
7 5394
6 6696
1 391
1 1053
1 2709
1 138
1 1207
10 4912
1 1970
1 2621
1 631
1 2052
1 1206
1 2922
1 2285
6 5355
1 431
1 2247
1 2887
1 1760
1 147
2 353
5 4966
1 1660
1 187
1 2886
1 3098
1 2056
1 151
1 2967
1 653
1 3049
1 617
1 530
1 2163
1 3004
1 3095
1 143
1 2045
1 2056
1 1517
6 5722
1 3123
1 1395
1 1259
11 4575
1 172
1 2755
4 4134
1 897
7 4338
1 84
1 1427
1 370
1 575
1 1193
1 297
1 2504
1 2801
1 469
1 2863
1 1564
1 2535
1 1324
1 1055
7 5037
1 882
1 3185
1 1068
1 2561
1 170
1 3197
1 3139
1 1782
1 148
2 4366
1 1078
1 443
1 3024
1 237
1 3178
1 1113
7 4343
1 2088
1 1419
1 2433
6 5327
1 1121
1 1750
1 2142
1 1321
1 308
1 1619
1 1662
7 3385
4 5977
6 4972
1 141
1 1957
1 2895
1 397
1 1550
1 2038
3 6165
1 1759
1 1929
1 1264
1 394
1 1964
3 3410
1 1184
7 3779
1 3089
1 2870
1 2909
1 393
1 3170
1 2186
1 1667
1 797
1 636
1 3156
1 774
1 1789
1 4119
1 2876
3 4402
5 6135
1 2744
1 774
1 2474
1 2301
1 2141
1 1568
1 2859
1 93
1 1516
1 2890
1 465
6 5446
6 3248
10 4802
1 1765
1 3096
1 466
1 2
8 6460
1 828
1 65
1 2576
1 1174
1 1016
1 1763
1 2846
3 6327
1 164
1 744
1 1306
1 498
1 2048
7 6086
1 3183
1 3222
1 1437
1 2857
1 1128
8 5373
1 5
1 1141
1 2838
1 1847
1 822
1 1408
1 2351
1 2871
1 2401
1 309
1 3171
1 682
1 2169
1 2246
2 1098
4 5031
1 1254
1 486
7 3704
1 2793
1 2496
1 2358
1 2056
1 646
6 4828
1 2142
10 4815
1 3107
2 2876
1 798
1 439
1 2234
1 2713
1 3231
1 314
1 1355
1 529
1 1601
1 644
1 2081
1 632
1 196
1 1210
1 417
1 564
1 224
1 953
1 1251
1 2504
1 398
1 2218
1 1919
1 1466
1 1767
5 3462
10 4022
1 1170
2 5535
1 2160
1 2455
1 2165
1 900
4 4784
1 2836
1 1651
7 6550
1 2454
1 1244
1 734
1 1365
1 669
1 2658
1 1321
1 748
1 2738
1 1045
1 1892
1 688
1 1926
2 5282
1 2220
1 2650
1 3215
1 1238
1 1020
1 951
1 1370
1 1879
1 1566
1 930
1 3187
8 5989
1 437
1 564
1 2650
3 5080
1 228
1 470
1 1653
1 1789
1 950
4 6176
1 577
1 2187
1 2893
1 1422
2 4957
4 4082
10 6609
1 598
1 244
12 3788
4 3491
2 3079
1 4
2 767
1 51
9 3902
5 3739
6 4683
1 2411
1 2741
1 839
1 1458
1 2660
1 1355
1 428
6 4990
1 1715
1 1535
1 1964
1 2811
1 44
1 2030
1 638
1 2155
1 337
1 2442
1 149
1 2919
1 717
1 2644
13 6636
1 2550
1 2378
1 1211
1 1462
1 2622
1 462
1 726
1 1400
1 1695
6 5563
1 1271
1 2171
1 1957
1 1327
1 2604
2 694
8 3653
1 1936
2 4841
1 1357
1 3066
1 2318
1 2626
1 2976
8 4910
1 2520
1 217
1 1103
1 1199
1 1254
1 2614
1 1962
1 2585
1 2365
1 1895
1 577
1 1135
1 1584
1 594
1 2926
1 1181
1 1930
5 6193
1 421
1 497
1 458
7 5987
1 726
1 3151
1 1607
1 277
1 2328
1 2289
1 2325
1 2096
1 2294
1 2197
1 1712
1 855
1 3003
1 1140
1 2987
1 2273
1 637
1 70
1 441
1 1726
5 5616
1 904
1 1130
7 3704
1 2103
1 1878
5 6202
1 724
10 3462
1 194
1 2709
10 6442
1 415
1 2564
1 1086
1 1309
1 2298
1 697
8 3777
1 1789
1 2164
1 2217
1 1607
1 1906
1 2989
13 3298
1 945
1 1178
1 1579
1 2473
1 8
2 2460
5 3627
9 4563
1 575
1 1832
1 582
1 715
1 1513
1 1124
1 1008
1 2354
1 2667
1 2805
1 1200
1 1983
1 62
1 2392
1 1952
1 43
1 1791
1 2691
1 1536
1 1332
1 255
1 2350
1 901
1 148
1 471
1 2289
5 5451
1 1104
1 466
2 3760
1 2534
1 117
1 357
1 272
1 2279
1 2180
1 2833
1 2127
1 1400
1 2130
1 2652
1 797
7 3937
1 1429
1 2359
5 6188
1 572
7 3918
1 1844
1 3185
6 4265
1 1123
1 2050
1 145
1 2994
6 5372
1 469
1 2249
1 667
1 1495
1 1178
9 5676
1 2242
1 989
1 560
1 1146
1 2528
1 2966
9 5416
1 1961
8 5512
8 5930
1 307
7 5110
1 667
1 340
1 1186
1 871
1 1351
1 3207
1 46
1 3129
11 4413
1 1356
8 5282
7 5731
1 2383
1 551
1 2005
1 1378
1 1144
1 3170
1 3173
1 1419
1 1940
3 4377
1 882
1 2923
1 2171
1 1419
1 3109
1 520
4 6711
1 953
1 3149
1 581
1 2550
1 624
1 1789
7 4087
1 1277
7 4341
1 2822
1 2580
1 2266
1 1729
1 2382
1 2304
1 2324
2 1318
1 1771
1 926
9 6316
5 6209
6 6655
1 1702
1 543
1 2580
1 1715
1 1605
1 2583
9 4472
1 2834
1 1734
1 2480
1 2286
1 190
1 667
1 1759
1 1574
1 3057
1 1191
1 2131
1 1996
1 2965
1 1155
1 739
1 1634
1 2974
1 956
1 3194
1 2687
1 2576
1 2020
1 1180
1 84
1 2628
1 214
1 3134
1 1794
1 2328
1 2946
1 2351
2 2567
1 2382
1 1606
9 6482
1 1263
7 6042
1 2943
4 5768
1 2032
1 773
1 1754
1 2899
1 745
1 1611
1 305
1 627
1 1365
1 136
1 226
1 822
1 2616
1 3038
1 670
1 2702
1 777
8 5994
1 651
1 1454
9 5503
1 755
1 2937
1 1130
1 114
1 678
1 1302
1 794
1 3169
1 1585
4 3882
7 5307
1 3209
1 1809
1 812
1 710
1 1099
1 1088
1 3011
1 1384
1 1166
1 1571
9 4934
1 134
1 1453
1 1859
1 996
1 1769
1 1868
1 2886
1 1701
8 4928
1 1954
1 2789
1 601
1 631
2 493
1 449
1 1616
1 81
4 3522
1 485
7 4227
1 645
4 3989
1 2260
5 5666
3 6589
1 1381
1 2638
1 1362
7 5760
1 3179
1 3101
1 2359
9 6332
1 3191
4 5431
1 165
1 2330
1 2393
1 2487
1 904
1 391
1 2879
1 3059
1 1063
1 1290
1 374
1 2497
2 1536
1 2408
1 2966
1 974
1 1274
1 76
1 819
1 347
1 2595
7 4784
1 132
1 201
1 2352
1 2340
1 662
1 2221
1 2935
6 3469
1 1439
1 2349
1 664
1 2225
1 2775
1 2470
7 3256
1 3098
1 2980
1 2063
1 2766
1 1268
1 2663
1 2787
1 92
6 6723
1 1247
1 398
1 1364
1 177
1 408
1 435
1 631
1 2592
1 2923
1 1340
1 2412
1 2101
1 2487
1 3078
1 1145
1 2682
1 39
1 1289
1 2052
1 3178
2 209
1 2640
1 3177
1 1179
1 2961
1 379
1 606
1 1700
1 3008
1 1068
1 2244
5 6389
1 1532
1 37
1 2411
1 951
1 2965
1 2613
1 2430
1 265
1 1392
1 1301
1 2023
1 1585
1 26
1 2256
12 6471
1 916
1 1944
1 1293
10 6333
7 5531
1 1643
1 2950
1 772
5 5055
7 4497
1 2080
1 647
1 1268
1 409
1 2270
5 3724
1 2585
1 1382
1 1051
1 1646
1 1998
1 2260
1 1880
2 3891
1 185
1 2165
1 518
6 3862
1 2841
1 1799
1 3046
1 2383
1 1076
1 347
1 1950
1 1548
1 557
5 6296
1 2823
1 521
1 2590
1 2530
1 388
1 1775
1 1634
9 4417
1 2927
8 4614
7 6352
1 1465
1 1017
1 2239
3 3710
1 2581
7 4590
1 1786
1 1559
1 999
1 88
1 2496
5 5193
6 4778
1 57
1 544
1 2387
5 3256
1 2770
5 3650
1 271
1 2568
4 3918
1 2771
1 419
1 2674
1 709
1 2507
1 235
1 1766
1 1034
1 2417
1 39
11 5532
1 2468
7 6411
1 2794
1 1551
8 4703
1 2692
1 2909
1 303
1 2394
1 826
1 2895
1 1277
3 4817
1 2100
1 2709
1 1403
1 166
1 2524
1 28
1 2621
1 1405
1 414
1 352
4 3758
1 1152
1 2198
9 6633
1 140
12 6724
1 1444
5 4773
1 2100
1 583
1 1008
1 2022
1 921
1 1221
1 7
1 352
1 1403
1 2976
1 879
2 7
1 734
1 1782
1 2268
1 1578
1 615
1 838
1 1963
1 236
1 381
1 2073
6 3252
1 1128
8 3858
1 1475
1 263
1 1374
7 5327
1 3213
9 4126
1 1571
1 1936
1 1895
1 932
1 952
1 1770
1 1996
1 2224
1 2999
1 66
1 420
6 6269
1 1813
1 1675
1 3025
1 1402
1 776
1 864
1 1527
7 5981
1 914
1 2445
8 3704
4 4952
1 664
1 161
1 1615
1 1947
1 3059
1 600
1 1742
2 1353
4 6566
1 502
1 2317
1 1181
1 1889
1 2897
1 1907
1 2915
1 2254
1 1090
1 2728
1 794
10 4294
1 3009
1 239
1 2269
1 861
1 1504
1 3071
6 5931
1 2079
1 1926
1 2846
1 1464
1 857
1 1016
1 1401
1 1313
1 73
1 2239
5 5160
1 2244
1 2893
1 1186
1 3222
1 2158
8 4791
1 420
1 1594
6 4899
1 2767
1 2802
1 2111
1 1920
1 42
1 1469
5 4071
1 1653
1 2058
1 699
1 276
1 208
1 552
1 2594
1 454
1 708
1 1944
1 3181
1 2675
1 2062
1 95
1 1940
5 4606
5 6613
1 2048
3 4894
1 643
1 3096
2 2201
1 1949
1 1473
1 1475
1 1438
1 350
1 1498
1 1193
1 1274
1 1476
6 5895
1 1031
8 6126
1 2718
1 2282
6 3717
1 2506
1 763
1 2407
1 2767
1 2033
1 2363
1 3040
7 3798
1 1155
4 4778
5 6443
1 684
1 2716
1 2359
1 1144
1 384
1 461
1 1157
1 401
1 2119
4 4903
1 2767
1 543
1 2577
10 4363
1 2969
1 838
2 2108
1 502
5 4277
1 2437
1 1557
1 1619
1 1742
1 2466
1 538
1 1190
1 473
1 2611
1 824
8 5932
1 2709
1 518
1 1572
9 6507
1 2973
1 41
1 3074
1 3213
1 2730
1 622
1 617
1 2067
1 553
1 2696
1 2851
4 4778
2 5666
1 2649
1 273
1 2689
1 810
1 1584
1 193
1 1411
5 4857
1 1615
1 1994
1 1137
1 3031
1 967
1 1164
1 2137
1 1767
1 1149
1 3209
11 6602
1 1686
1 2805
9 6445
1 1676
1 1604
1 2119
1 2009
1 2337
1 3030
1 1565
1 1427
1 2646
1 2208
1 156
1 2055
1 1348
1 3094
1 321
1 3173
1 2365
6 3609
6 4327
1 2988
1 2288
1 3065
8 5691
1 101
1 538
1 722
1 1402
1 1037
1 745
2 2914
1 700
1 431
1 388
1 3108
1 722
1 2128
1 390
3 5601
1 1874
5 3617
1 1659
1 355
2 2128
4 3683
1 1911
1 1350
1 167
1 236
1 240
1 2136
1 3214
2 4035
1 1435
1 970
1 1541
1 1066
1 110
8 5382
1 2107
9 4476
4 4479
10 6408
1 452
5 6413
5 4997
1 1278
1 1926
1 1512
1 218
1 1761
1 2481
1 1057
1 2031
1 1373
1 1874
1 2381
1 2560
1 1961
1 1686
1 37
1 384
1 2155
1 903
1 752
1 531
7 5247
1 851
1 484
1 317
1 532
1 2393
1 1395
1 1296
1 468
1 3219
1 1508
1 2018
1 135
1 1806
1 2051
1 1068
1 149
1 803
7 5254
1 2087
1 169
1 1268
6 4123
4 5423
1 1803
1 670
1 1778
1 3078
1 2787
1 271
1 1368
1 1796
1 2732
1 2478
1 1778
1 1106
1 1100
1 2533
1 704
1 1213
1 954
1 1692
1 584
1 2143
1 2095
1 2636
1 1394
3 6367
1 1315
1 2582
1 1511
1 41
1 1748
5 3547
1 3092
1 1731
1 1239
4 3742
1 426
8 3388
1 2324
1 3082
1 585
1 957
1 1310
1 998
1 1362
1 1
1 772
1 755
1 2219
1 1251
1 1558
1 2533
1 1815
1 900
1 1156
1 452
1 243
1 882
1 1536
1 2273
1 2244
1 1641
1 2067
1 632
1 2519
1 2848
1 3076
1 3204
1 527
1 3156
1 2733
1 939
1 2461
1 1736
1 1370
1 3154
1 2527
1 1721
1 442
1 1795
1 1161
1 3085
1 2477
1 2330
1 926
1 1409
1 2499
1 495
1 2567
6 4465
1 1629
2 1615
1 546
1 1950
1 2771
1 703
1 1523
1 1525
5 4509
1 107
1 2135
6 3283
1 944
1 1400
1 2414
1 3053
1 3220
1 1511
1 876
1 467
1 1420
1 880
1 1835
1 1711
1 1375
6 3395
1 972
1 2634
1 1794
1 743
1 291
1 1072
1 2961
1 1318
8 6167
1 3170
1 737
6 3452
12 6311
1 35
1 1210
1 2212
1 1186
1 2731
1 916
1 3154
4 3533
4 4129
1 2127
1 1489
1 856
1 1703
6 3575
5 3483
1 1909
1 381
1 501
4 3539
1 1941
1 1767
1 2991
1 1807
1 1266
1 285
1 475
1 878
1 2198
1 2325
1 1064
1 347
6 4501
1 544
1 5
1 436
5 6730
1 783
1 328
1 2744
1 1873
4 5514
1 2493
1 284
1 1156
1 2898
1 2739
1 939
1 907
1 1802
1 1699
1 3013
1 1691
1 1742
1 1678
1 3162
1 2594
1 1826
1 3027
1 1113
1 2624
1 2131
1 1390
6 4947
1 2128
1 844
1 1191
1 1405
1 554
1 1473
1 1178
1 198
1 1921
1 3060
1 348
1 1286
1 2517
1 3005
1 1813
1 8
5 4473
1 2673
1 1847
1 48
3 4744
1 1672
1 1589
1 2055
1 821
1 1868
1 134
9 5717
1 713
7 5858
1 3023
4 5377
1 659
1 1019
1 2528
1 2753
1 1522
1 1133
1 519
1 2627
1 2267
1 3068
1 2439
2 3089
1 2955
1 2759
6 3515
1 2341
1 168
1 142
1 1577
1 237
1 2442
1 377
1 1790
6 6139
1 2031
1 461
1 1000
1 2975
1 741
1 2079
1 1883
1 2079
1 1638
5 5665
1 2225
1 2872
1 3118
1 1650
1 1187
1 1643
1 8
1 248
5 3565
10 6266
1 2269
1 2571
1 1464
5 3784
6 5265
1 1611
1 881
2 2537
1 2063
1 2142
3 5031
1 1936
1 315
9 4099
1 1684
1 1587
1 2041
1 1320
1 2313
1 1301
1 2993
1 653
1 2679
1 1267
1 2878
1 949
9 6186
1 721
1 392
6 5221
6 4647
1 2483
1 1358
1 236
7 3442
1 3008
1 1812
1 2754
5 5701
1 561
1 2049
1 485
1 2424
1 503
1 1462
1 765
7 4916
1 2007
1 376
1 306
1 482
1 1530
1 2999
7 5747
1 2539
1 2432
1 2822
1 1343
6 5810
1 2447
1 2373
3 4800
1 2530
1 813
7 4933
1 1505
1 1650
1 2272
1 399
1 1644
1 2151
1 982
1 1898
1 209
1 1098
1 1745
1 529
1 2684
1 2955
1 2378
1 2490
1 1645
2 991
1 2565
1 1451
1 859
11 4822
1 60
1 1167
1 2835
1 1228
5 5057
1 2375
1 2345
1 2378
4 5203
5 5525
1 2647
1 2873
1 1686
1 777
5 5590
1 3032
1 922
1 954
1 2358
1 2967
1 2519
4 6755
5 4724
1 2373
7 6598
1 1610
7 6556
1 1403
1 108
1 152
1 1093
9 6156
1 566
1 3209
1 963
1 1935
1 709
1 501
1 134
1 2460
1 2805
1 3077
1 2140
1 2217
1 868
1 1831
1 1988
6 5570
5 3268
1 2733
1 1058
1 2761
1 2726
11 3321
1 599
6 5823
1 1750
1 2852
1 1046
6 5592
1 3174
1 2407
12 3899
1 2814
1 910
1 899
1 2463
1 1370
1 1762
1 987
11 6034
1 63
1 59
1 3168
1 789
1 971
2 2059
6 6165
1 2702
6 4265
1 2604
1 2501
1 1435
1 1141
1 1038
6 5829
1 2063
1 1848
1 875
1 136
1 279
1 2338
1 1754
1 2850
1 548
5 6630
1 2213
1 2892
1 2933
4 3945
1 2855
1 1992
4 5916
1 2478
1 3151
1 679
1 2911
3 5222
1 2910
1 508
1 2161
1 1602
6 5630
1 1576
1 1482
1 554
1 1909
6 5717
5 5643
1 2323
1 307
7 6103
1 592
1 2250
1 160
1 930
1 969
1 2540
1 740
1 1358
1 2728
1 1028
1 879
1 756
1 3192
1 922
2 3123
1 94
6 4146
1 778
1 2484
1 79
1 2707
1 1856
1 2870
1 1048
2 594
1 62
5 4919
1 2995
1 1573
1 60
4 4364
1 7
1 1963
6 3344
1 1275
1 710
1 2364
1 1502
1 728
1 347
1 204
6 3540
7 6022
1 893
2 1157
1 399
1 2421
1 1675
1 1502
1 407
2 822
1 285
1 1246
1 103
1 411
1 1270
1 2070
1 2224
8 3593
1 1636
1 773
1 2522
5 5152
1 1520
1 1174
1 3175
1 2822
1 47
4 6709
1 1388
1 622
5 5150
1 1849
1 3005
4 5360
1 2604
1 364
7 5823
8 3644
1 2636
1 1629
1 824
1 3093
1 374
1 573
1 2348
1 1513
1 46
1 821
1 1056
1 1043
1 1807
1 242
1 991
1 2743
1 1677
1 26
1 882
1 2936
1 1254
1 3219
1 220
1 482
1 1655
1 2502
1 2121
1 1411
2 6399
1 1067
1 2580
1 109
1 686
1 1593
4 5160
1 2311
1 3214
1 1277
1 39
1 1414
2 1418
1 3021
1 660
9 5294
1 154
1 1507
1 2173
7 6477
1 1629
1 2900
1 3179
5 5850
1 1824
9 5864
1 2550
1 2194
1 2599
1 270
1 3083
1 2765
1 1427
1 119
1 2858
1 2871
1 1595
1 2141
1 3
1 2213
1 2885
1 2527
1 1400
7 6474
1 2071
1 1415
1 915
1 1295
5 6522
1 866
1 3197
1 2680
1 2953
6 4940
1 2661
1 1835
1 1138
1 397
6 5691
1 1709
4 4999
1 1407
1 1876
1 159
1 2952
1 1731
1 2093
1 289
1 1281
1 1190
1 1235
1 1834
1 797
1 1474
1 1321
2 4007
1 3092
1 3093
1 648
1 2756
1 126
1 2856
1 1785
1 1503
1 2669
1 1794
9 5681
1 355
1 1806
1 589
1 3010
1 887
1 3228
1 1565
5 4481
7 6157
1 1428
1 2527
2 711
1 2973
1 2060
1 1133
1 2849
1 977
1 1284
1 1088
1 2596
1 2741
1 1567
5 3643
1 2666
1 1920
1 568
1 2550
1 2748
5 3432
1 2122
4 4512
1 1614
4 4573
1 1000
1 1940
1 2712
1 821
1 780
1 881
1 79
1 2708
1 2554
1 2328
1 2840
5 6272
1 1041
1 2490
1 250
6 5011
1 376
1 2786
1 1011
1 2683
1 2517
1 1225
1 3125
1 37
1 1970
1 1449
5 3965
1 1183
1 351
1 3120
1 1373
1 548
1 2590
7 6106
1 1200
1 1535
5 5331
1 167
1 912
1 1654
1 2668
1 1205
1 2821
1 2321
1 217
1 508
1 3151
1 3112
1 1790
1 1859
1 189
1 363
1 2625
1 2325
5 4771
1 2311
1 1966
1 1904
5 4752
1 2265
6 4843
1 2406
9 4956
1 2993
1 1677
9 5232
1 1391
7 6626
6 6405
1 3161
1 2347
1 1265
1 275
1 605
1 1899
1 2802
1 1783
1 1853
1 1666
1 386
9 4960
1 279
1 484
1 2290
6 6704
1 166
1 181
1 2901
1 2778
1 411
1 1720
1 2735
1 2120
7 5034
1 3142
1 2768
1 1082
1 3089
1 1016
1 651
1 2698
1 2416
2 2716
1 847
6 5189
1 2307
1 112
1 2436
1 539
1 2612
1 1749
8 5357
1 1388
1 2484
1 1506
1 2524
1 447
1 2043
1 1880
1 428
1 1231
1 922
1 1552
1 802
1 3183
1 62
1 609
1 982
1 1993
1 2328
1 1649
1 73
1 2500
1 824
1 1641
1 64
1 1779
1 98
1 2761
1 2378
8 5209
1 834
1 289
1 843
1 3172
11 5670
1 1425
1 1216
1 1007
1 1179
1 1636
1 1814
1 475
9 3657
2 1573
1 2800
1 3147
1 2430
4 3787
1 2878
1 2072
1 719
1 1557
2 3994
1 784
1 2187
1 2950
1 2229
1 827
1 764
1 1954
1 497
6 3704
1 2957
1 2346
1 439
1 2924
1 2725
3 5417
9 6124
1 1373
1 216
1 904
1 1993
4 5657
6 5572
1 351
1 2754
1 2692
1 2357
1 562
1 2791
1 5248
1 2111
1 1295
1 1230
1 1904
7 5511
1 1115
7 3655
1 1650
1 3201
1 960
1 2498
10 3368
1 759
1 1183
1 952
1 2653
1 4
1 2541
1 2305
1 1456
1 639
1 2563
1 892
1 1343
1 809
1 1249
1 2666
1 635
1 2565
1 2194
1 803
2 2200
1 1201
1 383
1 3158
1 1534
1 597
1 3191
1 2003
1 1119
1 2658
1 3147
1 2625
1 2595
1 996
1 1206
1 2421
1 1227
1 1487
1 568
1 2427
5 4862
1 2730
6 5424
1 2405
5 3496
1 3164
1 2320
1 2756
1 2792
10 5903
1 2683
1 2860
1 275
1 94
1 1935
1 1283
2 3387
8 5478
1 1720
8 5357
1 1837
1 2054
1 3210
1 2621
1 1634
1 2002
1 1135
7 5134
1 2934
1 3077
6 6162
1 2567
1 1110
1 2984
1 1830
1 65
1 1685
11 4504
1 1070
1 2786
1 1924
1 1745
1 2594
1 211
1 516
1 1699
1 425
1 256
1 1032
1 743
1 2193
1 689
1 528
1 1803
1 909
1 1331
6 6117
1 98
1 1887
1 1146
1 1330
1 1883
1 881
1 1212
1 1878
1 2330
7 5624
1 860
1 141
1 272
1 2181
10 5023
1 878
1 907
5 5062
6 4222
10 4795
1 2279
7 4449
1 1195
1 1858
1 922
1 221
1 1736
1 1174
1 982
1 271
10 4850
1 615
1 2791
1 239
7 4103
7 3866
1 2792
1 244
1 1308
1 2220
1 365
1 2417
1 2578
1 1538
1 1367
1 2718
1 1120
1 349
1 2370
1 1855
1 2770
1 2976
1 1015
6 4601
7 4466
1 569
1 1622
1 2631
6 5278
1 204
5 3250
1 49
1 1792
1 1474
1 2037
1 2903
1 2259
1 1053
4 3568
1 835
1 123
1 2897
1 1450
1 3031
1 1010
1 857
1 480
1 2734
1 596
5 4049
1 937
5 4067
1 1322
1 1856
1 2981
1 2758
8 3328
1 2330
1 2283
1 1541
7 3372
4 5158
1 2860
1 747
1 273
1 1843
1 1683
1 2004
1 576
1 2687
1 2358
1 1922
1 221
1 1756
5 4753
1 1743
1 1513
1 715
1 3121
1 161
1 2000
1 1437
1 1166
1 476
5 5464
10 5893
1 1878
1 3194
1 902
1 991
1 1545
7 3730
1 1545
1 233
1 2229
10 5163
1 2663
1 2102
1 2997
1 227
1 3190
1 492
1 2631
1 234
1 2180
7 5573
1 1885
1 879
1 1153
1 721
1 2328
1 1901
1 2584
1 2814
1 839
1 2992
1 3092
1 433
11 6380
1 1976
1 1296
1 3204
1 858
1 1472
1 2220
1 1133
3 4587
1 3021
10 3653
1 2685
8 4301
1 1612
1 1970
1 457
1 3040
1 412
1 2672
1 2341
2 1764
1 3024
1 1753
1 1515
1 2692
1 3064
4 5350
1 1803
1 3135
7 4146
1 564
5 6620
6 3592
1 1518
1 1146
1 712
1 700
3 3431
5 3305
1 352
1 2325
8 5689
1 203
8 4758
1 1287
1 2535
1 2806
1 670
4 3634
6 4773
1 254
1 1601
1 947
1 2412
8 6454
1 975
1 671
5 6469
1 2754
1 3128
1 541
1 2573
1 1220
1 2372
1 707
1 2618
1 3226
9 4976
1 2768
1 1070
1 393
1 638
1 2484
1 2638
1 2152
1 2284
1 1959
1 2462
1 1387
5 6521
1 2987
1 1309
1 727
1 2469
1 398
1 2080
1 146
10 6329
1 98
1 1689
1 2692
1 123
1 1137
5 4316
7 6299
1 3099
2 2602
1 2711
2 1274
1 2898
1 1324
1 1148
1 3010
1 2639
6 3913
1 3125
1 272
7 6385
1 1514
7 5671
1 1571
1 968
1 1577
1 1104
1 2911
1 773
1 1335
1 884
1 426
1 2578
1 2941
1 138
7 6591
1 1160
1 2676
1 2424
9 5763
1 2802
6 5443
1 2894
2 779
1 1572
1 1249
1 2781
1 3125
6 4628
1 658
1 62
1 1392
1 1620
7 6678
7 4566
1 388
9 6613
1 2127
1 2755
1 916
1 2125
1 1321
1 893
1 1401
1 749
1 3094
6 5005
4 6576
1 2924
1 1938
10 3883
1 731
1 1217
1 1526
1 2435
1 1292
1 2598
1 318
1 3054
1 2100
1 465
1 1518
1 2398
1 853
1 1245
1 197
1 1086
1 2684
1 2389
1 3032
1 277
1 1348
1 1920
1 166
7 3829
1 1351
1 2702
1 2982
1 1593
1 795
1 25
2 4556
1 2424
1 767
1 2630
1 1198
7 5307
1 1006
1 1542
1 1846
1 2421
1 844
1 1028
1 1570
1 1635
1 2519
1 2108
4 5281
7 5077
1 1050
1 843
11 4460
1 2958
1 765
1 2254
9 5516
2 373
1 2968
1 688
1 528
1 2781
4 3352
1 2807
1 2717
8 3747
1 1763
1 2791
1 2067
1 665
1 1911
5 5957
1 265
2 2427
12 3290
1 2117
1 2101
1 621
1 2200
1 763
1 751
1 3
1 1848
1 1447
2 2488
1 93
1 67
6 5618
1 2629
1 385
1 722
1 744
1 2018
1 2359
1 2294
1 3230
1 1096
1 2464
1 1813
1 309
1 3139
3 5549
1 2498
1 2221
1 2897
1 2818
1 717
1 3181
1 779
1 1951
1 1434
1 1323
1 1748
1 1931
1 1390
5 6749
1 964
1 2266
1 1355
1 2447
1 1106
1 1640
1 615
1 839
1 551
1 2596
1 2506
1 1069
1 2807
1 1730
1 1871
1 2009
1 2827
1 799
1 520
1 2889
4 6073
1 1256
1 719
1 1670
1 1504
1 888
1 838
5 5385
1 1039
1 2908
1 1617
1 317
5 4727
1 1321
6 5565
9 3595
1 207
1 1186
1 1487
1 1111
1 2863
1 205
1 459
1 1053
6 6471
1 1588
1 1699
1 1749
1 2238
1 2516
1 1455
6 4888
6 5085
1 598
1 1820
1 482
1 1846
8 6115
8 6716
2 4401
1 1106
1 668
1 3027
1 3110
2 1964
1 2269
1 512
1 1766
1 1895
1 459
1 3214
1 430
1 2982
1 1427
1 905
1 2203
1 1810
1 2113
1 2712
1 474
1 2657
1 1274
8 6474
1 1730
1 2997
8 5868
1 2892
8 6397
1 1726
1 751
4 5873
1 2666
1 2789
1 2945
9 3360
1 1142
7 6472
7 5306
1 1187
1 2059
1 846
1 1952
1 1986
1 40
1 2708
1 405
3 3325
1 2111
1 3144
1 2622
6 3503
1 228
1 2892
1 2503
1 1106
1 25
3 4472
1 1312
6 5658
1 338
1 2363
6 6259
1 3112
1 2359
1 2876
1 2353
1 1892
1 960
1 1782
1 704
1 1038
1 647
1 1953
3 5426
5 4470
1 3143
1 810
1 2706
1 1210
1 1653
1 2288
1 2421
1 2240
1 1975
1 29
1 2369
1 49
1 2053
1 259
1 686
1 1764
5 3728
1 2782
1 1143
1 1648
1 301
1 1605
1 954
7 5909
10 5490
1 3089
1 3031
5 4169
1 1583
4 6033
1 1630
1 922
1 1466
1 1079
8 3485
1 2882
1 1682
1 1580
1 1454
1 2747
1 3082
1 2336
6 5345
4 3953
1 1627
5 4153
1 2842
1 692
1 1889
1 2989
1 2988
1 2322
1 2053
1 174
1 2310
1 3087
1 1488
1 2718
1 1833
1 358
1 369
1 2648
1 864
1 1336
1 2963
4 5236
1 2429
1 1568
7 5170
3 6431
3 5369
1 2214
1 1254
1 1032
1 2252
1 1078
1 409
1 792
1 2311
1 2801
1 837
1 3230
1 601
1 1009
1 1583
1 773
5 5790
1 204
6 4062
1 3072
1 1920
1 3159
1 839
1 665
3 6214
1 988
1 1909
1 2181
1 725
1 2738
1 121
1 2228
1 1533
3 4716
1 1223
1 2777
1 3168
1 2191
1 2357
1 2312
1 3051
1 587
6 5455
5 3275
1 2481
1 752
1 2501
1 184
1 1039
1 2739
1 1318
1 2940
1 2865
5 5992
5 4063
8 3417
1 2687
1 734
1 2934
1 790
1 1953
1 2464
5 5928
7 4922
6 4580
1 960
6 4830
1 2277
1 1533
7 5367
8 5059
1 1056
1 2481
1 2121
1 2105
11 4825
1 2690
1 2406
1 2282
1 2770
1 2108
1 1699
1 2902
1 1975
1 1629
1 1577
4 4431
1 2741
1 2399
1 1601
1 2884
8 6651
1 1405
1 2515
2 6482
4 4615
1 1031
1 2217
1 3114
14 5126
6 3310
1 4
1 2978
1 2925
1 1736
2 4017
4 3789
1 1954
1 910
1 2965
1 2220
1 3143
6 5207
1 2934
9 6345
6 3728
1 2890
6 4355
1 2771
1 1932
1 1711
1 2212
1 2472
1 406
1 1160
3 5673
6 4300
1 228
1 2866
1 230
5 3241
1 2072
1 1021
1 72
5 3953
4 6268
1 1548
1 1258
1 1947
2 4496
1 625
1 1290
1 908
1 159
1 583
7 4360
1 1609
1 712
1 2804
1 3000
1 107
1 583
1 1374
1 3147
1 1061
1 1471
1 1461
1 1505
1 3064
6 4977
1 1302
1 122
1 1089
6 6627
1 1249
1 426
1 3195
1 522
1 2865
1 1852
1 885
1 3127
1 348
1 613
1 2035
1 46
1 346
1 3077
1 1647
1 230
1 2865
1 2310
1 2150
1 2838
1 720
1 122
1 3011
1 1452
1 2976
1 1288
1 2220
1 881
1 1245
1 1586
4 4240
1 572
1 1698
1 1212
1 2101
1 2648
1 2088
1 816
1 3208
1 967
1 905
1 259
1 504
1 3048
1 1372
1 1659
1 274
1 2479
1 1832
1 2236
1 407
1 1
1 2774
1 3086
1 1473
1 285
1 2877
1 1067
1 2003
1 857
1 1461
10 5196
1 2483
1 1706
1 2351
1 2397
1 1509
1 1482
1 1409
1 2809
1 748
1 1771
1 2005
1 1813
1 103
1 1971
1 2861
1 1340
1 1641
1 383
3 6352
8 4436
1 1124
1 2144
1 428
2 2563
6 4774
1 1703
2 4473
1 126
1 1487
1 458
1 427
1 691
1 737
1 650
1 1478
5 4589
1 3038
4 5117
1 91
6 5513
1 2643
1 872
1 869
1 648
1 1719
1 213
2 2928
1 826
1 2780
1 3192
1 2803
1 2684
1 2083
1 3218
6 5690
1 2702
1 1205
1 562
2 2916
5 4516
3 4637
1 2416
1 712
1 2830
1 2796
1 1174
1 754
1 2808
1 2119
4 5642
1 1718
1 296
1 125
1 1906
1 710
7 4474
1 2207
1 537
1 366
1 2241
1 446
1 82
1 1841
1 1260
1 1051
6 4105
1 298
5 6254
10 6635
6 3475
1 1623
1 1552
2 960
1 439
1 408
1 429
1 1623
1 2604
1 1991
1 2504
1 443
1 2513
1 2990
1 2484
5 5689
1 2701
1 2898
1 119
1 2200
1 2617
1 381
1 94
1 1235
1 1941
1 1928
5 4109
1 2019
1 2016
1 3192
1 2071
4 3653
1 782
1 1219
1 2106
1 37
1 2940
1 1179
1 1957
2 1528
1 2879
4 3914
1 1013
5 6439
1 2445
1 3039
1 1115
1 2906
7 4847
1 83
1 970
1 1495
4 6532
1 1124
1 378
1 1986
8 5290
1 1889
1 2284
1 1148
1 15
6 3260
6 3606
1 688
1 2905
4 4869
1 2725
1 1836
1 48
2 318
4 3894
1 390
1 3080
1 1778
1 1951
1 766
1 2923
1 2506
1 1709
1 3054
1 613
1 2182
1 1247
1 2839
1 1436
1 153
1 2306
8 5602
1 1297
1 1464
1 3021
1 62
1 283
1 1848
1 3073
8 3720
1 1110
3 4019
1 703
1 2999
1 157
1 1432
1 2605
1 3183
1 230
1 1783
1 2834
1 1162
1 376
1 3007
1 822
1 2383
1 267
4 5916
1 2589
4 4032
1 2396
8 5294
1 363
1 38
1 3047
1 1864
1 930
1 2759
1 472
3 5222
1 1153
1 1018
1 2010
1 1787
1 1522
7 6735
1 3134
1 591
1 653
1 1051
1 1879
3 5392
1 2785
1 3231
1 1321
1 53
1 84
6 5668
1 697
1 1593
1 447
8 4183
1 1569
1 1737
1 2550
1 373
10 6083
1 1018
1 90
1 1228
1 2337
7 3262
1 1692
1 2816
1 1591
1 2697
1 424
1 2545
1 537
1 2426
1 1904
9 6120
4 4214
1 372
1 2977
7 5788
1 3231
1 93
1 2245
1 649
1 3160
1 1496
1 1065
5 5954
1 3214
1 590
1 2866
1 1462
1 645
1 2825
1 524
1 2590
1 1112
1 195
1 2573
1 2706
1 2830
5 4663
1 829
1 99
1 2347
1 2942
1 2589
1 2487
1 1952
1 2824
1 1731
2 547
1 2986
1 1992
1 2188
1 1214
1 1530
6 4693
1 2378
5 5773
1 1049
1 2903
1 87
1 384
1 607
1 2350
1 2406
1 2498
1 2926
1 3090
1 983
3 3935
1 813
1 2046
10 3543
1 2292
1 579
1 843
1 134
1 819
1 2539
1 2514
5 3388
3 6134
5 5045
1 424
1 1951
7 6258
1 2395
4 3347
1 2668
8 5655
1 539
5 6592
8 3981
1 2456
1 2329
1 2552
1 2667
8 3666
1 2726
1 1700
1 2062
1 1908
2 3982
1 2459
1 100
1 940
1 1401
1 2233
1 641
1 1660
1 1236
1 688
5 3620
1 2846
5 6540
1 307
1 947
1 2270
1 258
1 574
1 2957
1 518
1 975
1 3168
1 3107
1 1890
1 1940
1 2178
1 952
1 2106
1 1998
6 6612
1 1649
1 104
1 2165
1 3139
1 2377
1 2674
1 2728
7 4455
1 72
5 5743
1 2272
5 3287
1 1504
1 858
1 2485
3 6600
6 3714
7 3289
1 3193
6 3938
5 6246
1 3222
1 2604
1 1647
1 2165
1 1706
1 42
1 2907
1 2178
1 641
1 1666
1 1736
1 3146
1 545
2 2972
1 1744
1 2334
1 1231
1 2493
6 4806
1 1805
1 235
2 6616
1 2232
1 1426
1 433
6 5388
1 2358
1 2312
1 2564
1 1238
1 2265
1 1687
6 5337
1 112
1 1842
1 1613
1 1469
7 3266
1 2958
1 484
5 6722
1 678
3 5722
1 1694
1 1443
1 2627
1 685
1 1034
1 3136
1 2163
1 88
1 2828
1 3184
1 1629
7 5847
1 531
1 4757
1 1445
1 1407
1 2502
7 5149
3 3484
1 406
1 2584
3 5407
5 4575
1 1364
1 650
1 1681
1 1610
11 3325
2 1234
1 1333
1 2757
1 3087
1 2252
1 1526
1 1066
1 2770
1 3229
6 5526
2 4324
1 1387
1 1387
1 264
1 224
1 2209
1 1180
1 354
1 915
1 1705
1 1907
1 649
1 217
1 2681
1 1325
1 205
1 1668
1 1377
1 1745
1 883
1 2687
1 1506
1 2845
1 3131
1 299
2 736
1 1805
1 3222
1 1062
2 2533
1 1227
1 1547
1 148
1 2658
7 6716
1 2640
12 6767
1 1167
1 1927
5 4133
1 2188
4 4310
1 2983
1 1670
1 353
1 2783
1 875
1 1160
1 2547
1 2694
1 70
1 2850
1 2686
1 2692
1 566
1 403
1 2725
1 1919
1 1347
1 1960
1 1519
1 2775
8 3936
9 6466
1 1198
1 2781
1 1130
1 2515
1 2561
1 1660
1 1783
1 2987
1 2148
1 1624
10 5487
8 3395
1 18
1 2556
1 442
1 1095
1 2055
7 4538
1 247
1 524
1 3075
9 5827
1 2971
1 1009
1 1245
1 1025
1 1548
1 2396
1 154
1 2104
5 5351
1 565
1 2382
1 1362
1 2718
1 931
1 273
1 1667
1 2923
1 1929
1 1192
1 2570
1 1972
1 49
1 2424
1 1107
1 3054
1 52
1 2210
6 3524
1 483
1 986
4 5006
1 2488
1 1709
1 2723
1 2824
1 3124
1 890
1 3173
1 972
1 898
8 3306
1 1742
1 2438
1 2771
1 2803
1 1631
1 412
4 5600
1 1355
11 5674
1 1596
1 316
1 1141
1 450
8 5225
1 2357
1 1387
6 4104
7 6645
1 1019
1 2500
4 4521
1 2992
1 1300
1 3028
1 1456
1 510
1 1402
1 2267
1 2822
1 2113
1 2256
1 833
1 859
1 2045
1 1840
1 679
10 6259
1 1981
1 564
1 1538
1 2785
1 429
1 956
1 2362
1 438
6 6105
1 1141
1 818
1 2167
1 2385
1 1298
6 4377
1 3029
1 1638
8 3274
1 380
1 3233
1 736
1 640
1 3149
1 1265
1 523
1 2279
1 1486
1 1082
1 1358
1 1639
1 2979
1 1141
1 583
1 1909
1 1416
10 4888
2 148
1 298
1 2757
8 4573
1 2510
9 5524
1 777
9 4120
1 734
1 2688
1 72
1 1171
1 157
5 6304
1 2840
4 4822
1 1612
1 2947
1 2996
5 5710
1 695
1 1470
1 904
7 3285
1 335
1 1927
2 5623
1 2135
6 5464
6 6028
8 5042
8 4056
1 537
1 2409
1 1730
1 1983
1 170
1 297
1 871
1 1231
1 1186
1 1508
1 515
1 440
8 3284
1 1282
1 1099
1 1001
9 5498
1 2351
1 3101
1 2891
1 2041
9 3857
1 2485
10 4802
1 851
1 1157
1 587
1 2174
1 3055
1 743
1 2190
1 2844
2 121
1 87
1 1203
1 322
1 1741
1 2818
1 823
1 1229
1 2495
1 2572
1 1052
1 2157
5 4215
1 1245
1 974
1 528
1 2593
1 2893
1 1712
8 4309
6 5101
1 1946
1 2730
5 4999
1 42
1 3067
1 52
1 1743
1 2831
2 2886
1 1248
1 2864
1 622
1 2180
1 2667
1 2352
1 2368
1 2103
1 2192
1 1667
7 5609
1 3199
1 2187
1 122
1 1913
8 6757
1 1115
1 3007
7 4789
1 1349
1 1120
1 2888
1 1935
1 27
1 2571
1 1589
1 1554
1 1675
1 2466
1 1148
7 3825
1 2732
1 1431
3 6610
1 2899
1 3149
1 2678
1 1676
7 3509
1 303
2 1206
3 4535
1 1673
1 1418
8 3780
1 42
1 386
1 890
6 4185
1 1925
1 1709
1 2677
3 5021
1 1448
1 1561
1 2724
1 281
1 311
1 2007
1 1969
1 2757
1 1449
1 224
1 2460
1 2150
1 1706
1 780
2 6
1 2405
4 3840
1 2672
1 898
1 2077
4 4544
3 5854
1 29
8 6269
6 4262
1 1692
11 3481
1 2799
1 1845
1 2523
1 2969
1 1455
1 1242
8 3677
1 2952
1 89
1 2722
1 2469
1 537
1 13
1 1219
1 2524
1 478
1 2397
1 1608
1 503
1 1923
1 2070
1 1690
1 1652
1 363
9 4147
1 2091
1 2709
1 2641
1 380
1 991
1 3105
4 4581
1 1872
1 362
1 158
1 1674
1 2406
6 6764
1 2470
1 1690
1 1301
1 2974
1 1671
1 2759
4 4314
1 2342
5 6052
1 2609
4 3879
1 1147
1 2284
1 1522
1 2767
1 2753
1 2240
1 2004
1 2937
1 1292
1 2979
1 3153
1 1205
1 1062
1 3178
1 1979
2 1409
5 4692
1 417
1 261
1 1462
1 2014
1 1775
1 2055
1 941
1 377
1 819
1 1552
5 3659
1 1646
1 2657
1 69
10 3999
1 2295
1 1583
1 2613
1 462
1 1056
1 1433
1 2560
1 2148
1 1385
2 5182
1 1674
1 845
2 2733
1 1298
1 1434
1 3162
1 1117
17 5556
5 6691
1 1142
4 4036
1 2865
1 88
1 1733
1 1955
1 1589
1 1849
1 2327
1 995
1 2942
1 1475
1 1373
6 6529
11 5439
1 1994
2 2348
1 2564
5 6170
1 1455
1 1958
1 2293
1 533
1 553
1 1900
1 908
1 2179
1 3173
1 2092
1 2406
5 6382
1 156
1 1206
1 3130
1 3133
1 3150
1 1627
1 50
1 2038
1 2501
1 1929
1 182
1 1081
1 923
8 6499
1 3042
1 2868
1 387
1 369
1 1198
1 3216
1 1755
1 2358
1 767
1 1570
1 332
1 1369
1 860
5 4700
1 1889
1 455
1 2345
1 2123
1 2517
1 3099
1 1200
1 2448
1 2906
1 2913
1 63
1 2560
1 2675
1 2467
12 3275
1 482
1 3217
1 893
8 4797
1 2411
1 2759
1 33
1 1695
1 2035
6 5005
1 1355
1 2901
1 3159
1 255
1 1378
6 6766
1 810
1 1850
1 1774
1 667
1 986
6 5140
1 61
1 1211
1 3143
1 492
1 2120
1 244
1 204
1 2901
1 1711
4 5031
1 1984
1 1931
1 307
1 317
2 2865
1 917
1 648
1 954
1 1269
1 645
1 896
1 1521
1 641
1 662
7 5725
5 4108
6 3855
1 1806
1 738
1 2852
1 572
1 1852
1 2863
7 5330
8 3913
1 943
1 2317
1 870
1 746
1 242
1 2483
1 2377
1 1226
1 1215
1 116
1 851
1 492
7 5461
1 1611
5 6178
1 1441
1 133
1 2643
1 2427
1 1410
1 738
1 401
1 2812
8 3970
1 1848
1 2254
1 1132
1 1747
1 1006
1 125
1 136
1 14
1 1269
1 2596
1 108
3 4120
1 990
1 2659
1 2874
1 2695
1 1107
1 190
6 5950
1 2072
1 436
1 1143
1 2181
1 131
1 151
1 2594
1 2739
4 4406
4 5107
1 2908
1 2416
1 3149
1 1021
1 1898
5 5281
1 1178
6 4691
1 1302
1 2220
1 747
1 2767
1 1995
1 3165
5 4662
1 2687
1 1765
1 2678
1 2694
1 2299
1 3099
1 1713
1 1397
1 2816
1 2003
5 3981
1 690
1 985
1 770
1 3218
1 2571
1 2856
4 4093
1 741
1 362
1 689
1 2887
1 404
1 2273
1 291
1 1703
1 1123
1 2235
1 457
1 2118
1 2776
1 2340
1 174
1 1260
1 1396
2 260
1 710
1 2766
1 2528
1 2480
1 1428
1 243
1 962
1 589
3 6507
1 1366
1 760
1 1130
1 1669
1 2888
4 5040
1 2459
1 2716
1 2476
1 316
7 4182
1 2389
1 1786
1 998
1 1531
1 1590
1 127
1 1296
1 738
1 1206
5 5803
1 441
1 301
1 567
1 1968
1 885
2 3444
8 3278
1 2548
1 1804
2 107
1 2321
1 519
1 3008
8 4469
7 4139
1 1604
1 1563
1 1953
1 2503
1 3080
1 234
1 2074
4 5979
1 2977
8 4105
1 2950
1 2567
1 1386
1 883
1 219
1 1440
1 2616
1 2279
1 2189
1 693
1 1633
1 1123
1 768
1 724
1 3027
5 4091
1 2234
1 696
1 1114
1 1087
8 4038
1 2288
1 216
1 2544
7 3478
1 3197
1 897
6 4552
1 1802
1 2180
1 1667
2 5098
6 4809
1 1653
7 5031
1 2523
1 2825
1 2099
1 1842
1 1759
1 1221
1 466
5 6055
1 193
1 1769
1 862
1 2777
1 2260
1 394
1 863
1 1793
1 40
1 693
1 273
1 950
1 2064
1 869
1 3071
1 115
6 6322
1 1328
1 497
1 156
1 1882
8 4901
1 2972
1 2993
1 1563
1 1565
1 738
1 3139
1 456
1 3121
1 2800
1 728
1 84
1 3198
1 908
1 1563
1 3133
1 1832
4 6134
7 5273
1 2781
1 644
1 1079
1 1630
1 503
1 2645
1 2839
1 462
14 3845
1 1302
1 253
9 4193
5 4738
1 2578
1 1968
1 2775
1 2745
1 1442
1 1297
1 1497
7 5726
1 2563
1 2643
1 99
6 5178
1 1744
5 5100
4 3751
1 1859
1 2136
1 2212
11 5050
6 6549
1 1808
1 597
1 1013
1 2611
3 4017
1 3048
1 2758
1 2106
1 524
1 424
1 2861
8 3840
1 2765
1 3020
1 1783
1 2397
1 1604
1 341
1 1147
1 1986
1 598
1 1244
1 2791
8 3840
1 1830
1 198
1 475
1 69
5 5523
1 3038
1 1466
1 1884
1 612
6 4210
1 969
1 912
5 5241
1 118
1 1630
1 783
1 133
7 6456
1 2280
1 1321
1 1436
1 3059
1 670
1 3185
1 1386
1 2039
1 2877
1 1557
1 1008
5 3768
1 1862
1 1928
1 2816
1 2797
1 1768
2 848
1 3068
1 2310
1 2731
1 578
1 2824
1 3133
1 380
9 6694
1 461
1 886
1 3057
5 4732
1 310
1 2005
1 1560
1 2154
1 2872
1 508
1 1747
1 1115
1 237
7 4239
1 2932
1 1417
1 1231
5 5054
5 6415
1 880
1 1888
4 5544
1 1872
1 147
1 2273
1 622
1 1196
1 425
1 1505
1 2507
6 4215
1 1224
7 5118
2 965
1 2397
1 2241
1 133
1 1283
6 4290
4 6530
1 316
3 3580
1 582
8 5184
1 471
1 1381
1 3081
1 2748
7 5190
1 437
1 514
1 1534
1 1401
8 5674
1 1938
5 6036
1 1627
7 5942
1 2412
1 52
1 2519
8 5728
1 2324
1 940
1 1977
1 267
4 4946
1 2311
1 2949
1 2817
6 6664
5 6120
1 193
1 1688
1 771
1 2210
1 1672
1 3077
5 4050
1 695
1 1793
1 2480
1 275
5 5469
1 2791
1 1314
3 6678
1 641
1 2517
1 2683
1 1534
1 1971
1 983
1 3060
1 2149
5 6604
5 5860
1 1670
1 1824
1 1745
7 3304
1 3141
2 2893
1 3092
1 3125
2 1132
1 2383
1 966
1 2823
1 1606
1 335
1 233
1 177
1 3206
5 3941
1 2994
1 1974
1 1007
1 718
1 1717
1 890
1 1066
1 2767
1 1430
1 2413
6 4103
1 2926
1 1927
1 2343
1 2144
1 1343
1 1201
1 1176
7 5696
5 4111
1 2300
2 252
1 3230
1 2784
1 1958
5 4807
6 3483
6 3475
1 2060
1 1374
1 3043
8 5652
1 926
1 1654
5 6468
1 3122
1 538
1 1403
1 313
10 4885
1 1593
1 513
1 1828
1 1147
1 1763
1 59
1 508
1 2388
1 1995
9 3415
4 5024
1 566
1 1525
5 5803
6 5168
1 1905
1 161
1 1455
1 355
1 2053
1 844
1 759
1 2962
1 1554
1 728
1 3070
6 4727
1 2084
1 3060
1 180
1 2978
1 247
1 413
1 1219
1 1959
4 3711
1 2368
1 2768
1 437
1 176
1 799
1 2182
1 2005
1 2808
1 1947
1 928
6 3790
1 84
1 69
1 1246
1 1895
1 2287
1 1439
1 2973
1 326
1 2283
1 1343
1 2017
1 1151
1 2826
1 2904
1 341
1 1127
1 2353
1 1094
1 3148
1 2445
1 2336
1 1545
1 1808
1 2212
1 1560
1 1218
1 945
1 378
1 1543
1 260
1 199
6 3636
8 5543
1 724
1 2387
1 358
6 4773
4 4318
1 322
3 3414
1 3075
1 1798
10 5247
8 4733
1 703
1 2841
1 730
1 463
1 1316
1 2131
1 1363
1 600
1 1571
1 1550
3 4203
1 1156
1 1283
6 3676
1 1733
8 3937
2 1527
10 5489
8 3362
1 2396
8 3358
1 3001
1 1531
1 537
1 1132
5 5807
1 816
1 3219
6 5557
1 2539
1 2425
1 1986
1 569
1 1180
1 229
1 1189
1 258
1 3164
1 2813
1 2527
1 713
1 15
1 395
5 4246
1 2792
1 298
1 246
1 3143
4 4186
1 2302
1 2258
1 3067
1 1695
1 250
6 5905
1 211
1 2170
6 3786
1 1670
1 949
1 1151
1 1584
1 1094
1 353
1 685
1 1733
1 20
1 822
1 218
1 1899
1 2730
1 1827
1 235
1 1693
1 2957
1 1685
1 1795
1 2157
1 105
1 1049
1 787
1 1612
1 101
1 1771
7 4645
1 2065
1 384
1 2419
1 226
10 3310
7 6650
1 130
1 3120
1 1485
1 1333
1 1027
1 202
1 2113
1 821
3 4932
1 361
1 1505
1 1771
1 3063
1 203
1 2879
1 984
1 1953
1 2160
1 243
1 2599
2 434
1 2590
1 3226
7 4949
1 758
1 2123
5 3252
1 390
1 1585
1 512
1 1061
4 6292
9 5287
1 2227
1 393
1 1879
4 5170
1 1090
2 1997
1 131
9 3580
5 6724
1 1876
1 2019
1 1043
3 5756
1 380
1 1092
1 872
1 2225
5 3756
1 253
1 2954
1 273
1 1900
1 623
1 2203
1 2280
1 2145
1 450
1 1459
1 1027
1 1857
1 2253
1 2018
1 986
1 1549
3 6635
1 3033
1 3029
1 172
10 4928
4 6648
1 2033
1 2141
3 5666
1 2015
1 3121
7 4738
1 1268
1 2871
1 2632
1 3174
1 1307
1 1511
1 1972
1 1260
1 2993
1 3086
1 1611
1 2753
1 1741
1 204
1 1786
1 2430
1 409
1 331
1 61
1 961
1 793
5 6712
1 28
5 3355
1 438
1 806
1 2063
1 1362
1 2841
1 2701
3 4282
1 1686
1 139
1 2667
1 1605
1 1073
2 2902
6 6576
1 1276
1 2647
1 1911
1 1116
1 2355
1 6215
1 1106
1 1893
1 2901
1 717
1 1417
9 3492
7 6594
1 429
1 986
1 368
3 3939
5 3398
1 2954
3 4566
1 3085
1 1781
1 3134
1 2504
5 6238
1 2633
1 1104
1 2152
1 2856
1 237
1 2138
1 758
1 1332
1 620
1 875
7 3357
2 48
1 358
13 4449
1 266
1 993
1 3137
5 4808
1 1052
1 1241
1 618
1 1223
1 682
1 2420
1 1851
3 4453
1 321
3 3547
1 1912
1 2635
1 738
1 1108
1 1370
1 615
1 1666
1 2129
1 2627
1 348
1 213
5 6171
1 36
1 507
1 3071
1 1994
1 2241
1 537
1 1373
1 1467
1 1266
1 421
1 3233
1 1465
5 3367
1 1369
4 3439
1 3032
1 1334
1 409
1 2750
1 1850
1 2287
1 3109
1 448
1 2548
1 927
3 4360
1 544
1 628
5 6711
11 6020
1 1040
1 2628
1 3123
5 3402
1 95
1 218
1 2362
2 3583
1 618
1 1213
1 2170
1 99
1 1368
1 2542
1 1274
7 3818
1 3000
1 2002
1 1130
8 4140
6 6525
1 1411
1 1914
1 762
1 1756
1 1385
11 5156
1 1775
1 2469
1 927
1 1016
1 2532
1 1855
1 1089
1 3226
1 640
1 507
8 5454
1 2468
4 4121
2 3841
1 547
1 1110
1 2077
1 2848
1 1913
5 4590
1 1704
1 696
1 3074
7 6018
1 1561
7 4859
1 2787
1 2088
1 446
1 1532
1 1358
1 154
1 1233
1 1962
1 3210
1 2290
1 1677
1 866
12 3296
1 2113
1 3072
1 367
1 7
1 1438
1 908
1 2195
1 3011
1 1072
4 4095
1 2730
1 1071
1 1346
1 56
1 891
7 4944
1 2575
1 1655
1 35
1 2269
3 3690
1 2362
1 1468
1 52
1 325
5 3399
5 6236
1 2517
10 5111
9 3331
1 530
1 2749
1 480
2 2564
1 3020
1 2661
1 71
1 2736
1 2247
1 2347
1 2455
10 3868
1 176
1 1
1 2935
1 372
1 1345
2 2088
1 1773
1 2566
1 1857
1 1039
1 2880
1 1937
1 1048
1 972
1 1153
1 1768
1 781
1 1601
1 3230
1 15
5 3892
1 1241
1 1228
1 2349
1 487
1 446
1 654
1 775
1 2051
1 2452
1 2971
10 5034
5 4898
1 3202
1 827
11 3381
7 4364
1 522
1 1322
6 4246
8 5376
1 939
1 2937
2 486
6 5901
1 765
1 3102
1 1218
5 6280
1 2827
1 1313
1 2855
1 2622
1 1955
5 3387
1 419
8 3658
1 932
1 2785
7 6208
1 1121
1 1396
1 1571
1 596
5 3923
6 6378
1 2218
1 1143
5 4873
8 5725
1 161
1 1776
1 818
4 3636
1 1541
1 906
1 2806
2 703
1 2498
1 386
1 3107
1 631
1 2139
1 1718
1 2934
1 1333
1 250
1 2929
1 2755
1 789
1 2923
6 3439
1 2538
1 3179
1 31
1 695
10 5111
1 2031
7 5227
1 302
1 734
1 259
1 2954
1 3035
1 597
1 923
1 2133
1 1857
1 1855
1 972
1 466
1 3224
1 59
1 1229
1 2686
3 3269
1 2878
5 4821
1 1562
1 1763
1 2940
3 5513
1 842
1 1200
1 537
1 1298
5 3944
1 1500
1 428
1 387
7 5612
1 2688
1 2023
1 2428
1 424
1 601
1 1537
6 4381
1 2655
1 409
1 3176
1 688
1 2582
1 2706
1 288
6 4848
2 2910
1 1258
1 2894
1 2243
4 5820
8 4641
1 2163
1 1171
7 6426
1 1300
1 1508
1 2201
1 939
1 2852
1 1701
1 749
1 1153
1 2005
1 285
1 2543
1 1497
10 5109
1 2776
1 1802
1 3057
1 2863
1 3153
1 2063
1 2266
1 3193
1 496
5 5337
1 240
1 2092
2 4427
5 6694
1 1626
1 788
1 392
1 1006
1 2644
3 3601
1 1978
1 2269
1 1382
1 2148
1 33
1 2355
1 1364
1 115
1 205
1 716
5 3907
1 1711
1 536
1 1114
1 496
2 2446
7 6378
6 4948
1 575
1 2601
1 1281
1 539
1 3160
1 708
1 2167
1 1648
1 2075
2 1397
1 1895
1 3182
1 2343
8 6200
5 4906
1 2814
1 605
1 126
1 1118
1 3062
1 922
1 1367
1 2902
1 2407
1 1167
1 1115
1 3197
8 3637
8 6665
1 1394
5 4902
11 6132
1 1785
1 2522
1 2433
1 2720
1 489
5 6170
1 2154
1 1419
5 4590
1 1734
1 1784
12 5585
3 6377
1 2794
6 6557
1 699
1 122
1 2109
1 705
1 3195
1 1542
8 3688
1 2352
4 5362
1 2197
7 6042
1 1392
1 3009
1 3160
5 4138
1 1042
1 554
1 3201
1 2052
1 462
1 2297
1 1051
1 2281
1 3060
1 414
1 1924
1 2099
1 2518
1 3100
1 2466
1 1818
1 2073
1 1983
1 335
1 854
1 3111
1 2956
1 1079
3 3921
4 4536
1 3135
5 3383
2 78
3 5657
1 1861
1 3064
1 1536
1 60
1 635
1 171
1 2658
1 1088
1 265
1 2097
1 2536
6 5294
1 2367
1 2822
1 3169
1 3174
1 2722
1 810
1 2886
1 1018
1 2599
1 1578
1 2797
1 1756
1 608
1 1131
6 5714
1 148
1 799
4 6142
1 568
1 2967
1 1864
1 661
1 1791
1 2000
1 454
1 955
1 528
1 2260
5 4951
1 2113
1 449
1 768
1 1499
1 2613
1 1172
1 1157
1 3143
1 1500
1 1484
6 6431
1 2554
1 1493
1 1161
1 2376
1 2513
10 4009
1 1328
1 2495
1 2626
1 1406
1 1213
1 1646
1 911
1 1468
6 4969
1 1944
1 1113
6 4312
6 6408
1 143
1 2667
1 170
1 3029
1 1489
1 2779
1 3079
1 2285
1 3052
1 2303
1 2201
1 370
1 344
1 2785
1 1045
1 1934
1 2446
1 1011
1 1841
1 2099
1 1276
1 150
1 2295
1 1605
5 6017
4 5812
1 2835
1 1608
1 544
1 1126
1 1584
1 1156
1 500
1 319
2 4330
1 776
1 2135
1 2590
1 452
1 757
1 2248
1 1492
1 3125
1 2957
1 398
1 1483
1 633
1 3155
4 4782
1 1894
1 1230
1 2056
1 1607
1 444
1 1234
8 3694
1 1751
7 5972
1 212
6 4398
1 2403
9 5383
1 1404
1 6600
1 2490
1 1356
1 2709
1 1678
1 2142
1 2891
8 5641
1 1182
1 423
1 2877
1 1843
1 1478
5 3903
1 2919
1 382
10 5325
1 2370
1 2447
1 1267
1 137
1 481
1 1613
1 2285
1 67
1 2115
1 65
1 2638
1 1899
1 1478
3 4512
1 2175
1 178
3 5323
1 2809
1 311
1 1301
1 1708
1 1745
1 2909
1 2
7 6323
1 2075
1 2209
12 3724
1 239
1 870
1 3163
8 3874
4 4511
1 2957
3 3921
5 3541
1 3008
1 2719
10 4495
1 2510
1 1544
1 268
8 5700
1 1094
1 1882
1 535
1 1983
1 2216
1 1700
1 840
1 2174
1 988
1 825
1 319
1 1176
1 1890
1 2822
1 1680
1 1217
8 5676
1 1721
1 1225
5 3694
1 2533
1 471
1 590
1 111
7 4382
4 5883
1 3203
1 1339
1 1722
1 514
1 3096
1 2609
1 2721
1 940
1 432
1 3153
1 9
1 1953
3 3502
1 292
4 4505
6 3462
1 3221
1 965
1 2750
1 487
1 3133
1 2580
1 2786
1 774
2 1891
7 3866
1 2835
1 2788
1 1896
1 1820
1 2744
1 2933
1 1613
1 371
1 351
1 1760
1 1857
1 1604
1 2388
1 3228
1 2692
1 1602
1 575
1 1175
1 1424
1 1975
1 983
1 2162
7 5001
1 1474
1 248
1 24
1 2711
1 2018
9 4544
1 535
2 931
1 972
1 1343
1 1366
1 2473
1 362
1 3133
1 373
1 3120
1 2462
5 3285
11 5719
2 2643
6 5084
5 4622
5 6288
1 1523
1 543
1 914
1 1077
1 2901
1 1893
1 1326
1 2639
1 2855
1 2421
1 3175
1 2041
1 2597
1 890
1 568
2 5641
5 5794
1 2042
1 266
1 457
1 3017
1 304
1 2903
1 1403
5 6132
1 3113
1 707
1 1036
3 4099
1 2456
1 2216
1 1087
1 244
1 2039
2 3070
1 1837
1 1544
1 1560
1 1918
1 528
1 1439
8 5162
1 977
1 157
1 2078
5 3597
1 3042
1 946
1 1748
6 6033
1 1015
1 779
1 2729
1 1975
1 637
4 4425
1 2927
1 2325
5 6009
1 3204
8 6431
1 1466
1 405
1 2156
1 1272
1 63
4 3587
1 1997
1 336
1 2578
1 567
1 2763
1 1525
3 3785
1 839
1 556
1 2702
6 4863
1 521
5 5341
5 3947
1 1770
1 2365
1 1748
1 2806
1 1123
1 437
5 6192
1 51
1 472
6 5165
1 1147
1 1701
1 2036
1 1759
1 1762
1 513
8 3432
1 1486
1 2191
4 3933
8 5426
1 402
1 2375
1 2217
1 393
1 1298
1 1075
1 1341
1 1341
1 329
1 329
1 2068
1 1778
1 1777
1 60
1 1440
8 4386
1 712
1 823
1 2016
1 1384
1 1664
1 3099
1 373
1 1699
1 2310
3 4411
1 3153
1 2879
1 753
1 2851
1 1708
1 1529
1 1473
1 1393
1 1830
1 2593
1 3100
1 681
4 5156
6 4307
1 1415
7 6508
3 3755
1 306
1 1849
1 2005
1 2580
6 4212
1 1193
1 892
7 3589
1 1222
1 3176
1 3136
1 2365
2 166
1 2399
1 726
1 1984
1 584
1 284
1 2800
5 4591
12 6058
1 635
1 821
1 1310
1 2706
1 1797
1 1401
3 4183
1 1194
1 646
1 2427
1 1204
1 642
1 360
1 968
1 1935
1 3149
5 6424
1 1059
1 1387
1 2389
1 3143
1 1577
1 1439
10 6370
12 4214
1 2624
1 115
1 2683
1 900
6 5116
1 1739
7 6722
1 2331
1 2599
1 1274
1 2519
1 2629
1 696
4 3655
1 1910
1 476
1 2776
1 2752
1 1171
1 166
1 1341
1 1307
1 3107
1 2374
1 3215
1 1745
1 2632
1 1946
11 5837
1 1699
1 2149
1 1648
1 2835
3 5103
1 1743
9 3943
7 5186
1 3140
1 1641
1 1161
1 2809
1 2649
3 5221
1 2081
4 6734
1 1827
1 2695
1 1153
1 1603
1 1803
1 812
1 1100
1 1923
1 1026
1 521
4 3958
1 2424
1 1814
1 978
10 4739
1 2923
5 5084
1 216
1 474
2 6544
1 3167
7 5731
1 45
1 1639
1 1772
4 4766
1 494
1 873
1 1397
4 5293
1 1420
1 3063
1 759
1 2028
1 1862
1 1672
1 1502
1 2612
1 2881
1 1975
1 1306
1 1377
1 2277
1 2149
7 5650
9 4465
7 6740
1 3070
1 244
1 872
1 1085
1 1848
1 2210
7 6388
1 872
1 1913
1 2047
1 1721
1 1994
1 665
1 1437
6 3549
1 2450
1 1757
1 2895
3 4701
1 1958
1 27
1 950
1 551
2 1373
1 3138
1 1261
1 832
1 1212
1 1249
8 5755
1 3203
1 306
1 1694
7 5619
1 885
7 5201
1 1419
1 58
1 2055
1 387
1 2358
1 1792
2 1150
4 3776
1 2980
1 221
1 1718
1 2300
1 429
1 202
2 2344
1 2087
1 2458
7 6298
1 1538
1 2263
1 902
1 1087
1 2385
1 1447
1 1934
1 617
1 3051
4 4879
1 3081
4 5661
1 1909
5 5904
1 2720
6 3596
1 1226
6 6663
1 3079
5 6061
1 2354
1 401
1 918
1 2139
1 3111
9 4703
1 1230
1 814
1 2282
1 997
1 745
1 7
1 2919
1 1099
1 2216
1 2917
1 1636
1 1098
2 2739
1 2477
1 2418
1 1753
1 912
1 1704
1 1961
4 4071
1 36
6 5310
1 1357
1 1190
5 4061
1 2452
1 582
1 694
1 1259
5 3950
1 1301
1 2178
1 2925
1 2895
1 2620
6 3680
1 1542
1 2427
1 3004
1 391
1 2351
1 2469
6 3520
4 5607
1 586
1 436
1 2175
1 97
1 2130
1 1511
1 2786
1 1814
8 6651
1 2952
2 377
1 1572
1 1927
1 2164
1 2570
1 670
1 668
1 1376
1 912
1 324
1 427
1 2848
1 3181
1 2896
1 1025
6 3922
1 616
2 3082
3 5017
1 381
1 1177
1 74
1 3168
1 1171
10 5542
1 1419
1 2670
1 2712
6 5894
5 5145
1 1508
1 81
1 1717
6 3479
4 4957
1 2053
6 5908
1 1531
9 4927
1 697
2 745
1 2811
1 3062
1 2987
1 644
1 2016
1 2493
1 1394
1 1992
1 1297
1 2160
3 5255
1 2189
1 1373
1 2710
1 63
2 4293
6 4528
1 858
1 2230
1 2698
1 2620
1 583
1 874
1 2133
1 3123
1 104
2 622
1 1670
1 2064
1 1378
4 5629
7 4351
1 2585
1 2540
1 2602
1 2503
1 975
1 2618
9 3501
6 6757
7 5796
1 1215
8 6268
1 2239
1 1466
4 4109
1 224
1 3128
1 280
1 1050
1 45
1 1895
1 2682
1 887
1 560
2 1413
1 1867
1 2783
1 266
2 1229
1 2299
1 8
1 550
5 3366
1 494
1 2958
6 5852
1 824
1 1989
1 392
1 1017
1 1579
1 1191
1 1969
1 667
1 2752
1 2176
1 3233
1 892
5 6580
1 3090
1 2969
1 2147
4 6066
1 1006
1 145
1 1010
1 2395
1 1164
9 5754
1 3093
1 866
1 3019
1 2793
1 3056
1 1937
1 2254
1 2319
8 5415
1 2496
1 858
1 160
1 2640
4 3851
1 681
1 1556
5 3376
1 2476
1 3214
1 2535
1 921
1 1241
1 553
1 1150
1 792
1 2492
3 3270
1 357
11 4772
1 974
1 568
1 1422
1 1346
1 1896
1 1679
5 3726
1 1529
1 2936
1 3174
1 665
1 47
1 553
1 12
1 1938
1 2780
1 1719
6 5432
1 1111
7 4227
1 377
1 249
1 1500
1 2554
6 6746
1 984
7 5660
1 736
1 3221
1 212
2 4526
1 3199
1 166
1 1186
1 1995
1 1068
1 424
1 1003
1 2006
1 267
1 1788
1 2394
1 2641
1 497
1 2770
1 1455
1 1790
1 1032
1 521
6 5298
1 1513
1 1705
2 102
1 1634
1 915
1 881
1 567
1 1439
1 510
1 2961
3 3381
1 2691
1 1017
1 27
5 3526
1 1769
1 2016
1 411
1 1955
1 567
1 1055
8 6114
1 2623
1 1843
1 3046
7 3986
1 262
1 2523
1 2871
5 5458
6 4333
1 108
1 1911
1 1207
1 3052
1 2586
1 2500
1 2268
1 1162
1 1773
6 6607
2 2369
1 2806
1 2667
1 2037
1 555
1 2576
1 456
1 1046
1 1825
1 1350
1 37
1 1097
1 1068
3 4379
1 788
12 5959
1 729
1 2895
8 4733
1 1544
1 671
1 252
1 364
1 406
1 2705
2 2449
1 2113
1 1049
1 1398
1 1760
1 1961
1 3157
1 893
4 6563
1 2444
3 3476
4 6331
1 3102
3 3470
1 818
1 1658
1 143
1 1506
1 2585
1 1138
1 885
1 3086
1 1449
1 275
1 2246
6 3366
2 2409
1 1551
1 743
7 3815
1 1700
1 46
1 901
1 1416
1 262
1 2424
1 1945
2 1319
1 554
1 737
1 3101
1 2272
1 251
1 2883
1 1823
6 3866
1 2634
3 6515
1 3019
1 264
1 1139
1 1667
1 3039
2 1804
1 2548
1 1286
1 1183
1 1527
1 2355
1 2845
1 2533
2 3070
1 1008
8 5477
1 1580
1 2595
7 4699
1 761
1 1254
1 1601
1 1996
1 1892
1 329
1 2571
1 554
1 519
1 2373
2 764
1 518
1 1629
1 2814
8 4139
1 1539
1 3176
1 908
5 5056
1 2849
1 3078
1 2110
1 2139
1 2761
1 821
1 577
1 2706
1 298
1 2704
1 2308
1 538
2 2516
1 138
1 198
1 532
1 3181
1 1108
1 936
1 1912
7 5916
1 114
1 1675
1 3107
1 3055
1 1978
1 62
1 2461
1 1491
1 2625
1 791
1 2531
1 1856
1 514
1 2474
1 3116
1 1139
1 1503
1 233
1 2972
1 2366
7 4381
1 2576
1 2062
1 1661
1 1145
1 1779
1 2602
1 2016
1 746
9 6312
1 821
1 72
1 3030
1 1362
1 969
1 2341
1 1366
1 1286
1 2382
1 3079
1 2496
1 3527
1 3009
1 1341
1 2802
1 63
1 379
1 410
1 2504
1 1582
1 3229
1 2932
4 3304
1 773
1 1871
1 490
1 759
4 4143
8 5265
1 2704
1 3110
1 2866
1 2406
1 1903
1 814
1 1612
1 1731
1 455
1 3130
1 235
10 5897
1 2344
1 1044
1 1406
1 1112
1 455
1 2386
6 5790
1 1082
1 1180
1 2050
1 2916
1 2839
1 2252
1 1689
1 2994
1 1951
1 1716
1 542
11 6475
1 3167
1 306
1 977
1 2376
