90 855687119
1 507306306 1
1 717965285 -1
1 777472947 1
1 564986828 -1
1 227346113 1
1 429758599 -1
1 117228942 1
1 256197864 1
1 401207404 -1
1 588334708 1
1 668467871 1
1 655406035 -1
1 12432703 -1
1 414454467 -1
1 146902705 1
1 745319999 1
1 708268919 -1
1 557353828 -1
1 351422564 1
1 739424403 -1
1 397077818 -1
1 321079315 -1
1 572338132 1
1 164176212 -1
1 522107802 -1
1 153064046 1
1 22773608 -1
1 142439318 -1
1 434610494 1
1 165650790 1
1 698478873 -1
1 199450941 1
1 430791876 1
1 480330845 -1
1 144274515 1
1 467396205 1
1 203537861 -1
1 331150711 -1
1 486715813 1
1 655466014 1
1 274871690 -1
1 85625880 1
1 61374493 -1
1 658531216 -1
1 91586694 -1
1 423352164 1
1 760279533 -1
1 457165789 -1
1 400686923 1
1 453943937 -1
1 428087867 1
1 294997159 -1
1 313833116 -1
1 281654483 -1
1 85938160 1
1 675852603 -1
1 654838306 -1
1 680564529 1
1 547415082 1
1 66209824 1
1 244379228 -1
1 126201576 -1
1 91644030 1
1 160074624 -1
1 97963613 -1
1 612247019 -1
1 428095631 1
1 851605725 1
1 129824530 -1
1 841690730 1
1 390286657 -1
1 849922481 1
1 595168620 -1
1 366684055 -1
1 349285470 1
1 56901321 -1
1 727532492 -1
1 811337744 -1
1 1691230 1
1 589149902 -1
1 99375780 -1
1 803556830 1
1 112408115 -1
1 71913171 -1
1 274460558 1
1 608203029 1
1 455017928 1
1 813918500 1
1 161351002 1
1 110996166 -1
