96 304689766
311 226617484 -1
212 284246119 -1
496 183934460 1
684 180361450 1
42 6267588 1
14 254731686 -1
373 187915941 1
115 121716620 -1
40 244475928 1
597 199040993 1
338 244137726 1
232 30156794 1
84 217272305 1
793 134244693 -1
168 57159558 1
543 53052895 1
422 295548904 1
17 46418969 -1
257 106636022 1
302 299156851 1
30 193715710 1
909 289116515 1
114 282657192 1
206 59279503 1
710 173380022 1
709 269343527 -1
658 147191707 -1
84 301206930 1
850 241929971 1
657 232462473 -1
37 44849666 -1
551 141047341 1
950 219952360 1
50 136078221 -1
981 145203160 1
285 219951197 -1
202 143847429 -1
15 244424834 -1
994 136701694 -1
254 200094664 -1
823 140435190 -1
685 96298101 -1
709 38432900 -1
125 273075946 -1
813 162463197 -1
188 41568104 1
577 116175817 -1
66 214839726 1
719 188305671 -1
965 190506778 1
110 254894645 -1
392 200837017 1
180 112997010 -1
131 38728684 -1
122 102647536 -1
623 285843340 1
659 37120996 -1
618 227562266 1
531 196165360 1
840 133354044 -1
793 232122364 1
119 190350237 1
382 105237537 1
937 156191079 1
586 162201708 -1
620 247563620 1
457 99470064 1
785 144592611 1
336 72016564 -1
609 78712547 1
782 214950484 -1
811 51913425 -1
669 4664844 1
221 253479917 1
597 7207660 -1
367 60547687 1
291 41726023 -1
454 287239734 1
76 272921118 1
688 162954951 -1
75 37588584 1
475 291262613 1
1000 222567249 1
772 304007438 1
903 1503184 1
996 108699974 1
330 171487522 1
563 277263685 1
419 44018254 1
123 126718077 -1
935 205286427 -1
32 175556674 -1
625 46196238 1
865 244180321 1
428 129960841 1
359 88693416 1
