100 100 100
1 80
1 17
1 34
1 69
1 20
1 46
1 70
1 75
1 57
1 19
1 72
1 51
1 29
1 41
1 44
47 16
1 77
1 23
1 50
1 70
1 26
1 62
1 74
1 29
1 33
1 80
1 20
1 48
1 60
1 58
1 31
1 84
1 46
1 37
1 84
1 54
1 58
1 80
1 55
1 26
1 45
1 18
2 81
1 80
1 35
1 46
1 76
1 73
1 72
1 76
1 79
1 63
1 60
1 68
1 46
1 32
1 72
1 55
1 46
1 78
1 47
1 76
1 84
1 83
1 64
1 81
1 38
1 84
1 31
1 70
1 29
1 17
1 41
1 21
1 67
1 53
1 62
1 26
1 79
1 83
1 65
1 84
1 82
1 60
1 40
1 44
1 50
1 65
2 38
1 53
1 28
1 33
1 30
1 36
1 57
1 47
1 52
1 20
1 27
1 71
