1000 5000
275 522 56
260 609 62
473 612 81
832 875 54
604 811 87
535 741 49
8 662 13
470 927 85
496 931 60
552 938 62
734 739 42
926 953 74
223 726 35
471 988 73
635 785 18
752 770 57
303 765 57
839 973 71
969 981 10
460 495 79
433 497 41
820 850 34
878 950 84
265 821 46
838 920 81
414 602 88
577 646 22
413 962 56
862 902 14
393 742 77
884 931 36
179 293 4
465 768 27
689 851 58
630 855 39
70 752 57
525 764 41
170 380 95
918 932 38
323 527 11
752 995 13
774 989 79
21 356 97
331 917 56
454 875 51
678 932 17
276 462 52
820 985 56
682 786 65
284 669 59
522 614 94
168 351 27
245 970 89
240 370 13
346 770 54
228 648 67
382 505 12
475 924 15
477 524 89
843 970 89
449 930 86
557 868 82
116 462 54
984 998 21
69 694 32
145 294 86
44 360 52
736 902 44
205 515 16
958 975 33
512 683 37
417 629 5
880 885 83
40 613 46
979 994 62
283 331 33
329 745 34
577 579 88
725 730 64
562 738 3
677 987 29
539 722 75
49 367 29
293 845 71
552 641 10
627 723 33
708 751 74
771 934 100
201 716 45
638 997 11
936 978 27
381 773 55
630 638 33
986 996 59
268 482 65
471 508 95
718 925 40
605 940 29
624 691 96
695 835 61
90 986 54
550 602 84
331 630 93
930 946 34
680 943 2
961 995 85
965 984 99
761 840 2
312 322 13
907 922 73
777 983 66
771 848 64
705 719 25
282 990 72
216 520 91
42 735 17
744 971 34
742 870 21
181 704 57
142 314 77
553 690 34
378 714 38
961 981 24
146 261 62
296 478 61
900 987 68
54 244 49
524 705 82
355 778 80
205 360 65
140 318 53
679 729 12
71 825 2
131 947 95
469 750 72
166 935 42
343 934 66
223 407 99
683 728 54
943 947 48
200 597 77
478 709 66
721 748 11
321 619 82
820 933 86
131 668 47
289 679 79
367 615 66
689 701 15
804 967 44
957 996 94
240 517 32
159 549 37
391 947 67
788 817 40
34 583 41
369 982 6
137 662 24
795 962 88
123 833 28
645 959 46
193 461 4
592 883 38
16 324 65
746 822 86
221 1000 47
859 899 92
839 931 83
916 933 46
575 738 48
405 778 75
848 865 32
215 853 96
516 712 100
298 942 4
364 955 20
631 789 52
541 915 21
442 555 25
622 885 26
517 588 65
108 349 39
927 982 2
932 993 24
608 709 57
234 507 48
737 761 13
563 919 39
856 914 31
399 633 60
145 634 30
464 617 23
771 916 26
983 993 98
774 832 51
796 941 33
460 736 9
688 692 2
661 874 19
602 609 41
521 696 44
428 892 53
252 264 43
761 917 39
920 997 59
892 939 58
157 281 14
181 850 61
814 907 45
692 891 2
376 658 21
687 725 9
597 958 36
109 346 24
208 855 79
971 989 97
172 674 60
169 722 61
18 224 96
238 647 72
594 692 17
259 856 88
99 894 12
680 795 22
197 793 23
246 848 3
351 979 47
520 534 28
103 351 27
444 469 64
270 648 88
454 827 73
645 912 8
431 776 9
201 223 11
37 53 76
197 315 95
867 924 64
317 667 100
194 781 1
94 657 79
980 991 79
615 860 66
403 786 52
438 441 90
537 654 25
398 672 84
367 824 46
12 214 36
127 467 70
371 385 9
818 904 99
731 738 59
459 642 89
131 543 44
363 511 9
47 992 54
260 281 27
829 839 22
676 853 38
376 793 76
405 534 37
260 880 79
370 577 24
545 807 34
393 938 78
593 700 2
347 987 72
861 970 38
243 625 58
279 556 30
254 266 35
410 753 51
296 696 19
536 642 54
839 885 76
699 706 62
27 537 90
235 566 96
83 265 100
740 931 7
501 892 38
852 936 18
474 609 87
932 999 81
363 698 11
497 841 53
314 963 43
360 946 55
268 390 72
659 889 57
462 998 84
609 761 52
768 774 19
286 891 12
378 901 43
564 655 16
941 991 39
995 1000 84
858 925 63
702 816 12
247 358 37
200 980 46
742 768 38
618 972 34
513 882 96
501 568 15
952 977 63
779 860 75
661 740 11
938 942 43
229 984 63
601 684 27
75 798 49
287 743 68
79 484 1
346 663 65
278 983 15
753 961 21
914 949 92
686 880 22
823 852 11
667 678 48
886 997 7
2 509 66
365 718 55
358 809 67
606 629 89
369 601 53
320 536 34
636 950 81
769 815 91
426 896 50
433 793 18
859 889 10
376 577 22
656 927 2
315 560 35
474 898 73
97 248 80
445 643 42
755 914 55
933 977 8
686 790 46
57 360 23
46 694 2
409 471 26
109 442 97
715 736 71
844 900 18
542 780 77
825 902 91
220 976 22
861 895 74
744 818 29
642 935 97
620 795 8
368 827 1
211 978 96
882 887 84
181 646 68
967 980 48
405 896 32
482 629 46
529 677 86
970 994 37
148 269 56
165 743 84
719 770 86
157 501 23
890 910 42
718 759 53
851 886 67
876 921 20
286 428 90
135 206 41
364 821 69
807 863 65
19 902 70
81 87 87
868 986 91
556 676 34
667 765 87
854 965 53
739 826 67
789 898 77
937 984 17
129 956 65
323 861 60
931 953 6
192 723 89
648 770 86
199 484 89
346 465 66
72 419 63
611 720 94
376 807 30
580 790 13
22 192 27
152 198 29
845 996 45
670 685 3
543 663 63
398 930 54
369 430 9
481 944 13
241 622 60
979 994 32
585 649 11
395 518 72
264 439 43
180 647 94
839 970 74
612 791 32
284 403 41
349 793 48
965 988 80
83 240 92
34 193 76
815 956 15
706 946 57
322 819 75
66 684 12
159 757 26
814 934 54
86 905 84
831 933 54
290 587 49
494 534 44
207 357 98
830 911 7
550 862 72
551 584 10
596 620 1
602 742 92
445 719 15
210 685 95
28 934 93
12 566 2
8 980 82
306 990 77
717 914 65
850 933 33
648 699 91
869 988 54
187 904 56
771 922 75
848 903 90
924 950 30
303 987 92
383 415 18
340 930 52
747 841 16
423 877 81
810 864 2
292 825 93
446 657 20
519 748 83
180 600 27
270 914 77
264 511 95
435 883 68
827 998 69
461 599 53
744 976 88
270 492 35
54 710 83
425 794 28
718 962 46
568 747 22
716 989 78
431 458 53
590 840 58
820 829 23
558 944 54
170 258 73
342 963 91
181 668 69
473 998 92
596 919 97
141 633 92
438 669 44
219 560 41
625 734 87
416 971 74
423 667 3
208 327 32
44 170 85
46 359 37
786 977 12
680 696 65
641 837 39
48 333 26
476 992 62
747 968 25
693 801 66
917 937 37
463 890 64
251 758 75
355 435 84
342 938 70
712 738 73
273 683 85
480 694 54
445 658 88
423 572 14
197 228 97
830 968 85
574 905 34
327 758 88
182 698 1
628 712 74
333 769 73
197 773 7
893 935 56
193 444 37
432 950 29
175 713 34
151 985 47
648 916 56
733 770 98
876 959 76
433 732 19
783 834 21
952 992 11
326 640 38
625 889 27
583 845 39
374 929 7
591 901 49
200 655 19
287 488 16
436 514 94
799 923 19
609 725 88
194 879 48
463 634 81
256 626 44
435 857 33
90 411 41
741 813 9
470 920 4
905 990 68
368 869 92
661 694 95
647 792 34
962 968 50
161 987 84
848 883 81
420 521 64
617 894 44
240 833 9
27 355 62
671 816 19
10 829 82
99 862 66
963 986 5
773 893 43
800 911 30
288 847 97
589 748 29
710 928 22
263 313 92
254 900 96
334 442 59
909 940 40
768 901 72
524 907 8
138 252 47
832 990 25
767 828 83
865 990 83
573 655 40
229 828 84
748 854 30
533 850 36
612 856 44
793 892 94
162 436 17
76 366 26
617 926 60
668 817 2
636 764 12
22 254 80
539 662 71
277 766 12
841 992 56
880 992 13
936 941 2
707 903 41
448 698 34
228 833 44
476 981 37
106 271 4
957 958 52
904 997 49
145 247 4
140 829 85
966 999 62
356 542 86
936 974 7
664 869 40
98 695 88
652 743 31
68 125 82
95 130 29
228 452 53
18 136 86
666 736 69
833 896 18
693 904 42
894 913 44
769 880 79
279 751 91
499 799 62
74 893 41
439 712 99
894 906 22
750 885 95
227 930 31
656 915 6
355 380 61
608 890 17
647 691 13
99 787 12
995 996 15
468 547 10
540 741 3
689 882 25
943 958 69
143 892 36
846 944 63
195 867 81
788 892 27
309 991 29
594 709 63
173 392 96
81 579 68
993 1000 20
321 413 76
620 847 54
228 940 28
114 120 88
733 826 73
54 885 85
814 824 79
40 604 98
119 260 76
684 938 14
181 271 1
981 1000 23
729 846 1
342 630 56
691 841 47
227 277 38
329 771 38
641 817 43
939 948 83
274 628 62
941 964 74
256 802 34
273 733 90
403 854 83
773 933 72
574 739 64
17 898 37
520 873 14
84 701 100
85 526 21
492 995 86
97 434 55
73 156 84
62 306 19
116 326 27
944 966 23
604 673 69
694 977 88
745 812 18
807 979 79
139 627 32
605 666 86
423 737 20
778 873 38
743 956 30
856 939 14
665 974 2
581 676 13
239 916 54
324 562 85
1 429 49
834 859 35
636 979 92
172 493 48
415 795 18
49 455 1
294 460 97
828 965 13
126 645 86
320 456 24
208 677 62
143 616 60
619 863 87
665 968 12
415 973 80
382 393 66
29 980 96
911 980 87
836 929 65
842 915 35
6 583 87
336 785 76
816 848 73
449 825 3
499 933 55
589 926 12
241 860 12
893 947 76
79 519 26
256 312 54
406 551 39
485 634 16
898 936 77
534 934 65
171 913 89
26 567 34
496 805 28
928 929 44
308 529 16
790 867 80
151 188 91
564 692 98
29 864 79
152 919 50
833 876 28
540 666 40
482 663 100
386 534 3
668 812 46
307 515 61
398 843 60
31 786 62
103 427 79
27 912 11
43 781 87
177 773 6
501 921 71
500 686 26
816 931 33
861 967 18
522 609 44
848 984 17
945 947 96
861 902 67
362 614 100
986 989 21
46 722 8
735 987 83
750 942 51
800 886 54
210 868 81
511 819 54
401 622 20
984 993 76
891 963 97
84 942 29
656 906 60
822 992 19
401 760 78
893 978 54
706 813 86
532 896 85
145 676 86
151 567 13
659 899 48
431 959 80
791 985 27
78 710 68
446 791 36
622 954 38
844 994 31
776 790 49
406 876 100
919 921 49
513 658 20
37 56 3
563 937 6
389 401 44
843 920 40
758 773 21
425 481 57
105 924 61
11 964 24
919 969 94
212 531 46
268 752 30
250 335 7
823 870 99
151 636 33
509 629 86
976 977 48
123 143 91
550 952 61
22 33 29
156 942 84
728 886 14
109 191 57
862 896 39
387 789 38
433 991 40
923 958 78
869 886 50
137 531 60
894 947 64
861 998 68
332 884 71
655 991 80
959 969 52
570 769 34
190 198 54
900 994 28
447 557 74
667 668 68
694 927 11
866 911 80
8 572 56
221 498 88
677 891 97
658 965 52
514 831 7
699 942 2
184 230 2
848 960 66
146 398 10
296 755 64
529 834 68
851 864 49
765 773 8
766 901 45
81 260 55
363 708 96
912 947 23
614 973 66
894 960 93
326 497 53
19 561 66
627 948 91
151 595 32
378 878 84
43 102 94
263 545 31
733 789 31
575 599 100
701 768 36
571 793 30
989 995 51
129 319 61
647 726 88
761 828 36
203 668 18
853 980 89
755 998 10
648 917 84
37 484 42
118 712 16
338 653 68
36 839 31
946 957 52
181 227 53
985 989 57
521 954 31
812 905 34
204 257 78
336 947 49
281 512 87
307 691 51
676 811 45
343 978 91
965 970 18
432 963 44
935 946 44
277 780 71
337 744 98
792 996 62
249 583 43
860 894 45
716 849 42
34 970 78
688 912 19
905 988 68
521 973 8
495 752 85
646 824 14
476 732 86
738 933 49
287 679 85
873 902 86
767 990 39
180 658 42
451 935 4
232 408 85
195 220 72
462 529 2
138 851 5
239 824 50
297 859 72
154 748 62
837 850 52
857 978 22
829 989 48
798 881 10
5 110 46
615 699 27
17 929 49
916 960 90
394 884 94
907 960 52
518 874 77
41 998 82
104 259 82
756 859 62
25 239 99
445 731 95
662 685 76
375 458 30
120 806 98
920 927 67
549 714 65
276 958 29
783 969 54
915 991 91
642 811 53
45 130 100
238 393 53
842 950 96
989 995 27
925 939 6
606 867 84
950 960 47
515 810 16
331 725 81
423 606 9
811 943 36
39 56 23
174 813 87
226 633 93
175 898 28
343 387 8
189 721 82
557 618 19
628 974 38
595 931 50
451 675 99
109 251 13
650 935 56
209 772 64
739 904 76
946 951 21
225 262 50
282 851 15
56 157 26
137 765 73
294 547 87
125 889 5
965 977 52
511 943 78
941 970 63
274 655 50
897 972 82
926 929 34
599 838 96
901 962 86
212 432 62
789 994 1
676 810 81
726 779 34
184 375 5
82 331 71
704 912 55
31 905 47
739 806 50
543 812 67
2 7 92
753 878 69
720 764 70
576 772 62
330 679 98
759 880 22
928 998 85
560 846 68
350 715 20
674 927 54
567 969 23
569 921 58
505 826 70
39 51 85
960 968 34
392 457 25
282 721 100
895 973 21
686 731 89
716 746 65
307 808 71
648 935 4
75 348 93
928 997 49
915 933 47
717 823 54
367 596 58
357 820 34
196 905 8
472 662 29
546 633 56
225 874 98
486 722 13
347 680 82
96 187 60
438 777 46
116 314 28
469 518 31
212 269 95
804 988 84
947 988 74
63 691 73
25 734 43
654 803 96
954 983 54
531 962 79
457 576 92
530 914 60
884 983 41
755 820 73
235 579 85
357 689 57
25 922 27
935 994 20
333 528 7
851 927 12
703 784 79
323 923 27
68 519 20
915 924 37
757 888 3
474 855 40
32 667 1
396 607 99
128 209 16
741 820 41
780 968 98
5 378 6
510 954 58
379 648 100
260 934 39
784 803 67
265 723 32
737 759 23
138 674 44
887 893 54
312 794 53
208 644 59
68 606 42
8 417 38
6 958 44
429 505 67
669 757 84
541 669 70
256 265 97
315 888 33
825 871 18
65 982 35
728 996 42
459 974 89
158 384 81
781 884 47
867 973 36
765 893 33
594 743 46
701 995 94
740 859 54
274 798 48
605 806 3
682 940 69
667 913 8
855 918 12
535 823 81
582 617 94
583 941 95
768 944 67
119 195 27
333 999 46
929 959 7
717 969 16
638 813 18
412 739 75
452 635 99
583 769 52
727 830 23
909 968 5
55 632 26
725 823 2
38 252 13
719 882 80
926 927 33
896 963 78
495 787 71
924 944 9
757 946 69
161 673 60
602 611 42
361 649 70
321 987 80
281 703 78
813 955 13
218 608 18
115 828 25
372 937 13
410 921 57
2 204 63
123 137 98
495 702 62
554 577 14
782 929 72
552 877 99
915 973 4
783 864 12
821 900 26
199 444 16
994 998 6
184 393 19
333 805 71
534 961 50
971 975 96
636 791 40
334 505 34
180 334 75
37 374 88
628 769 93
71 947 27
90 854 66
162 882 26
88 740 96
25 519 79
630 632 52
818 844 67
370 507 73
759 849 69
701 963 25
891 893 38
797 801 53
796 841 15
211 992 16
2 215 54
792 910 48
93 622 40
61 631 79
102 705 72
842 962 85
561 770 94
47 564 39
747 873 32
395 714 25
60 583 59
989 994 84
930 942 61
491 739 3
474 964 12
612 727 84
766 912 64
986 992 71
748 961 57
599 804 34
676 729 97
18 54 33
864 942 33
985 992 72
244 778 12
607 794 63
437 590 79
617 908 8
687 713 69
818 945 46
230 579 16
838 931 51
766 893 21
371 907 17
421 990 87
726 959 17
392 715 43
987 1000 25
388 894 11
380 881 28
224 534 92
650 875 75
614 841 48
620 745 20
263 387 60
9 899 44
27 400 88
786 933 41
819 971 27
574 652 81
846 958 49
780 906 58
440 535 42
584 711 4
66 498 21
98 335 98
442 686 12
986 992 61
352 583 5
473 800 9
381 636 99
215 844 60
156 775 7
386 391 15
807 855 42
336 437 14
628 976 98
424 914 67
8 217 73
608 705 70
53 960 60
865 969 62
822 929 63
522 889 43
937 940 27
243 896 71
215 318 97
629 925 76
183 916 62
252 932 63
518 566 11
191 373 21
88 341 80
775 973 18
617 713 1
936 938 59
856 881 23
348 691 84
300 808 4
14 749 2
16 341 68
123 560 100
951 994 35
590 737 15
819 870 59
734 985 26
785 802 89
30 215 24
109 443 17
431 534 86
739 888 71
246 853 64
103 942 32
821 945 98
209 649 90
966 982 95
536 836 61
424 915 79
539 699 16
234 901 77
476 759 47
8 912 88
922 996 90
895 969 39
580 853 24
545 699 97
846 995 80
173 891 28
744 868 29
412 886 72
116 890 51
240 440 55
506 880 95
982 999 82
240 377 85
900 938 61
857 991 41
111 124 2
470 764 63
219 935 37
693 840 86
337 721 6
606 617 17
691 820 86
279 414 4
648 721 6
456 612 20
811 892 31
556 942 75
176 444 12
477 636 60
447 458 51
630 666 53
538 602 69
548 976 17
803 982 52
739 816 75
447 925 46
641 921 53
603 751 7
632 823 96
634 895 40
941 990 59
240 461 56
973 987 80
990 994 68
245 714 49
485 843 20
2 379 86
967 981 97
921 944 57
208 859 47
306 818 82
797 917 92
182 507 51
661 845 88
435 575 76
631 766 37
261 380 23
444 673 62
229 686 58
229 901 73
799 875 41
895 979 21
882 907 39
238 587 12
29 476 96
217 593 35
213 314 59
50 87 56
630 646 43
604 619 45
501 859 42
865 959 27
681 951 19
564 658 34
33 60 97
753 866 65
609 798 53
625 922 81
966 973 52
137 388 3
675 992 80
257 607 46
116 695 90
145 473 98
221 989 97
546 822 20
667 923 20
383 548 52
546 826 2
996 998 3
261 604 97
133 848 83
948 958 89
569 829 29
920 998 21
942 967 69
720 943 60
674 771 21
530 651 23
727 990 30
379 601 87
463 928 83
705 710 50
666 880 54
656 920 31
673 798 80
594 951 49
284 783 5
819 931 27
873 925 13
153 467 19
514 773 42
75 975 89
959 961 77
456 650 61
981 991 58
452 889 9
143 769 36
844 906 10
770 789 38
485 718 96
469 979 81
351 560 71
648 847 12
493 965 99
651 971 3
457 1000 2
357 465 45
382 672 88
497 978 43
134 691 1
497 884 21
231 956 41
300 311 78
273 427 2
66 117 71
272 946 2
624 831 37
212 731 71
808 878 60
164 830 53
474 866 70
182 494 14
258 905 43
405 413 9
700 724 72
387 418 76
768 922 53
174 727 8
55 819 62
625 843 100
814 833 47
588 675 4
217 696 3
386 840 82
568 603 93
534 655 15
590 802 15
944 967 66
343 380 98
156 916 3
283 884 1
68 806 71
502 600 4
994 998 55
371 446 21
357 618 49
538 883 58
231 770 86
493 986 24
617 760 99
428 845 72
874 999 69
964 967 19
9 686 10
282 378 36
806 824 39
26 349 56
976 979 67
658 692 8
11 474 56
775 943 45
224 236 28
306 751 38
70 277 28
744 793 19
25 480 70
812 946 26
798 938 77
30 141 83
42 219 68
579 863 65
269 471 88
531 715 19
751 792 71
481 873 26
11 814 93
114 773 14
893 907 84
48 532 13
680 748 90
363 733 4
968 996 44
384 994 93
707 930 65
913 951 48
268 646 95
296 472 77
420 873 47
826 853 62
275 862 13
687 706 31
634 714 19
583 602 34
191 346 36
613 739 59
112 959 29
654 678 100
921 990 12
643 711 70
409 926 32
795 978 61
980 986 9
863 966 94
13 507 32
298 694 43
584 616 60
151 431 47
106 366 2
961 963 4
516 564 60
517 983 54
671 985 78
869 1000 30
970 977 73
691 753 43
492 858 31
771 798 6
289 909 94
565 838 44
595 652 62
395 620 73
256 856 42
461 522 69
832 843 92
190 375 39
12 672 86
916 929 7
270 493 14
290 910 56
386 556 9
581 911 12
948 951 68
658 815 94
232 244 44
506 747 7
72 367 9
643 680 11
932 985 79
676 924 21
360 848 19
923 958 98
909 931 63
916 952 49
116 427 60
654 680 7
840 870 4
662 698 16
17 133 37
131 132 4
838 878 44
63 240 30
580 992 41
568 945 99
490 965 94
366 997 70
550 712 61
242 811 90
431 654 99
156 181 15
373 409 90
448 948 37
52 138 33
661 689 14
692 876 12
496 807 5
793 883 87
158 486 15
415 497 97
281 921 73
545 951 43
305 837 79
754 776 24
753 813 20
692 810 67
908 920 4
241 309 92
335 532 36
344 705 59
326 504 21
705 831 57
726 814 97
547 672 91
319 646 16
815 838 2
580 874 11
971 974 52
334 878 82
216 680 78
674 747 87
81 182 9
892 969 93
898 911 82
840 904 50
59 465 25
980 986 57
356 789 48
714 817 97
421 997 85
640 812 41
373 936 9
833 884 59
57 694 96
18 746 15
491 963 72
107 976 33
329 503 22
712 913 59
877 991 90
628 750 63
887 988 95
884 986 87
984 988 91
683 909 17
172 647 48
106 207 33
541 850 62
850 986 39
613 799 5
236 779 51
550 887 43
573 743 63
976 996 75
98 768 9
387 654 7
713 736 44
873 929 61
574 995 20
596 659 26
237 641 1
835 837 27
243 723 40
445 459 85
449 505 98
618 665 44
755 944 62
469 616 62
840 916 92
62 747 53
768 794 21
697 854 58
178 545 47
202 710 58
560 720 31
339 599 53
763 854 9
401 501 14
35 88 79
193 917 12
730 825 83
827 942 43
108 770 7
803 977 77
680 789 15
165 692 72
428 611 63
844 892 23
855 914 35
247 472 85
297 363 19
958 977 44
551 837 95
818 861 46
929 931 89
621 774 45
431 904 88
302 886 45
163 175 12
650 890 69
973 991 26
213 804 74
170 967 74
729 853 95
747 829 54
29 872 62
119 566 72
508 706 59
223 360 28
752 889 38
825 844 91
628 640 43
618 786 71
164 195 80
645 737 29
924 945 82
273 645 20
196 459 79
143 534 100
13 661 90
415 439 54
560 744 45
259 851 67
420 718 14
797 861 44
259 795 49
867 878 49
363 790 59
98 793 79
875 931 35
531 833 99
463 910 23
514 971 61
265 711 31
929 935 8
598 728 26
844 928 45
224 349 58
378 880 67
650 927 82
449 876 84
278 408 59
704 729 86
786 809 64
507 515 94
387 422 96
352 939 94
524 855 82
431 746 88
831 954 89
543 569 58
784 896 40
755 860 39
196 909 66
804 977 15
421 707 100
963 965 66
305 788 89
528 730 100
617 779 43
483 555 73
486 655 14
32 452 37
939 945 72
277 787 72
491 912 49
474 838 28
485 535 1
372 636 71
831 988 97
153 731 10
232 776 34
563 936 67
370 557 71
371 918 63
232 954 100
462 560 23
970 998 50
524 775 19
495 598 60
74 757 67
754 849 86
928 950 87
442 808 18
78 521 23
460 820 65
764 928 94
945 977 21
928 954 55
304 835 21
881 891 50
729 813 85
819 933 9
596 680 26
628 785 67
889 992 15
245 888 88
969 984 6
143 945 41
945 996 62
90 863 82
948 986 48
293 452 63
205 842 38
514 739 22
257 989 15
456 733 35
650 674 21
30 71 80
986 999 22
316 703 90
815 911 47
553 603 73
378 425 52
947 975 41
855 964 66
727 951 81
277 834 50
795 806 60
183 220 73
122 956 1
925 958 72
173 477 6
404 763 93
444 999 16
221 300 14
181 203 73
252 812 6
416 942 54
334 401 84
766 947 33
668 979 44
487 960 18
821 858 26
652 934 38
718 917 35
316 584 30
333 429 2
833 986 12
205 292 64
337 885 66
329 385 93
413 901 75
578 926 78
355 460 77
295 653 93
260 486 66
109 914 62
178 701 34
578 999 56
400 797 90
33 490 28
632 808 64
277 752 78
478 524 21
633 700 64
394 589 92
753 891 20
985 987 38
600 991 87
766 852 45
223 743 12
821 917 6
77 418 5
365 866 39
324 389 18
443 867 27
495 709 9
435 631 25
560 844 9
952 974 93
564 750 7
586 818 62
393 404 66
729 890 80
368 682 83
441 621 24
893 897 38
462 772 26
450 540 31
814 969 70
363 572 70
495 818 13
351 644 38
985 996 7
557 873 18
207 262 80
913 992 41
956 997 18
259 663 12
290 698 39
180 345 45
273 367 75
611 919 98
263 701 3
401 988 39
658 686 90
798 882 3
504 642 91
730 913 14
806 858 50
585 685 65
444 629 2
563 963 28
942 959 70
82 987 47
672 853 74
440 598 12
782 875 6
463 491 74
434 936 23
897 938 79
475 690 92
767 982 10
697 698 41
634 849 53
814 981 34
985 995 25
272 343 95
472 942 12
171 914 24
980 986 66
777 809 67
998 1000 94
40 356 37
825 846 50
160 840 62
118 149 68
493 950 60
338 672 63
270 289 87
234 579 75
718 792 74
125 337 3
953 959 49
937 954 3
336 917 56
629 908 6
796 889 36
864 921 66
591 675 80
905 960 90
113 240 44
820 907 27
692 831 75
866 931 46
182 219 14
884 911 4
750 772 78
479 981 26
870 996 90
341 812 76
574 751 76
129 827 76
99 707 97
301 496 66
868 944 18
827 872 61
805 858 100
319 986 42
550 628 79
170 629 92
49 322 16
56 314 99
264 663 57
552 691 96
523 937 37
446 630 23
521 823 66
424 911 94
977 985 68
941 976 50
135 800 8
822 982 56
318 377 55
971 990 65
985 998 72
371 467 80
936 963 26
978 989 63
18 650 95
920 997 17
715 847 82
360 715 67
359 428 91
184 559 80
30 877 84
76 764 2
521 849 85
949 996 14
151 971 5
144 847 99
249 925 80
210 943 100
685 806 51
119 788 52
996 999 5
556 853 86
480 921 67
425 932 33
564 961 59
840 999 9
383 649 49
134 927 31
290 651 62
594 914 25
346 524 76
581 913 1
740 939 71
423 966 20
267 830 2
720 953 54
261 757 20
857 905 31
886 894 47
658 804 23
827 918 56
776 951 92
57 165 15
467 509 2
255 273 66
91 139 23
565 887 20
497 728 25
736 881 79
730 898 77
105 804 63
342 918 27
91 635 16
765 979 76
88 267 57
604 702 64
980 993 99
637 841 64
652 762 26
950 959 70
920 947 20
929 936 84
69 245 22
484 863 49
578 994 16
556 628 6
813 865 12
191 487 93
80 584 31
106 667 50
498 807 55
348 415 53
309 961 60
752 889 76
221 830 65
823 879 41
187 625 53
506 940 58
183 573 61
382 675 29
630 718 78
394 691 1
72 940 28
493 761 62
239 536 98
843 997 70
24 752 43
53 666 79
616 670 81
685 757 91
868 977 82
579 744 47
529 602 16
913 969 96
641 879 97
714 844 67
6 176 40
153 894 58
52 717 43
478 837 10
66 791 6
432 699 60
453 929 23
430 620 1
136 783 27
352 677 83
149 550 66
193 705 45
306 567 59
755 777 82
833 952 28
330 887 53
575 799 87
661 862 12
494 567 66
461 523 68
718 735 13
502 659 7
244 691 6
673 735 83
374 962 77
831 846 34
749 750 17
1 858 69
456 685 69
736 929 22
694 894 100
714 786 44
762 899 10
467 826 80
809 819 87
969 985 33
540 759 70
772 793 62
633 957 39
983 990 16
873 877 30
255 424 16
363 719 95
785 955 10
723 897 11
507 590 74
243 722 74
929 942 46
839 923 56
584 838 2
37 140 92
325 338 45
782 811 74
495 862 68
978 983 85
154 679 29
856 963 20
363 427 52
712 792 81
546 980 46
66 815 49
171 833 74
35 572 26
176 195 20
418 851 18
289 778 4
174 493 39
278 977 28
769 942 19
206 288 43
198 760 63
273 423 69
382 443 93
288 777 91
787 873 82
402 858 49
69 918 85
142 270 87
392 548 66
308 710 5
594 989 95
923 973 14
655 840 2
135 165 54
228 561 92
993 998 53
379 707 40
696 822 23
795 865 43
972 980 1
68 411 42
337 884 86
979 982 43
494 645 81
922 965 49
676 777 44
726 746 61
675 793 48
58 149 93
255 272 80
159 175 28
70 892 55
174 252 36
942 982 36
907 948 79
699 752 49
814 842 95
244 455 91
315 873 91
162 740 59
940 992 8
528 591 24
528 653 89
677 810 15
21 701 47
550 661 78
524 811 30
861 942 63
643 739 32
626 773 90
362 394 70
179 324 46
611 830 20
185 857 11
199 401 27
37 39 39
656 737 4
909 927 70
960 972 19
888 944 33
243 450 95
429 835 71
248 340 48
648 828 72
614 847 77
883 972 92
553 636 42
289 803 23
118 968 8
606 974 21
203 331 29
705 908 71
851 917 80
267 592 80
506 960 4
144 171 42
983 1000 42
930 978 9
274 990 47
363 490 38
565 756 66
184 785 40
290 440 57
156 517 25
637 736 56
509 513 32
794 964 6
737 843 56
838 979 80
419 665 2
688 712 64
402 911 81
383 514 87
706 950 18
347 504 40
795 968 52
280 833 38
281 305 77
989 990 87
372 488 82
316 754 9
694 783 44
616 863 82
556 784 57
322 544 8
680 874 46
442 456 15
799 956 81
429 889 54
863 884 11
278 698 15
282 411 57
250 532 31
405 705 52
729 873 66
269 590 26
420 632 87
519 660 24
548 643 19
798 955 6
587 637 56
635 807 94
37 943 3
234 271 46
832 984 91
635 648 44
13 566 64
399 669 6
691 751 48
235 681 38
355 447 78
839 952 95
861 954 84
459 828 34
505 752 60
500 622 36
188 535 5
302 939 55
72 339 92
61 877 85
100 978 86
393 421 10
827 965 49
400 724 74
535 550 3
545 846 37
258 614 46
343 397 78
601 749 12
585 896 43
269 497 61
607 720 33
837 976 84
265 747 48
199 361 14
194 746 34
97 504 25
386 584 82
117 800 64
100 378 70
718 861 80
321 671 19
222 817 68
925 984 55
253 884 32
373 563 70
462 511 63
632 880 69
891 919 16
548 689 54
842 944 10
966 995 94
189 490 33
486 820 21
435 530 57
560 652 21
936 942 18
944 976 30
219 484 49
146 379 36
734 827 30
212 583 3
912 921 45
316 923 39
506 564 37
153 250 62
323 341 85
399 941 68
949 967 99
93 254 1
270 864 62
396 703 42
127 946 30
161 747 17
97 947 87
7 755 71
290 573 8
181 792 25
88 250 8
11 735 85
513 934 77
33 84 18
24 61 16
670 831 35
250 593 100
265 929 71
589 601 75
201 685 90
49 858 29
527 794 93
798 843 65
65 653 29
969 978 7
298 396 67
512 535 95
319 449 19
728 776 86
724 774 11
179 857 55
780 862 87
741 991 79
811 837 30
427 799 82
538 903 39
252 816 88
972 974 98
790 795 29
860 924 61
943 954 60
495 806 80
867 942 19
661 952 57
357 394 60
12 451 58
98 722 93
947 965 1
873 936 18
133 330 83
666 812 82
198 986 25
869 889 37
572 974 46
315 931 65
493 614 95
285 804 54
430 645 39
48 672 76
517 654 98
930 976 91
372 701 97
551 999 77
829 999 70
524 537 56
42 680 17
388 621 15
496 647 25
638 710 1
65 737 16
907 964 59
109 603 54
129 915 81
743 956 30
348 498 69
933 968 45
119 730 69
929 971 62
194 504 87
749 924 64
855 995 25
189 763 46
615 645 37
538 562 23
773 902 33
408 780 96
45 654 88
924 975 39
197 951 73
105 523 19
496 807 54
584 869 9
465 724 97
283 752 50
589 695 46
212 831 76
502 918 88
445 797 2
342 376 57
181 557 48
509 772 7
92 349 69
309 451 4
478 486 63
593 612 97
785 839 20
728 982 32
167 513 97
99 615 59
735 946 5
298 988 39
765 778 55
525 775 58
416 422 5
90 247 64
491 722 95
928 994 12
865 932 51
572 753 24
799 1000 10
433 520 84
408 576 69
932 944 93
776 912 19
710 739 33
69 981 89
575 888 89
406 960 100
321 413 5
136 340 80
55 986 83
478 592 67
882 998 48
584 958 95
139 718 54
380 886 58
372 923 94
858 968 93
226 740 73
871 959 80
415 848 60
302 319 11
315 614 67
196 332 86
58 970 59
918 935 5
175 715 66
544 780 95
91 536 36
239 968 37
355 805 47
933 936 10
666 754 44
110 953 50
699 981 29
718 958 12
392 737 79
518 758 61
137 647 97
701 943 51
723 940 79
102 139 65
694 799 67
879 959 73
107 430 41
829 896 13
295 760 72
627 902 46
273 434 96
457 515 18
269 738 2
358 797 78
631 749 89
931 948 72
904 929 84
227 642 24
804 942 3
340 883 64
908 912 56
936 985 73
215 315 20
851 939 72
345 907 35
188 718 42
228 516 1
369 765 67
784 918 5
69 290 62
274 949 99
310 455 41
169 312 39
505 890 5
745 771 25
482 586 21
89 133 78
263 652 68
707 844 41
182 692 57
299 429 88
981 991 39
415 471 28
588 596 71
454 647 2
352 513 83
82 420 33
838 909 65
895 943 7
110 844 27
197 330 65
813 904 32
78 590 52
986 999 63
560 641 4
5 366 86
279 294 83
233 847 93
128 812 62
610 873 26
817 820 78
820 936 52
968 986 83
949 983 80
737 795 71
984 989 38
237 975 66
705 926 57
692 842 48
491 866 33
876 878 74
592 941 97
218 373 90
895 927 17
65 504 50
903 991 81
505 958 20
426 1000 85
469 924 81
658 795 71
454 621 63
379 451 83
577 597 74
714 842 62
4 234 15
485 774 89
959 999 40
91 257 97
618 681 2
933 946 38
747 764 94
519 822 52
253 969 74
619 771 47
903 931 47
83 393 66
310 703 87
402 615 92
468 682 10
728 800 44
880 978 13
805 971 12
922 977 72
939 949 16
870 976 22
606 639 52
374 529 94
257 654 94
441 550 23
771 892 61
722 820 3
14 61 98
409 876 8
708 905 11
249 269 64
313 990 51
108 959 93
657 716 57
470 582 4
889 923 82
502 936 64
479 528 62
715 853 52
267 643 45
387 610 44
392 830 72
278 609 74
745 813 50
96 915 24
201 451 44
349 682 74
978 983 7
555 607 9
326 689 67
769 803 54
629 910 92
279 687 81
442 859 57
221 670 21
557 858 95
311 700 46
437 693 25
615 834 87
974 991 63
574 678 25
662 854 29
934 948 14
208 958 3
45 392 58
80 376 59
628 651 95
911 973 60
121 808 83
437 915 100
12 652 72
383 563 1
862 962 12
434 833 92
604 823 51
349 505 87
25 914 32
370 611 3
327 422 58
276 589 70
961 989 92
421 614 25
487 989 8
462 655 29
922 959 80
936 989 99
47 992 3
695 783 54
794 987 48
279 996 37
635 946 40
156 707 39
931 994 68
288 655 41
972 987 94
861 919 87
843 991 87
452 594 31
482 872 61
933 942 57
944 991 22
959 982 52
831 865 96
110 526 24
5 312 75
105 705 77
840 957 16
151 780 22
876 991 18
614 678 82
572 745 90
466 732 87
535 970 62
873 996 68
946 967 38
837 914 64
902 925 86
562 605 78
314 347 6
359 402 27
125 856 7
981 995 99
712 808 47
719 756 52
161 855 6
980 997 42
75 222 82
71 555 34
192 334 88
916 925 22
550 802 14
703 721 31
243 715 21
290 901 18
319 778 22
294 479 83
482 956 43
585 875 14
548 784 53
841 902 36
727 742 2
683 819 81
176 202 78
211 818 36
20 994 77
524 733 68
670 889 15
16 527 16
461 574 8
620 880 91
343 477 42
270 931 35
532 683 73
765 902 100
633 917 25
680 987 64
478 817 34
42 805 86
274 389 55
821 959 17
722 792 85
721 887 96
380 713 30
776 928 48
741 844 18
19 782 47
518 864 95
280 660 77
110 856 66
750 795 15
753 875 88
907 986 46
541 753 59
7 666 8
891 940 70
982 999 83
297 393 13
628 665 63
342 619 23
256 800 78
770 831 85
773 913 59
132 134 93
165 651 85
455 601 30
853 967 77
865 973 84
420 671 10
920 939 7
94 97 22
132 708 12
168 445 75
6 418 47
608 861 36
871 999 1
599 990 49
570 655 10
339 360 42
40 316 33
168 971 81
470 992 5
670 763 100
968 991 96
617 769 29
941 969 63
317 960 90
834 844 95
726 977 69
793 854 68
119 466 1
383 875 65
913 924 58
561 673 25
458 891 19
774 873 92
686 880 50
321 890 98
445 844 85
638 743 22
450 587 85
731 817 17
872 920 32
94 726 89
411 795 99
160 859 54
126 188 12
608 999 24
345 577 9
532 602 94
86 457 31
686 960 61
733 809 62
920 997 2
110 651 43
721 792 89
400 952 75
477 572 93
456 930 25
969 1000 9
878 922 94
862 923 72
385 654 26
687 877 21
877 925 73
851 884 29
511 529 66
788 814 38
41 479 3
638 1000 19
825 998 83
265 318 33
420 685 100
811 832 46
111 798 67
268 639 4
811 849 11
754 929 81
46 107 78
307 865 50
737 757 96
324 351 44
89 435 91
613 694 92
924 964 42
510 574 71
812 899 85
786 947 51
809 870 22
966 968 28
510 611 67
891 987 81
869 975 18
380 760 6
436 687 60
676 913 23
809 979 18
680 852 65
945 982 26
494 885 54
404 469 19
355 360 78
348 898 44
136 397 90
496 666 57
681 769 12
463 755 16
921 933 51
614 813 65
359 577 35
81 570 25
982 993 70
143 461 22
431 557 73
801 829 11
897 947 43
347 947 9
11 636 1
195 894 15
140 862 7
634 787 25
103 1000 42
851 937 2
2 107 98
93 804 96
543 963 3
21 398 60
736 828 48
610 699 61
262 655 27
460 486 54
388 807 77
232 527 59
990 991 23
142 427 40
573 579 20
555 614 45
117 653 58
910 984 54
918 931 82
181 780 7
427 934 78
655 879 35
211 292 49
185 708 19
142 949 64
939 982 51
614 957 98
639 948 69
15 382 43
336 498 37
392 544 26
891 987 72
209 710 31
566 669 32
781 981 100
473 649 8
309 837 29
956 981 86
907 984 5
81 607 49
898 951 94
527 883 52
459 805 42
411 570 52
421 899 9
870 909 42
219 837 83
956 982 21
333 624 35
8 223 100
167 236 20
55 939 90
334 408 57
361 658 77
696 830 53
683 962 10
198 221 20
862 983 93
13 956 50
551 844 24
625 858 48
393 489 70
834 973 5
737 909 2
198 662 20
864 887 27
213 797 36
416 486 95
478 711 19
418 447 70
562 598 98
571 617 20
262 667 87
926 954 16
89 802 38
120 553 2
562 798 82
110 559 9
633 670 45
589 777 25
931 941 15
318 859 90
612 980 75
577 847 21
770 974 85
780 939 9
226 957 55
63 308 34
455 623 49
955 957 45
780 801 66
351 746 46
400 766 23
990 991 80
923 945 86
886 908 90
362 533 63
825 964 54
591 637 81
794 996 9
780 957 68
437 798 92
904 966 16
515 957 92
366 734 14
989 995 77
958 961 87
211 728 48
382 803 12
12 781 77
324 943 9
282 465 82
539 631 85
83 198 9
906 929 23
155 423 39
696 767 78
672 963 85
40 961 56
979 995 29
263 990 8
138 786 7
490 921 91
670 697 45
180 382 49
444 748 58
551 734 100
622 867 70
662 804 85
769 846 26
537 725 67
194 330 53
334 633 88
556 775 89
921 996 52
921 926 66
137 804 83
402 428 23
478 775 77
588 961 90
90 789 44
583 945 26
593 626 21
695 835 93
512 746 94
345 723 83
8 759 74
299 866 100
27 42 85
586 703 19
525 529 4
322 532 48
471 476 45
229 975 85
216 973 99
406 716 10
436 513 67
983 997 77
683 801 81
934 975 70
320 549 67
292 634 12
883 884 70
581 702 32
963 991 78
91 353 21
833 992 76
733 858 5
190 811 52
357 383 1
82 628 63
371 645 20
497 559 54
4 198 50
458 933 77
221 674 28
907 982 63
860 883 55
462 505 65
467 549 53
800 979 87
451 658 41
184 494 51
352 842 21
977 989 11
695 903 70
364 680 65
563 760 10
850 881 85
669 877 2
505 814 16
500 769 40
317 841 69
668 723 83
572 976 24
227 819 5
117 832 32
282 814 24
86 240 45
284 380 66
466 655 27
648 794 1
56 378 5
818 978 60
546 788 18
237 412 5
514 841 55
406 847 79
625 641 61
208 911 21
998 999 34
970 992 28
312 503 82
995 999 51
318 810 83
936 993 33
992 1000 10
624 990 47
10 579 4
118 622 40
519 575 43
846 870 69
123 217 71
213 268 71
493 885 8
188 335 27
126 216 45
125 920 16
290 806 35
368 989 29
812 917 33
554 619 3
862 902 43
325 456 72
900 985 12
3 636 86
986 994 40
691 909 11
793 845 99
495 624 88
27 398 6
809 914 15
625 657 63
637 808 2
715 934 82
675 905 38
367 913 84
180 416 47
125 505 50
585 597 98
720 823 54
298 664 31
914 989 5
304 406 89
957 988 89
530 834 42
71 185 18
596 686 83
622 961 100
77 890 66
563 897 41
383 417 53
447 925 3
962 972 80
66 417 48
452 817 41
143 572 80
854 923 17
480 1000 44
20 419 58
176 265 85
960 995 22
776 951 3
91 981 46
211 312 30
825 928 21
358 386 84
594 901 79
645 695 10
338 731 22
711 911 49
625 947 88
898 912 69
380 786 49
410 919 31
65 931 72
837 964 48
335 934 42
19 610 51
179 683 81
134 326 81
308 395 87
883 930 52
460 822 50
132 430 72
911 976 43
949 955 5
843 930 81
518 560 43
648 674 31
984 999 81
124 445 27
726 963 99
295 880 64
983 990 13
102 379 67
999 1000 100
202 775 78
345 951 41
658 714 8
252 983 94
991 995 16
55 375 48
206 711 95
492 874 77
150 522 86
983 997 50
312 992 15
818 896 86
136 240 15
172 942 11
139 704 100
663 843 30
893 924 56
9 580 31
190 938 72
653 689 40
423 885 55
441 532 96
441 969 8
929 964 7
484 594 77
902 967 23
269 882 28
29 561 14
831 856 43
665 701 7
451 549 50
523 537 88
773 939 79
550 856 75
991 992 68
719 1000 93
129 363 20
372 498 1
125 642 20
313 948 53
692 773 69
949 962 93
186 950 17
17 706 64
757 816 85
727 740 21
306 362 64
440 616 47
767 770 68
20 461 91
392 758 96
840 968 14
216 830 14
746 748 26
265 574 75
181 267 17
692 978 82
811 916 4
160 841 98
689 747 10
988 991 51
27 452 41
36 706 35
235 905 7
156 594 33
107 418 45
889 892 98
983 991 48
920 940 76
521 980 2
777 907 75
9 62 77
484 784 69
979 991 50
322 928 79
481 562 62
536 747 50
57 604 85
787 969 21
269 836 8
207 610 46
34 657 69
974 995 7
600 937 25
719 865 55
704 797 1
835 891 75
363 982 60
235 890 91
498 685 86
268 695 64
259 858 21
425 665 73
777 936 7
797 946 91
372 781 91
536 663 93
566 916 22
714 720 65
753 994 77
257 483 13
838 850 11
509 839 35
786 875 9
167 171 72
871 980 24
810 969 64
13 476 17
254 361 51
735 911 24
837 944 89
205 235 77
349 466 60
455 941 14
363 382 27
480 951 98
953 968 4
246 363 40
146 791 100
267 612 60
705 950 87
353 424 53
406 974 7
819 936 54
580 766 16
969 986 7
964 996 18
48 605 39
288 427 90
45 335 23
180 199 59
778 842 72
915 948 91
766 911 63
929 954 11
502 878 53
832 887 82
13 647 19
687 746 48
144 248 72
732 867 56
823 835 97
68 136 75
671 844 42
457 608 16
679 680 14
482 502 88
949 975 99
931 945 65
768 814 86
170 890 42
679 929 29
274 382 65
470 738 4
356 541 90
598 701 24
854 976 76
706 847 99
551 579 27
5 946 67
805 824 18
854 996 60
721 744 96
925 989 9
77 962 24
846 987 89
89 990 6
42 353 52
584 694 59
307 568 81
236 327 87
25 128 16
846 988 84
47 434 81
220 225 49
726 940 49
935 957 86
371 515 55
196 242 43
992 997 4
565 962 2
622 827 79
146 695 19
967 999 94
859 911 34
800 987 9
707 743 86
989 999 60
275 699 8
797 887 58
594 939 97
923 950 56
188 401 89
340 371 48
706 717 41
337 727 62
543 629 56
142 434 76
434 787 94
171 396 34
235 541 22
827 933 60
134 766 52
332 395 28
306 916 1
474 847 94
393 523 36
384 685 35
856 969 16
344 750 14
565 861 11
448 460 18
566 580 94
750 959 60
303 782 52
817 846 23
445 710 12
587 739 22
343 983 19
890 896 82
659 741 7
185 245 55
943 984 87
853 923 94
52 773 53
441 872 38
74 667 97
102 121 57
127 448 24
409 509 96
701 782 20
525 996 28
332 746 5
239 988 38
846 907 72
647 664 13
308 689 63
146 992 8
196 696 8
814 925 96
752 774 95
369 881 34
4 376 40
866 929 100
684 910 46
472 643 99
312 673 37
209 776 55
329 710 67
514 892 42
543 546 9
427 948 99
317 511 65
606 900 81
811 909 93
288 978 25
693 942 94
672 771 76
703 713 98
819 956 73
801 974 33
921 940 54
310 372 99
194 928 33
430 862 93
267 830 52
349 678 28
757 835 70
110 474 52
142 458 56
787 902 96
498 501 46
316 855 57
347 387 19
290 887 97
743 830 65
322 688 49
570 810 78
535 775 96
498 643 27
120 540 14
392 677 4
121 860 3
446 723 20
827 957 91
41 313 52
483 710 90
609 728 18
322 501 60
769 900 28
867 935 95
614 948 92
126 387 26
663 742 8
842 879 12
310 599 10
371 755 65
124 759 64
574 948 60
148 689 22
397 557 77
846 906 57
342 545 51
107 199 98
620 736 97
633 679 55
124 598 62
530 666 20
732 752 8
653 850 52
333 902 56
326 950 5
426 878 43
45 787 29
61 442 60
604 928 85
970 978 64
956 971 2
630 678 13
385 470 27
288 876 40
944 1000 93
751 810 98
596 822 28
556 941 73
184 711 85
499 844 3
107 681 36
18 802 97
634 822 49
102 811 22
714 785 100
918 962 69
599 878 75
854 962 82
724 907 81
575 963 77
995 996 75
71 683 24
576 793 37
337 726 70
445 596 19
709 740 55
435 769 6
399 682 99
426 794 11
674 827 89
453 676 73
371 415 16
873 891 46
664 822 32
568 842 78
380 530 36
650 657 55
217 299 84
127 560 18
433 804 75
478 999 42
198 903 26
217 421 57
632 847 20
134 212 10
990 993 5
351 783 95
727 962 23
967 999 82
654 703 39
293 942 21
775 926 24
920 980 79
504 703 60
388 538 91
169 416 4
466 737 14
20 525 39
102 196 60
760 834 10
619 934 63
722 932 31
259 647 89
482 695 38
930 932 38
695 856 77
57 696 66
55 348 28
350 422 11
441 613 35
24 803 4
159 354 35
890 974 8
320 825 48
672 887 58
195 900 66
288 621 66
226 648 32
455 492 7
267 272 38
180 279 94
229 519 55
66 305 99
712 836 26
281 472 28
379 703 45
396 706 94
374 836 63
12 862 54
36 140 6
269 421 58
522 694 34
523 733 69
797 847 51
312 958 86
624 769 32
56 406 87
655 698 40
920 941 48
60 676 52
577 791 97
251 878 77
129 354 36
693 988 60
254 949 48
958 974 53
387 849 62
977 978 12
891 979 53
159 437 30
257 460 67
87 799 13
711 809 15
840 924 80
561 788 85
193 868 28
64 415 55
559 891 30
532 903 56
687 894 82
399 963 20
181 908 42
594 673 71
536 961 64
750 866 2
980 992 17
189 577 66
972 986 6
814 844 75
706 740 29
769 786 52
591 837 71
59 261 51
116 451 44
542 879 81
329 542 94
98 161 6
136 832 38
982 994 46
848 998 64
949 978 59
696 717 29
973 992 20
608 995 37
851 903 88
371 910 63
46 958 43
726 802 32
491 985 21
24 935 42
530 730 43
782 818 89
553 914 38
847 922 54
717 825 10
277 693 58
496 888 26
916 965 74
559 889 61
12 317 94
957 978 86
284 444 47
936 990 34
453 768 34
948 961 25
502 665 4
14 659 63
466 805 25
105 185 22
271 818 42
943 984 52
277 804 78
160 206 45
461 649 68
133 462 70
286 864 46
682 745 57
114 482 25
175 882 67
417 755 78
910 961 71
916 944 80
474 594 69
595 712 65
136 835 61
782 896 47
897 952 9
783 971 44
823 900 24
752 983 42
884 939 12
511 885 85
158 887 96
154 500 28
3 136 15
791 959 65
641 754 10
116 315 37
551 831 85
690 700 69
250 927 62
663 875 43
543 973 64
576 796 95
247 803 43
688 924 15
246 826 47
18 665 65
935 971 92
933 984 56
306 322 3
758 846 21
778 945 13
266 767 9
616 964 80
579 905 94
92 180 29
553 610 43
611 930 46
203 846 34
140 901 86
939 998 4
593 887 40
345 883 65
27 841 53
265 613 9
510 607 83
760 993 29
556 812 41
694 884 45
652 852 31
724 919 52
123 606 52
531 687 91
568 645 24
133 651 59
587 837 28
499 986 87
557 816 3
962 975 58
150 843 70
239 294 53
830 837 1
874 924 58
420 798 14
101 248 94
645 811 61
154 449 76
407 732 92
362 853 90
843 926 59
377 699 29
139 569 6
264 681 70
435 792 6
132 361 93
5 664 22
92 469 99
634 909 68
194 500 13
871 885 33
954 999 60
896 901 94
985 998 23
999 1000 5
150 714 52
534 614 57
477 536 64
917 929 13
115 124 9
389 677 51
548 875 50
201 606 3
843 934 8
993 995 67
976 989 66
67 264 78
520 924 69
310 561 98
386 391 30
489 872 30
612 921 88
591 850 100
823 850 51
705 720 51
386 766 43
456 653 6
397 925 29
581 767 26
416 551 97
613 772 43
526 700 13
596 647 79
983 998 86
218 504 40
72 750 17
865 921 45
559 716 51
75 913 96
876 966 27
944 991 4
662 994 64
178 196 65
300 749 4
509 797 70
978 983 100
924 958 59
738 865 78
593 728 72
135 992 40
704 747 57
701 917 42
503 760 83
941 958 95
571 979 58
557 577 31
785 910 16
133 887 56
797 963 87
521 700 4
249 298 100
570 595 25
618 777 99
636 800 94
585 877 63
624 919 57
837 945 88
506 715 78
241 684 92
998 999 18
862 905 62
556 927 68
498 989 10
600 954 97
540 559 44
486 721 50
681 810 88
314 935 59
256 643 42
463 718 65
48 334 30
766 908 35
197 644 75
428 447 23
473 897 34
667 930 75
323 899 64
178 849 54
231 737 90
570 624 41
428 831 54
852 881 81
540 962 70
720 849 23
375 660 57
862 939 83
125 155 96
695 851 39
691 841 73
830 940 93
100 119 25
28 42 86
53 323 87
322 896 19
864 988 31
743 889 67
998 999 69
786 861 4
475 918 59
290 768 22
762 981 65
768 863 86
887 913 20
925 970 54
965 970 60
608 849 14
933 983 67
101 584 20
789 921 31
870 944 99
531 809 33
606 945 14
391 868 58
921 976 49
666 897 22
343 384 79
948 950 91
640 659 56
326 997 73
358 392 18
626 849 66
493 959 9
820 931 85
442 776 59
329 831 25
146 887 90
841 973 68
116 864 59
151 496 71
791 921 95
132 831 32
324 682 28
773 844 47
279 312 40
444 682 98
977 988 72
62 289 85
464 979 53
689 847 21
923 946 74
248 539 44
290 522 95
405 513 73
597 754 34
656 760 46
150 294 94
626 932 42
496 524 85
271 341 68
338 893 49
886 946 64
365 578 26
472 610 54
332 374 78
83 952 24
213 823 2
405 1000 70
672 862 35
874 938 61
272 554 24
545 632 42
308 722 33
306 565 65
954 967 56
316 960 5
206 500 89
925 936 48
170 378 32
747 900 70
138 383 63
107 198 23
842 893 32
499 980 54
939 983 6
462 585 53
778 997 37
631 700 68
462 788 13
765 994 96
987 996 99
856 981 44
256 662 98
384 820 77
144 189 52
451 526 99
454 644 70
860 928 4
210 731 30
486 923 88
329 437 37
283 929 69
371 781 3
90 326 14
308 569 22
930 984 68
13 735 49
981 995 81
821 887 75
693 708 33
71 384 70
999 1000 65
984 997 58
857 887 49
184 255 11
305 639 59
179 234 43
742 803 39
767 782 61
2 352 82
650 979 8
5 139 61
972 993 83
133 634 80
8 319 76
274 742 6
383 680 66
327 448 13
425 940 67
571 626 41
918 959 89
375 402 46
960 995 87
147 962 66
99 194 97
9 887 36
38 602 62
408 912 47
374 653 97
890 895 67
545 826 96
125 968 54
209 465 57
198 597 95
927 948 43
345 514 75
600 637 87
750 910 16
171 494 83
61 576 20
577 578 6
806 879 84
809 993 79
22 770 67
10 301 93
602 892 65
375 804 96
602 694 29
745 815 47
669 981 38
100 273 10
997 998 80
533 534 45
646 753 29
815 962 90
385 620 85
188 838 32
276 802 21
800 828 44
741 816 7
584 693 74
235 756 12
884 892 21
920 923 57
109 686 21
879 886 67
814 910 85
127 949 68
645 917 4
453 561 22
728 809 98
194 785 4
866 922 51
802 972 25
447 524 98
781 818 42
108 266 35
375 417 13
957 983 62
176 389 88
329 748 32
207 554 19
347 822 67
148 576 76
62 613 20
672 799 36
790 920 52
647 754 23
184 373 44
56 421 33
230 910 41
394 811 26
104 579 19
565 634 20
966 974 91
432 565 12
729 873 58
901 924 28
307 380 76
326 971 7
883 997 4
764 988 25
627 653 39
450 767 70
172 422 86
28 469 94
281 638 5
191 957 16
315 424 71
843 888 81
164 789 34
705 852 89
261 279 83
107 530 48
475 697 63
203 353 86
391 962 13
537 544 23
964 998 90
682 977 29
216 510 86
820 984 12
739 847 57
118 324 33
19 228 27
618 694 80
554 755 20
680 850 75
512 615 81
798 952 33
440 641 48
777 880 55
834 955 50
192 921 70
769 877 13
667 901 6
15 701 59
702 713 35
943 980 41
998 1000 31
811 840 97
382 826 15
166 461 56
542 883 51
257 689 56
1 599 9
421 528 26
85 204 8
990 992 38
1 251 61
770 775 70
98 731 29
906 986 98
726 898 28
441 747 79
987 993 79
488 956 19
898 944 82
300 631 12
185 939 92
388 882 85
4 771 65
101 502 45
914 918 35
724 992 51
238 388 46
606 823 59
115 297 5
873 885 25
893 914 39
580 955 78
178 209 84
870 918 68
514 780 89
185 900 66
392 443 6
698 899 95
982 996 64
118 887 86
954 973 82
463 954 68
248 310 60
969 975 80
395 830 51
688 712 69
596 655 66
755 881 2
730 995 46
40 570 37
410 628 1
213 234 79
194 993 18
797 811 27
757 886 75
539 793 43
299 305 79
576 931 6
294 934 83
942 965 4
641 845 99
707 883 12
907 922 76
796 937 26
215 686 68
969 983 37
709 741 13
670 858 76
89 550 21
118 428 67
204 609 5
486 759 28
623 783 69
112 146 59
164 834 96
837 907 15
692 846 15
652 778 60
726 882 1
35 802 35
271 622 84
297 531 74
143 935 47
361 382 3
934 977 51
556 712 71
163 769 58
288 880 68
25 928 79
830 921 21
382 392 37
543 678 90
117 743 97
67 265 78
358 625 28
886 938 54
261 837 11
384 411 43
713 987 69
988 993 47
118 786 76
479 946 49
758 820 16
813 972 55
548 875 82
698 819 71
38 467 8
92 288 66
927 968 98
334 637 94
417 617 5
121 461 35
260 983 78
877 995 12
754 1000 87
857 928 95
241 560 41
152 992 67
798 881 67
641 760 76
910 951 3
830 956 38
142 148 30
219 930 90
778 910 19
187 823 5
410 575 50
985 990 63
250 576 32
375 579 76
309 398 9
59 174 92
320 863 25
1 817 70
159 521 30
814 843 29
613 933 85
91 758 75
983 987 87
185 812 53
676 875 66
565 573 32
676 947 15
124 213 15
789 984 4
331 652 65
807 945 35
917 925 62
397 465 38
44 130 19
206 218 39
819 873 92
44 563 73
821 904 66
501 701 62
541 800 95
539 998 92
325 415 47
63 645 89
239 467 66
473 953 61
662 780 37
437 946 19
41 782 53
391 400 67
66 836 18
386 873 76
132 517 40
966 987 53
133 310 7
466 954 97
777 832 67
139 770 45
8 108 72
693 759 42
929 935 86
155 316 100
580 732 16
664 671 93
454 510 74
987 991 94
928 943 40
360 440 56
416 926 91
244 589 81
631 986 15
885 982 83
532 868 2
202 379 3
785 912 46
94 227 29
143 361 81
11 161 52
359 738 5
292 681 2
916 958 23
817 880 62
779 886 88
486 643 39
644 867 34
645 824 71
286 875 14
675 751 46
988 992 40
661 923 17
677 928 18
580 589 1
336 765 15
561 564 14
911 949 16
919 1000 75
783 944 24
36 95 36
821 983 35
53 725 6
724 930 60
365 858 14
70 488 13
660 706 19
993 997 47
669 989 78
604 680 23
734 923 29
647 988 30
387 756 40
209 308 62
297 349 42
807 953 35
520 917 72
390 445 28
628 900 11
909 954 92
780 799 6
954 973 73
821 959 58
880 937 96
155 595 49
214 685 76
86 883 80
273 538 36
388 971 99
278 561 68
466 978 17
793 879 97
513 999 91
600 818 25
128 507 64
985 988 4
654 674 48
466 917 8
81 978 87
180 678 19
92 205 2
751 786 25
733 890 97
464 578 60
826 910 52
476 887 39
309 544 16
520 523 15
545 880 31
871 935 29
305 931 96
771 989 92
407 468 1
830 945 36
580 592 43
181 705 90
874 970 45
163 364 61
892 977 42
376 393 58
866 966 49
848 910 83
139 693 59
856 887 66
424 992 45
168 572 73
179 356 17
112 150 15
452 637 31
285 421 41
934 978 28
179 669 89
191 588 100
894 918 57
443 546 40
93 191 42
904 964 90
809 926 90
912 982 10
115 585 4
296 406 83
640 901 8
487 529 84
343 937 39
962 970 38
732 864 48
296 719 26
37 940 72
769 853 43
850 900 38
347 487 16
311 785 51
516 736 44
601 827 100
79 660 89
254 798 16
973 984 27
291 744 55
304 995 12
314 771 38
418 819 57
682 855 51
852 991 88
533 951 84
926 933 24
379 627 12
119 826 15
114 143 65
845 866 85
349 512 92
394 401 29
281 865 7
680 868 17
487 639 85
889 989 82
306 369 74
719 862 47
491 537 20
525 767 95
77 729 89
899 949 28
238 450 91
506 889 13
306 429 13
376 530 12
927 986 59
538 584 7
420 796 22
806 892 100
457 847 65
93 943 98
640 836 11
72 528 53
498 913 54
11 402 87
621 790 55
636 861 26
5 684 97
603 842 92
785 985 28
638 698 77
250 694 13
699 744 58
957 970 53
518 906 38
50 611 82
441 632 42
916 926 94
455 896 82
770 883 81
434 455 75
600 913 64
744 994 24
366 777 19
267 379 64
588 740 69
868 967 49
122 521 94
795 798 57
962 979 95
243 556 9
799 955 14
469 855 74
961 966 11
109 287 43
71 962 58
150 642 11
359 363 68
10 404 45
710 987 82
570 952 44
556 607 32
410 606 58
771 951 5
434 977 60
966 995 43
939 945 2
764 967 53
287 726 78
835 858 58
56 496 94
814 908 18
511 789 49
680 951 36
418 909 26
745 805 74
258 962 46
515 543 6
218 875 67
410 620 63
533 706 95
817 841 18
556 745 54
500 977 24
884 960 91
712 766 41
418 485 69
575 837 38
211 459 77
194 546 33
687 825 64
840 891 20
174 346 15
872 891 20
892 901 7
122 256 38
190 477 90
329 475 8
769 834 85
47 859 74
251 554 63
804 881 5
664 973 21
59 289 30
552 580 61
955 978 82
319 864 24
377 384 27
414 914 28
852 979 54
892 925 52
343 982 18
860 973 27
893 962 7
892 952 55
414 946 8
892 927 75
758 978 12
881 939 60
183 824 55
423 717 69
552 787 20
560 720 100
195 743 56
547 596 22
393 577 98
208 879 96
66 499 34
67 434 68
61 475 73
650 996 19
147 835 50
716 859 45
393 927 53
935 943 38
259 312 2
929 971 81
942 967 77
329 974 89
935 972 77
396 662 22
653 841 1
334 735 37
374 578 69
960 994 7
738 964 71
210 286 33
538 730 59
565 707 75
993 1000 98
681 920 19
559 624 8
438 808 36
865 883 8
551 594 15
669 815 27
71 331 70
607 868 88
670 916 38
954 995 89
406 792 43
737 765 31
197 900 91
489 601 71
344 737 78
546 881 37
365 766 36
543 746 44
992 996 35
495 721 77
836 852 90
483 734 99
340 535 46
191 874 87
147 235 30
306 642 64
93 333 66
869 949 99
336 704 59
304 463 65
722 908 53
369 995 77
653 992 92
285 580 70
400 943 3
634 960 61
917 980 21
286 489 66
307 377 61
820 992 87
416 933 87
278 505 12
56 143 34
847 851 43
558 815 32
121 529 1
102 860 69
77 257 71
299 671 94
851 919 44
140 313 80
911 976 86
631 801 94
193 365 7
715 791 67
101 475 17
342 852 76
314 840 17
50 233 35
130 660 47
864 953 56
176 965 1
263 327 38
400 979 9
61 830 68
760 993 64
905 918 1
922 929 96
627 898 90
518 982 68
919 933 19
10 926 44
829 922 55
741 995 74
418 957 62
770 864 17
569 625 34
839 950 70
467 929 54
482 910 95
628 884 11
715 952 4
817 872 59
448 641 12
68 956 98
682 947 3
310 540 91
865 866 5
53 374 2
451 495 99
481 543 34
283 771 45
443 672 46
902 961 29
218 478 60
659 697 43
557 936 78
245 587 67
222 506 77
270 339 29
90 287 52
387 958 13
138 226 31
107 805 70
543 810 38
855 909 76
467 580 49
545 948 2
38 949 67
142 277 60
715 826 53
662 904 61
143 957 56
682 922 50
836 926 72
330 770 90
784 932 39
79 172 24
52 442 94
801 946 42
671 991 17
921 982 56
755 904 12
349 880 83
235 571 43
475 853 12
732 746 39
440 732 79
750 891 66
93 986 40
125 681 79
559 932 98
862 926 96
580 715 75
667 868 14
103 767 93
540 735 14
822 839 28
28 557 94
600 863 44
599 802 10
933 988 82
515 969 84
795 940 54
158 287 15
460 868 37
657 752 72
504 651 47
620 934 72
787 836 93
407 443 59
916 943 42
654 967 81
834 874 4
905 993 56
18 831 24
805 930 20
997 998 33
419 506 63
251 574 75
899 949 78
186 862 39
350 849 41
902 918 85
743 883 41
344 491 93
276 999 60
784 975 94
358 657 47
148 380 46
384 633 30
230 915 79
600 607 43
612 918 17
743 949 82
84 881 55
926 958 25
470 526 39
611 881 96
110 829 28
324 411 21
936 997 48
23 708 64
95 556 47
817 852 16
623 839 8
854 932 7
382 392 76
367 464 14
377 826 78
760 907 52
284 620 47
251 851 7
642 817 37
671 740 79
760 932 13
356 918 91
257 678 55
341 547 34
853 953 3
199 609 34
480 987 30
724 781 74
713 913 34
605 972 89
652 770 29
342 945 13
168 977 91
877 995 26
109 764 75
655 926 95
794 934 41
295 795 8
542 608 19
852 915 55
378 837 73
430 766 36
995 997 73
501 653 24
570 957 18
354 834 56
659 688 17
374 399 34
22 337 63
333 766 68
39 868 53
36 146 61
629 857 53
667 1000 58
694 983 13
885 995 60
169 633 94
321 972 22
553 900 10
260 938 91
921 954 64
581 762 88
745 961 4
328 720 97
523 914 46
74 970 55
295 546 4
796 870 28
951 959 47
616 899 15
23 685 77
330 797 85
854 998 8
3 296 27
530 975 31
527 998 86
426 761 59
42 968 91
75 475 55
665 853 28
879 937 25
482 792 83
756 952 45
849 972 75
167 698 59
577 610 52
670 990 45
749 912 49
3 743 39
439 955 50
427 968 18
435 808 69
437 438 96
144 991 43
811 963 15
654 712 16
103 966 67
83 212 87
218 668 95
368 419 11
686 882 86
254 764 31
882 972 46
206 769 12
738 924 27
465 868 34
461 678 68
789 899 53
554 603 12
877 987 5
59 909 90
665 975 32
191 788 74
404 593 19
891 972 21
939 981 45
331 464 11
561 797 10
59 463 58
537 609 48
658 784 67
412 621 59
183 748 64
151 894 52
723 783 97
72 661 41
393 807 74
539 619 89
12 441 58
848 858 53
523 558 45
770 896 96
12 708 35
60 909 16
280 333 49
72 661 96
604 908 70
283 480 66
820 916 20
554 896 12
448 913 20
114 885 55
27 91 58
688 727 67
888 961 25
539 763 46
713 949 7
422 452 96
295 801 96
349 636 59
550 985 59
84 85 82
764 991 36
710 746 89
379 548 89
831 886 2
953 999 78
583 685 50
560 958 57
167 549 23
136 607 39
276 679 38
997 1000 92
846 903 73
656 793 22
781 864 37
978 982 34
599 869 46
606 732 41
453 549 88
363 957 17
485 549 21
773 790 60
346 524 42
45 329 72
25 708 71
946 998 69
78 368 14
369 910 22
828 993 95
921 927 95
108 721 21
468 671 50
263 365 36
217 643 8
361 887 79
697 908 9
136 581 72
257 327 69
825 835 58
957 981 6
939 973 42
930 951 44
65 723 26
176 538 27
951 970 15
40 110 71
848 851 81
769 970 97
212 520 22
182 875 7
574 908 16
297 629 34
577 940 77
682 867 62
950 967 83
83 436 35
380 525 24
117 951 50
321 560 27
593 745 6
344 896 81
476 555 63
275 816 85
818 829 54
125 410 54
984 986 27
533 602 10
59 406 93
106 926 48
849 954 55
149 495 42
408 734 69
791 828 13
138 825 40
924 958 73
535 951 19
628 728 78
269 486 51
389 827 60
633 741 96
56 580 46
907 940 98
30 330 29
410 469 21
623 892 90
100 712 12
857 976 34
163 571 47
369 702 77
917 933 37
94 868 57
645 919 56
370 800 53
391 952 26
873 981 71
645 923 38
99 661 54
245 690 78
893 998 33
236 536 68
93 964 51
491 862 46
116 854 64
547 797 52
815 874 42
472 582 90
635 691 35
598 894 38
559 596 89
662 860 38
434 847 88
604 728 56
137 592 98
550 567 71
864 909 93
373 661 20
572 758 64
154 272 95
989 992 30
190 490 10
477 648 19
13 68 64
472 625 52
460 697 74
892 970 53
213 970 98
84 118 91
812 868 99
876 891 62
989 1000 61
801 802 19
868 885 29
862 985 89
655 859 4
988 992 36
469 553 68
889 984 59
149 736 96
769 787 19
687 996 33
285 497 51
884 979 6
764 935 6
94 587 8
692 877 6
601 947 42
823 881 44
