50 50
45 12 97
17 45 772
34 45 953
31 34 1539
36 31 2222
3 17 1643
33 31 1558
18 33 2266
27 31 2335
32 18 3112
38 32 3667
40 38 4431
4 32 3305
2 40 4555
30 17 1515
26 30 1880
19 26 2312
39 19 2540
24 39 3014
22 39 2511
5 30 1497
13 30 2443
43 32 3555
29 43 4093
42 30 2333
35 31 2456
21 27 3078
48 21 3568
7 48 4293
44 12 139
1 44 808
10 1 1272
8 10 1627
15 31 2161
9 15 2907
49 9 3329
16 1 1609
28 16 2487
25 27 2779
50 17 1480
23 49 4253
6 49 3929
47 23 4174
11 47 4245
14 11 5126
46 33 1498
20 46 1417
41 20 1358
37 41 2026
3555 41
3078 17
2312 41
2222 43
953 46
2266 19
953 49
1558 10
1539 43
2222 2
97 22
97 50
2266 40
772 18
1 28
2335 9
2312 23
2511 32
2335 43
2312 1
2779 23
4431 43
3014 49
2222 41
3555 20
953 6
2266 30
1 27
4093 11
1539 35
97 22
1 14
1558 27
1 3
2312 35
1497 19
97 23
2222 49
772 4
808 34
97 41
3112 47
2161 1
2779 48
2266 4
772 48
97 37
3014 47
2511 8
2222 11
