1000 1000
107 551 821
542 107 1611
972 542 2391
894 972 2670
638 972 2515
620 542 1677
610 620 1704
882 610 2475
430 882 3310
779 894 2828
821 882 2563
434 430 3852
559 779 3790
363 821 3280
808 363 3756
202 808 4690
317 202 5460
252 317 5911
2 252 6521
83 2 6429
30 83 6482
706 610 2358
861 706 2949
707 861 3609
244 972 2874
601 779 2865
397 30 7478
709 397 8084
263 821 2646
208 559 4640
259 208 4635
583 972 2380
904 583 2819
426 904 3155
139 426 3881
86 107 771
458 86 1393
704 458 1450
613 704 1745
700 882 3272
475 139 3934
525 904 3377
256 525 3693
172 610 2031
653 172 2831
554 882 3255
802 202 5589
682 802 5608
575 808 4502
671 575 5471
747 671 5999
720 747 5903
318 720 6069
691 551 929
309 691 984
716 202 5290
714 882 3353
264 434 3817
832 264 4622
118 706 2615
456 118 3322
306 2 7400
407 306 7927
746 559 4005
751 407 8057
388 751 8276
887 388 8331
367 542 2119
715 551 197
453 706 2887
879 453 3305
695 832 5278
889 695 5347
433 889 5898
792 747 6783
334 792 7758
905 334 7674
944 905 7625
749 554 4236
687 309 1756
451 687 2257
752 451 2702
769 334 8605
644 244 3654
611 2 6917
204 611 6909
42 204 6892
990 42 7042
831 687 1996
988 831 2737
343 988 3479
151 714 4035
800 151 4849
923 800 5770
443 208 5264
920 264 4337
50 259 5314
368 706 2448
946 368 2435
489 946 2383
414 700 3438
739 414 3823
503 779 3407
467 451 2653
766 739 4185
41 620 1652
697 554 3660
170 905 8327
784 170 8366
146 601 2788
563 146 2918
197 821 2923
338 197 3492
378 338 3907
345 378 4099
463 345 5038
877 197 2829
149 41 2066
869 149 2071
319 808 3825
386 319 4002
403 41 2651
427 403 2585
160 784 9045
138 160 9269
846 671 6387
6 706 2809
973 716 5250
500 489 3349
271 41 2000
398 644 3850
647 398 4725
518 889 6177
698 518 6606
445 698 7049
615 682 6494
182 973 6244
796 182 6940
818 554 3231
989 861 3384
305 202 4672
791 720 6728
100 6 3256
754 944 8012
515 182 6895
292 338 4394
369 292 4720
656 369 5018
73 808 3727
795 73 3723
582 882 3322
724 582 3671
963 800 5613
955 963 6028
916 754 8624
552 752 2632
98 552 2739
545 98 3428
281 426 3151
517 559 4137
269 889 5770
108 149 2158
200 451 2711
477 563 3687
642 477 4397
676 515 7185
975 170 8430
750 151 4246
755 750 4265
466 755 4856
616 517 4224
871 467 3315
293 871 4118
231 293 4114
626 231 4020
591 626 3991
261 591 4608
996 261 5273
304 707 3683
77 304 3954
748 467 3649
366 748 4398
786 475 4731
497 208 5026
150 139 4863
360 515 6881
188 360 7833
966 575 5255
431 966 5201
168 846 7149
352 168 7846
435 98 3399
659 752 3012
527 659 3521
901 477 4067
824 901 4787
581 706 2546
710 581 2716
499 748 3974
423 499 4625
115 423 5288
436 115 5745
428 41 2193
104 887 9084
645 591 4254
962 656 5175
90 869 2035
114 90 2047
827 114 2809
158 827 2941
772 158 3106
965 710 3044
617 458 1768
476 751 8029
865 86 1766
164 865 2597
21 164 2793
840 21 3751
605 647 5179
395 605 5940
34 610 1742
432 34 2155
986 525 3478
444 986 4416
532 575 5431
392 532 5556
243 865 1888
612 243 2465
826 545 3381
590 436 6055
678 869 2564
935 750 4655
242 581 2695
968 616 4619
136 149 2263
595 242 2811
229 595 3226
46 229 3979
357 46 4835
226 451 2407
708 226 3383
730 575 4510
663 2 6798
488 663 7273
829 840 3878
674 436 5919
913 674 6272
47 808 4233
128 434 4546
967 476 8953
275 967 9732
349 559 4454
393 349 4469
762 393 4790
725 762 5285
324 725 5486
897 407 8783
783 687 2281
286 783 2464
23 795 4214
106 747 6465
359 106 6946
892 359 7100
442 892 7101
35 442 7099
84 583 3367
579 6 3220
777 477 4604
985 777 5364
570 985 5693
509 570 6326
981 509 7183
173 981 7373
279 173 7653
917 279 7987
16 869 2916
999 16 2966
441 286 2656
997 441 3193
815 430 4176
282 815 4179
822 965 3837
768 822 4262
592 226 3128
505 592 3695
364 445 7295
731 182 6230
390 626 4150
690 390 5026
753 690 5506
303 753 6131
385 716 5625
763 385 5681
835 763 6656
216 955 6191
782 216 7144
541 656 5651
606 541 6512
760 700 3223
886 808 4578
222 886 4735
381 222 5301
513 381 5260
941 513 6098
535 941 6522
883 750 4418
998 883 5250
177 279 8135
491 177 8185
447 431 5349
745 644 4138
902 985 6343
220 222 4950
316 220 5357
48 316 5942
705 731 7125
510 705 8111
169 510 8368
954 590 6290
26 200 2860
391 26 3340
817 570 5638
96 128 4986
648 96 5079
919 243 2205
756 822 3938
234 756 3851
408 831 2692
548 730 4513
350 453 3446
217 730 4813
365 217 4868
112 365 5650
993 112 6322
223 993 7095
978 223 7456
163 978 7645
741 163 8164
851 784 9244
684 851 9610
924 477 3690
938 924 4315
327 535 6791
566 748 3953
455 566 3888
199 455 4095
211 913 6478
664 23 4482
737 664 4927
39 616 4593
520 535 7226
834 520 7191
120 704 1570
82 605 5879
266 871 3510
262 266 3817
937 262 3830
404 937 3907
906 407 8424
880 497 5326
418 880 5757
842 418 6661
696 842 6634
180 696 6945
152 180 7547
953 152 7876
105 802 6352
297 105 7327
649 297 7941
722 649 8855
994 722 9553
201 994 10507
514 201 11040
526 985 6048
635 760 3781
907 488 8262
774 907 8411
301 271 2532
636 301 3331
524 690 5017
402 526 6194
819 989 3917
88 819 4249
926 269 5818
629 98 2666
419 211 6941
890 403 3244
284 890 3686
781 86 1137
288 708 3552
562 920 5136
162 562 5748
260 583 2511
896 260 2903
465 112 5922
873 303 6226
929 503 4225
450 363 4279
773 450 5150
440 773 5465
377 173 8317
533 395 6759
546 533 7463
20 546 7591
219 617 1990
156 305 4610
654 106 6631
628 654 7587
574 890 3961
54 574 4428
78 54 4714
339 647 4722
567 339 5126
970 567 6104
325 645 4533
296 720 5804
413 296 6559
807 524 4929
549 807 5136
650 549 5630
55 395 6025
285 288 3934
814 285 4734
854 861 3195
203 334 8754
908 203 9421
481 419 7832
523 481 8520
480 659 3631
165 480 3854
701 165 3848
347 835 7638
53 347 7866
899 53 8492
68 899 9272
302 937 3975
948 302 3966
530 948 4836
521 695 5711
36 975 8735
867 36 8798
947 867 9755
969 947 10530
734 969 11033
519 734 11562
130 398 3813
957 130 3719
837 365 5613
995 968 4811
853 391 4279
643 853 5175
154 605 5473
794 834 8188
321 794 8778
928 321 9074
224 402 7127
484 533 6682
12 840 4667
956 12 4600
175 956 5028
241 175 5751
806 241 6585
37 806 6924
486 447 5559
666 814 5434
218 666 5528
192 218 5496
227 682 6465
485 327 6850
14 978 7751
355 14 8371
179 355 9257
634 179 9706
778 948 4611
925 778 4702
964 241 6132
72 14 7671
726 72 7580
556 726 8106
679 177 8808
287 679 9367
891 287 9375
813 891 9619
119 813 10152
79 925 5027
942 79 5839
212 942 5793
757 212 5742
934 514 11637
194 934 12521
811 194 13221
399 811 13681
4 399 13663
250 642 4517
915 41 2517
770 915 3134
459 916 8734
864 459 8848
257 35 7025
637 402 6312
587 16 3792
356 587 4396
412 165 3929
344 851 9671
185 818 3875
153 734 11752
767 153 12615
409 549 5070
127 208 4704
342 127 5375
492 937 3817
457 200 2715
246 334 7757
69 246 8487
329 69 9383
470 329 10220
665 750 4835
70 871 3438
400 352 8061
939 747 6414
888 939 7243
314 888 7525
959 530 5001
798 263 3108
280 747 6700
60 819 4563
482 60 5392
932 357 5321
619 284 4385
97 619 5366
599 286 2401
733 599 2546
495 819 3822
522 495 4585
540 522 4943
186 540 5130
633 186 5597
375 725 5957
460 152 8062
93 460 8571
471 334 7819
693 471 8429
15 693 9228
852 15 9862
742 907 8227
688 742 8782
307 688 8692
295 741 8143
247 295 8766
727 247 9272
159 727 9856
493 480 4300
184 612 3191
308 615 7329
604 457 3252
59 604 3420
508 59 4061
124 508 4325
547 808 3905
389 547 4199
140 734 11148
425 407 7910
673 47 5059
7 673 5423
803 7 6307
738 803 7185
134 738 7327
1 466 5451
787 257 7227
912 787 7544
790 912 8054
274 247 9651
555 274 9836
371 555 10653
933 371 11283
711 456 3959
254 711 4861
380 499 4965
383 380 5513
157 156 5193
859 363 4072
10 859 4401
289 10 4547
437 301 2958
24 357 5116
569 304 4311
775 243 2699
557 941 6510
328 557 6475
952 328 7150
258 547 4189
598 968 4665
862 598 5115
235 611 7703
370 235 8032
206 370 8172
685 206 8142
237 613 2150
825 237 2230
992 938 5191
205 992 6122
921 205 6882
838 921 7457
660 838 8230
683 318 6255
277 418 6170
594 277 6761
841 594 6698
332 841 6693
694 332 7009
623 694 6936
960 623 7520
830 513 5978
131 423 5437
553 800 4888
230 79 5671
735 769 8689
337 735 8707
743 337 8709
56 581 3165
228 363 3795
799 827 3439
622 112 6302
723 622 6447
875 723 6517
326 246 8243
141 107 1097
346 141 1982
171 346 2709
536 171 3303
406 773 6127
672 996 6062
67 309 1189
126 581 2529
62 574 4052
239 62 4374
29 402 6611
858 48 6642
498 858 7126
195 498 7112
125 752 3018
11 595 3447
976 11 3650
421 998 5307
631 371 10599
323 631 10710
74 323 11521
129 325 5040
45 129 5644
576 250 4918
248 576 4955
534 248 5547
736 534 5785
63 736 6344
405 63 6571
898 405 6638
273 898 7066
504 919 2715
64 917 8896
881 64 9642
473 476 8477
8 473 9218
903 8 9880
290 903 10821
667 290 10741
207 118 3558
558 207 3789
361 727 10139
680 361 10392
330 791 6952
764 2 6497
721 440 6388
538 721 6759
145 782 7520
646 156 4532
844 646 5408
94 792 7662
528 94 7601
856 392 6433
483 856 7365
550 20 8359
214 550 8863
410 67 1932
113 170 8738
187 113 9388
812 187 9917
805 673 6053
210 928 9492
655 210 9889
744 655 10054
675 656 5476
81 675 6029
931 81 6356
560 360 7405
33 762 5258
848 451 2917
839 172 2532
422 839 3001
117 280 6907
110 117 7874
446 912 7695
102 446 8692
122 495 4395
609 726 8560
625 46 4902
987 634 10452
980 687 2681
411 410 2192
600 556 8929
729 600 9749
577 986 3590
512 86 744
468 512 1443
627 468 2416
641 302 4590
225 305 5664
253 269 5793
31 253 5801
373 646 4467
382 104 10067
424 382 9999
353 424 10827
311 499 4708
823 988 3318
984 288 3550
28 984 3810
189 28 4572
66 210 10055
630 750 4199
537 685 8616
472 537 9258
785 472 9488
379 785 10300
689 4 14535
232 689 15019
142 606 7092
300 186 5107
662 300 5085
487 662 5242
624 408 2910
507 624 2861
728 733 2718
681 735 8949
384 681 9309
176 384 10249
809 176 11036
320 486 6186
299 320 6150
586 441 3019
979 586 3183
657 979 3154
333 20 8532
732 333 8511
354 732 9459
461 354 9460
336 461 9632
464 956 4996
71 464 5245
982 71 5517
161 982 6162
719 161 6120
927 719 6037
843 927 5980
565 843 6585
335 565 7544
17 335 7675
940 17 7899
789 94 7699
174 158 3537
183 72 7743
602 241 5788
166 296 5756
855 93 9103
233 105 6258
494 233 6577
759 284 4644
588 759 4624
396 588 5551
621 46 4958
135 998 6026
452 135 5943
758 452 6911
761 758 7326
632 206 8414
596 632 8437
209 510 8550
857 209 9268
454 973 6013
788 823 4186
198 788 4489
351 161 6436
340 351 6633
983 970 6736
866 789 8308
474 866 8604
310 595 3309
765 912 7465
276 750 5071
573 925 5087
191 573 5863
878 191 6773
80 878 7220
22 880 5399
99 22 5690
608 99 5831
884 721 6923
713 744 10324
584 713 10794
298 584 10746
589 136 2234
593 521 6604
291 665 5229
429 291 5414
416 429 5903
669 416 6279
255 944 8098
27 342 5499
543 637 7165
652 543 7871
65 527 3480
331 402 7124
251 331 7182
686 431 5310
372 414 3651
640 372 3896
618 640 4719
870 618 4747
449 870 5481
516 966 5706
387 516 5893
718 166 6154
977 718 7073
123 977 7365
816 465 6837
49 816 7796
717 775 2624
670 146 2912
793 795 4712
585 231 4990
417 509 6476
196 417 6413
101 196 7203
511 101 7518
658 511 8180
111 67 1164
847 111 1865
804 90 2488
668 804 2974
362 30 7089
322 362 7490
420 322 8384
9 420 8687
87 8 9430
75 87 10032
479 75 10837
603 897 8992
950 603 9649
448 950 10032
876 643 5742
137 876 6276
270 772 3063
155 192 6196
502 330 7804
797 465 6893
910 465 6143
272 910 6297
943 272 6203
341 674 6565
439 322 8125
958 439 8839
190 142 7037
860 851 9482
469 87 10395
971 201 11378
178 971 11740
949 178 12512
895 949 12580
900 984 4472
780 900 4689
25 26 3662
614 25 3702
103 614 3948
922 103 4620
61 922 4873
312 399 13882
712 312 14323
374 956 4884
951 624 3799
116 554 3596
974 964 6883
133 251 8138
874 133 8770
51 874 9439
236 51 10270
76 64 9630
221 888 7786
496 221 7868
1000 496 8291
38 1000 8447
863 38 8583
828 175 5426
845 972 2541
544 9 9613
597 544 9553
215 447 5813
651 215 6711
213 651 7032
32 170 8620
85 434 4648
580 85 4925
911 23 4658
561 486 6384
501 561 6482
539 270 3852
240 353 11658
18 240 11897
564 37 7556
89 564 7998
19 89 8646
893 695 5187
3 893 5404
268 277 7071
833 297 7269
438 644 4238
92 438 4489
918 719 6244
936 116 3670
265 453 3658
462 265 4244
193 462 4380
348 521 5871
58 348 5813
572 548 5321
181 572 5873
144 78 5417
529 144 6194
245 501 6475
506 245 7221
490 464 5535
850 490 5586
415 850 5895
930 730 5467
394 930 6329
914 394 7220
44 705 7574
872 44 7618
267 432 2790
13 760 3356
121 847 2219
776 121 2723
315 776 3536
961 315 4211
52 495 4478
578 52 4583
40 855 9344
639 40 10220
945 515 6882
810 945 7579
909 810 8474
885 909 8719
294 885 9616
249 294 10147
5 720 6585
143 130 4431
740 37 6956
109 490 5750
376 10 4465
148 376 4771
95 54 5343
703 95 6260
692 853 4675
702 692 4985
531 588 4967
358 531 5013
661 545 3849
868 762 5600
132 150 5660
283 132 6112
401 492 4217
57 401 4183
699 57 4438
313 699 5388
607 313 6384
571 607 6994
238 443 5949
91 238 6425
801 91 7407
478 801 8341
278 727 9500
836 398 3837
43 836 4017
677 43 4915
849 677 5216
147 143 4708
991 147 4865
568 173 7971
771 622 6821
820 950 9600
167 820 9962
4689 21
8327 499
5625 326
2585 763
5026 393
3256 550
4585 735
7941 49
8012 538
4955 939
5255 653
2391 547
3790 43
7243 488
6521 144
8371 674
4929 914
2949 617
8487 192
5651 217
3888 492
6482 751
3693 117
1 141
4236 925
3322 255
3305 99
3790 703
3256 303
4725 119
8808 995
8605 598
6048 779
1 863
2401 966
4835 126
4199 598
3012 763
4416 374
3649 968
5911 131
4398 219
4224 426
4725 498
7846 570
3151 491
5038 933
5250 161
4585 441
7833 18
2828 406
4137 448
2515 245
6132 562
2000 891
2435 509
8766 670
8331 471
15019 966
6226 811
7327 123
4690 600
5136 488
3255 917
7095 748
4619 4
6521 457
1704 56
8327 916
2809 762
3479 560
2511 440
3255 973
2702 936
6494 121
2828 802
4502 821
3881 758
6352 773
1996 363
1 841
8709 317
15019 885
1745 493
3407 703
4214 405
2829 460
8437 888
2515 455
6132 184
3781 179
8366 268
5898 49
7703 362
2401 771
3255 375
8571 530
4099 340
7525 563
7625 116
4265 760
11036 405
6230 843
8520 398
3231 6
5671 139
8560 597
1677 200
2119 58
3756 295
5770 274
4667 834
7758 997
4929 645
2809 272
3790 580
7674 678
5770 24
7295 505
2234 577
4690 125
5460 977
5513 104
6387 201
3687 981
7191 567
5326 981
2435 457
3305 981
6482 820
5347 89
4849 196
7757 601
8084 793
8605 170
6429 793
1611 801
1652 790
8783 958
3854 716
6940 62
4856 565
2585 763
3654 651
4262 226
6194 407
8492 479
7149 117
4138 346
6895 21
8317 718
5589 915
1677 939
3280 893
6028 978
1 526
7520 456
5638 395
7099 505
7185 60
3654 937
3878 871
4099 58
7183 802
5898 895
4118 154
2966 427
4927 516
1393 208
2916 462
6941 345
2511 919
2670 747
6069 297
3155 865
2831 30
4927 549
7899 252
8276 905
11521 203
8327 816
3852 164
3609 161
4720 746
6244 811
6226 686
6892 895
5038 247
5751 487
3315 767
2391 500
2071 972
6945 407
3012 508
7125 134
2407 473
2887 736
2585 996
5018 472
4690 21
2035 807
5460 823
7987 339
4863 101
4118 406
2811 470
821 322
7674 510
2865 990
5999 665
4927 738
5460 376
10055 94
4502 700
3975 293
2585 34
5745 904
9388 503
3654 75
6055 108
2828 367
8366 703
5431 89
2737 929
1652 436
7671 39
4943 265
4262 851
7327 142
7295 259
4418 926
2670 948
5471 851
8135 622
3953 713
4337 882
4578 949
4635 885
5999 903
3012 640
7587 112
3310 408
3353 903
1932 690
3830 469
3315 235
2515 669
6895 28
6728 164
7327 449
9619 694
4813 264
5528 214
7833 280
2532 446
5911 445
1611 665
5770 76
6307 528
3340 513
3852 291
8707 787
6132 651
6585 734
1742 657
6482 486
3012 452
4863 505
6693 233
5018 187
3817 5
9375 504
6952 387
6497 909
2632 110
7653 108
8057 487
4690 917
6177 129
4690 285
9388 835
1677 824
3322 866
3693 822
5079 28
13681 577
3399 913
821 701
2391 71
4604 848
5528 247
4095 207
8735 570
2380 634
4385 836
2632 184
2646 812
4731 875
3226 878
8571 404
8477 289
4396 592
3510 113
5471 942
2000 340
3813 416
2670 277
6344 410
2515 82
9228 127
3439 476
2865 316
5813 174
2546 563
4061 8
5625 186
4735 24
2383 83
4918 767
8855 146
4790 68
2380 779
4849 188
3671 160
6895 385
5347 346
7927 225
6631 539
8084 162
2887 971
5757 722
3792 350
3851 798
8227 531
8783 490
3353 367
1742 928
3438 451
2000 697
1 746
7674 726
5250 814
2066 975
6892 380
4868 297
4233 28
2809 462
2916 271
4640 241
2828 433
4635 401
8029 508
5999 237
6521 775
5278 632
5745 194
3428 806
5785 43
1745 445
1 525
6069 958
2416 112
2448 40
3255 189
2702 792
7125 339
1393 844
4996 586
5770 721
4640 239
4249 239
8429 798
8783 728
2035 5
4861 711
1677 790
5116 270
3848 316
3823 551
6783 862
6783 33
3654 169
2923 73
2865 334
4600 77
6343 934
6344 802
4635 487
8692 383
3377 935
2066 18
7625 239
3953 763
2380 279
2391 679
3974 401
2651 487
5278 781
2383 868
5264 820
5471 876
7400 625
4279 866
5314 677
3690 414
9257 436
3954 236
6728 732
4690 942
1393 66
2358 963
821 723
5556 810
8620 649
771 924
1996 359
6244 240
984 720
3693 638
5175 727
5179 923
6682 594
929 626
3881 839
7846 158
4731 613
6387 605
771 972
5027 847
2475 744
3012 540
6798 54
5551 965
4118 492
2257 605
3953 775
4835 85
5349 123
2874 267
6177 163
4072 172
2809 312
5136 603
2380 909
1 174
1 26
1766 471
3817 101
3012 338
2000 469
4600 923
4690 974
8624 864
1 570
5919 282
2230 509
5898 864
3353 246
3810 684
4265 672
1393 952
7456 769
2066 824
4118 784
8571 142
4002 501
8430 340
10452 95
5793 185
3852 932
7226 497
6465 51
771 259
2831 73
2865 51
3825 69
4546 801
7463 717
5038 974
4325 853
6290 230
6069 675
1742 514
4099 609
2861 235
2585 673
2793 432
2193 78
6909 505
7743 748
7625 831
3322 705
3479 139
8848 955
2653 641
3953 634
2263 138
5026 492
2811 142
4929 626
771 873
1450 733
2071 607
6162 753
6881 597
1450 187
5903 945
2047 669
4578 429
2874 846
9228 829
3671 902
3727 93
3660 619
3792 735
9244 29
6521 173
3407 654
11637 493
4811 250
3660 673
4233 943
3961 414
7832 928
8276 438
4398 584
4672 352
5107 527
4578 655
3353 526
2000 117
9732 300
6429 808
6258 599
8032 72
3671 529
1 155
4702 894
6881 768
4672 204
3848 752
6194 240
3383 217
2949 481
2585 648
4608 454
8368 279
4625 296
9553 509
2887 412
7833 606
2809 467
2809 234
5179 375
5879 819
10530 353
3280 210
6447 93
984 880
2651 225
4725 653
6482 928
1768 702
4655 485
2715 173
7066 540
3790 466
5175 106
2031 1
3310 270
7618 468
3340 50
3356 551
5349 892
5288 904
3305 883
3830 634
8368 789
2949 993
5818 52
2716 433
10152 390
3756 740
4249 70
5506 753
6429 311
2632 746
5942 618
3609 20
8707 535
5278 389
4622 233
1 347
1611 432
9269 676
5473 548
3837 995
3687 777
2918 705
7400 131
2532 973
1611 753
3790 818
4849 422
3252 808
6945 527
1393 813
3446 300
3134 479
5745 343
5589 943
9917 65
6465 96
6302 481
4225 937
8029 919
2632 386
5528 787
1996 387
4690 557
2515 831
3399 950
3781 794
8276 412
4005 587
8185 292
3878 129
2874 740
4394 255
1756 729
1888 941
2475 567
3756 7
8848 432
3660 966
1611 65
3631 607
6028 758
5793 167
7037 962
3521 187
4482 786
7112 823
5130 744
5879 735
6429 380
4150 596
197 824
4624 499
7520 711
6429 15
4849 242
3959 45
3280 866
3255 172
1611 844
1756 879
3727 403
6917 861
2632 803
1745 12
4563 76
6312 266
2831 236
6482 769
3878 830
2949 187
2281 95
2546 14
984 759
5290 643
6606 204
2563 877
5999 834
6917 820
8012 273
4622 868
10152 256
14535 909
4725 676
8754 973
5038 460
5898 732
8770 832
6069 330
3128 397
2829 876
4185 998
5903 869
2383 998
6244 186
1652 148
5301 961
4099 889
2887 816
3305 566
7520 266
6773 453
2670 925
2380 344
5911 820
13681 994
3852 774
5301 684
4943 909
4337 622
3193 742
3878 841
4254 174
10055 298
4546 592
6098 676
984 362
8172 380
3165 265
3683 995
3687 670
3875 164
4179 828
4224 882
5460 619
1768 280
2435 661
6150 721
1 52
4176 766
3438 484
6028 767
8371 771
6917 69
2564 707
2380 802
8057 401
8368 575
3651 709
5001 713
4622 560
6606 342
3353 899
9309 406
3817 511
3492 158
3756 670
5903 113
7185 514
3428 488
3790 31
5255 516
2615 753
6482 923
4510 259
5898 28
5638 212
5650 473
9269 529
3552 137
7758 358
7819 732
2475 672
4482 950
6924 986
9045 837
9272 306
3953 792
6069 221
4725 7
5471 509
8012 990
6279 792
5392 165
6892 162
7125 645
3340 123
2435 266
5742 185
5357 747
7089 86
3155 585
2358 111
4035 416
7127 72
2670 40
5375 995
4118 854
9488 87
2737 928
5693 809
6226 144
5770 311
4546 686
1704 866
4502 893
5745 899
5126 893
8084 666
7125 439
3817 921
5589 620
8896 175
7591 432
3280 204
4138 652
3492 774
3825 43
2435 724
4246 707
3244 32
9084 842
3018 15
5285 71
4517 720
2739 89
7400 866
4720 45
2031 535
4262 719
3687 227
2515 221
11033 140
6638 997
2865 829
4002 855
1677 262
5879 5
8778 624
5460 786
3660 631
6170 433
7126 458
2193 584
3817 243
5260 638
6272 771
3106 65
6475 912
1 389
2819 202
2035 733
2532 825
3377 491
6025 153
4005 883
9269 121
4469 381
7674 410
5288 392
6606 397
4608 2
6429 781
4469 521
3272 921
7400 810
6791 394
7327 286
4246 490
2903 629
6521 841
6429 108
2257 214
5460 616
3878 898
5903 653
3727 872
2475 324
5364 425
7786 88
4469 52
3756 518
13681 924
5506 388
9610 754
2670 877
3671 288
8371 811
5026 827
6638 449
5911 717
8188 26
5250 82
2918 665
2828 648
3349 951
7457 734
6104 390
4254 909
8532 132
7758 982
3407 5
3537 12
3929 513
7703 178
5273 202
3654 588
2563 207
1766 87
1766 300
6150 637
4035 797
5264 2
5314 174
3492 701
5179 40
2564 363
7125 13
8624 448
2646 200
5804 68
6170 64
1 270
3252 415
4138 514
6307 568
821 175
5285 771
10220 746
2205 8
5273 41
11040 178
3817 72
2193 437
4279 787
5671 298
2517 523
2435 698
2716 733
3521 363
8571 590
3063 996
3256 785
5431 606
6759 984
8624 971
2829 958
8243 955
9045 678
929 223
3399 492
5903 552
2809 820
5242 212
4482 846
4655 533
3256 191
5693 698
2465 473
2391 965
6940 180
1137 512
2887 138
4035 777
3609 922
7095 654
4099 622
2585 350
2391 238
3383 19
3438 407
5911 991
2532 768
6517 225
5757 616
4254 276
3407 825
2903 923
2653 877
3280 12
14323 607
3018 801
3280 200
4720 921
2923 229
6917 971
5745 327
3521 190
2066 258
1393 355
5460 446
8084 766
1704 827
5693 413
4416 6
8331 879
3353 980
2865 635
5460 841
5079 539
2047 99
4622 223
2071 253
8276 661
2903 671
6255 897
4622 967
3428 57
1982 441
2119 995
5547 730
2670 958
4397 125
2695 784
