5000 100
1618 764 366
4693 1618 373
4710 1618 606
3108 1618 1076
4679 3108 1599
4579 3108 1671
4239 4579 1697
3859 4579 2115
3033 3859 3033
2540 3033 3956
884 2540 4842
4880 884 5593
1910 4880 5532
1053 1910 5868
4509 1053 6310
3752 4710 1121
1614 3108 1098
475 884 5267
4313 475 5615
4123 3033 3092
3184 764 400
3936 3184 413
10 3936 968
2702 10 1012
1487 3752 1326
4685 764 911
1880 2540 4888
2327 1880 5641
833 2327 6453
4762 1614 1393
2233 764 749
261 764 665
4901 4579 1843
3260 2233 863
2066 4313 6204
4370 3260 1509
793 4370 2319
148 3859 2642
2988 764 161
2075 2066 6867
1126 2075 6819
3445 1126 7704
2423 3445 7666
1551 2066 6758
538 4370 1603
1404 3260 1088
4757 1487 2210
289 4757 3092
3481 289 3990
4036 3481 4136
4635 4036 4520
4851 4635 5042
4323 4851 5643
1676 4323 6303
2247 10 1669
761 2247 1870
4485 761 1955
4295 4485 2275
3460 4295 2845
991 3460 2829
445 991 3281
2089 445 4255
1100 2089 4831
2453 2702 1857
3746 2453 2755
2348 2423 7863
2575 2348 8086
340 1487 1553
3378 4295 2771
3207 3378 3719
824 3207 3994
4948 824 3943
1713 4948 4382
4402 1713 5196
2431 4402 5749
985 2431 6746
3138 4635 4498
1146 3138 5100
2935 3207 3685
2004 1146 5582
4008 2004 6214
562 793 2634
2185 562 2763
1521 1618 1197
1512 793 2599
4056 985 6738
1747 4036 4806
2285 1747 4875
3205 991 3426
2994 3205 4022
1628 2994 4046
3890 2075 7430
838 3890 7469
2744 1487 1843
1866 4948 4189
922 4948 4402
2074 922 4691
2747 2074 4930
3684 922 5111
1912 991 2934
4707 2994 4921
1743 4707 5227
4333 1743 5558
1132 4333 6487
2907 1146 5096
3824 2907 5489
121 3824 6121
497 4402 6079
2117 497 6397
1631 2117 6714
4674 1631 7421
671 4679 1730
2350 671 1710
1127 2350 2498
1432 2540 3877
739 1432 4180
4534 739 4909
3511 4534 5402
1660 3511 5765
4468 1660 6257
732 4468 6621
420 2247 1653
4878 420 2011
1612 4878 2761
1834 1612 3142
1787 1834 3826
67 2117 6945
2157 67 7273
4601 1614 1302
4427 4601 2280
76 4674 8100
3296 76 8447
3447 3296 8603
800 2994 4193
646 1834 3753
3562 646 3912
4618 4509 6439
1782 2185 3437
24 1782 4295
3604 1782 3705
2331 3604 4660
1748 2185 3756
3985 3378 3353
4609 1146 5197
231 4609 5527
2129 2350 2446
4409 2129 2659
346 4409 3163
4891 346 3935
2778 1912 3884
3054 3985 3254
1153 2423 8586
1875 2185 2962
3363 1875 2945
3419 4674 7836
4411 3419 8499
1091 1910 5770
3102 1676 6277
2772 1053 6159
130 4313 5546
1043 130 6229
2740 3460 3484
1416 2740 3456
2131 1416 3836
3675 2131 4143
4286 3985 3318
2153 4286 3331
2949 4313 6220
575 2949 6271
2690 575 6204
4432 2690 6839
2556 4432 7358
2929 1866 4785
3875 1748 4695
2649 67 7790
1333 4333 6047
3772 1333 6141
3324 3772 6286
4097 3324 6221
1403 4097 6421
2429 4056 7379
4793 538 2233
1453 4793 2802
788 4427 2643
3448 884 5724
2240 4579 2484
952 2453 2449
2311 952 2382
1098 2311 2796
921 1098 2784
3262 4635 4775
4994 4432 7657
2886 4994 7869
1629 2886 7963
4478 538 2420
1069 3481 4201
4092 10 1551
3221 4092 2148
70 3221 2993
3964 2747 5545
325 3964 6330
2756 325 6679
1981 10 918
1832 1981 1678
3042 4635 4980
409 1098 3669
720 409 4372
4920 2929 4842
2639 3447 8765
1683 2639 9641
3790 1683 10293
4668 3790 11087
1967 2089 4613
4951 1967 4783
3783 3481 4533
780 148 2933
2486 780 3281
2139 2690 7051
3263 4891 4928
3500 2285 5107
1433 3500 5051
1588 1676 6664
2695 1588 7159
1459 2695 7339
1111 1459 8162
270 1111 8333
1840 270 8674
482 1840 9142
1470 482 9638
3942 445 3446
2308 921 2780
3967 2308 3417
4112 1433 5983
4943 4112 5904
3830 67 7329
2897 3830 7406
4359 2897 7951
2801 4359 7993
860 2801 8116
4336 985 7475
4394 4336 7566
4637 4394 8515
126 4793 2456
259 2453 2577
3999 259 2553
880 3999 2570
2664 4668 11392
2483 2664 11820
4140 1875 3427
3142 1487 1393
1560 3142 1892
15 1560 1817
3315 3859 2022
2945 3315 1953
3950 2740 3504
1325 562 2979
4019 1403 6605
1054 4411 8671
2617 921 3448
4271 884 5237
4430 4271 5325
131 4430 6055
1020 2129 3178
4300 4123 3308
1034 1683 9895
3620 4430 5600
1083 3620 5695
3427 646 4026
1169 3942 3655
4856 1169 3923
4127 2308 2900
4515 4127 3497
269 4635 5328
2025 269 6009
4215 2025 6965
2096 4215 6961
2343 1880 4907
3896 2343 4879
3549 3964 6436
3543 2886 8722
2839 3543 9524
2475 2839 10097
3576 1054 9392
1615 3576 9421
1621 1615 9854
2594 4685 1824
703 732 7201
3303 703 7672
3889 3303 8173
3508 3108 1564
4458 3138 5273
3432 4458 6121
950 3432 6999
63 950 7662
3994 63 8634
1890 3994 8657
1457 2945 1953
4777 1457 2400
3265 4777 3352
3762 3896 5878
2497 1560 2095
3015 2497 2493
1171 3015 2758
3892 1091 6004
3086 4286 3981
4807 3108 1194
667 4807 1938
3996 3445 8403
3805 270 8311
492 3805 8949
859 492 9833
3963 1169 3563
2645 3963 3625
2846 2645 4350
1317 2575 8787
1856 3015 2768
1770 1856 3094
3146 1770 3663
1330 4515 4236
1824 1628 4653
4523 1824 5604
4736 4523 5591
2577 3303 7642
2495 1588 7468
1602 2495 7899
394 2025 6842
2152 394 7425
2204 2152 7351
428 3205 3346
4512 1747 4898
4671 4512 4807
3261 4671 4928
2788 4036 4392
16 3963 3976
1889 3675 4744
117 1433 5027
1182 117 5810
3414 4707 5494
4220 4710 1534
2509 4220 1601
2458 2509 1990
3803 1615 9365
1346 859 9797
1753 4036 4777
3665 1753 4728
217 1126 7531
3280 217 8474
3784 4323 6638
3612 3784 7405
1052 3612 7748
1616 3205 3402
3702 1616 3762
3564 3702 3737
2842 3564 4304
4011 2842 4344
2359 2839 9805
3151 2359 10155
1686 475 5940
3416 126 2838
4139 3416 3072
2341 1069 4323
211 2341 4971
3100 211 5186
2958 2096 7676
1795 4637 8438
4231 1404 1177
2290 4231 1657
4098 2290 1872
892 1628 4650
2558 892 5376
425 2558 6102
2600 425 7044
1745 2600 7594
2647 2945 2387
4857 2647 2871
3237 4857 2909
160 3237 3754
2416 991 3126
4651 739 4855
3290 1910 6332
9 1753 5649
710 9 6311
718 710 6407
3976 718 7339
1807 3976 7316
322 1807 7484
4863 322 7691
4900 4863 7893
965 4900 8169
3082 965 8245
3843 3082 8415
883 3843 8581
1032 883 9184
3798 2778 3791
4881 2458 2544
2867 991 3305
3274 3324 6884
2155 3274 7110
4798 2155 7764
3815 4798 7940
2304 2204 7308
1997 2304 7257
2917 732 6580
1960 4880 5591
1698 4880 5638
1189 394 6825
2791 1189 7150
2282 2791 7357
1569 892 4606
4853 1569 5440
4910 4710 1304
4304 1713 5379
3574 4304 5333
1601 2649 7820
2667 1601 7773
3161 3378 2806
4255 3161 2953
2837 4255 3145
4337 2837 3523
3837 126 2658
3333 3837 2849
3287 3333 2883
2780 3287 3386
3241 2780 3624
2473 3241 4230
2524 2290 2426
2761 2702 1220
4248 3205 4137
728 117 5910
556 728 6336
2873 1432 4160
6 3790 11233
2030 4579 2182
889 2030 2687
737 889 3333
4052 2004 6232
1836 4052 6201
115 1836 6767
699 2778 3843
2774 699 4719
4072 2774 5097
94 3324 6737
2564 94 6962
2545 2564 7695
3240 2545 8145
4082 2649 7906
3482 2458 2649
149 3482 3300
2380 149 3756
530 2380 4331
4989 1453 3752
2335 2075 7111
1789 2335 8088
1472 1789 8867
620 1472 9383
4887 2327 6042
1356 1615 9999
755 1834 3384
4664 755 3437
1042 4664 3793
3852 1834 3608
1297 3852 4404
3348 492 9018
2192 3348 9605
4340 2192 9945
3383 2839 9734
927 3383 10330
972 3207 4276
4819 972 5189
1024 2192 9635
3384 1024 9557
1970 3384 10015
3915 1970 10917
2914 4637 8911
923 2914 8864
2691 1512 2981
4190 2691 3626
3909 4190 3799
1488 3684 5595
4714 1091 6324
257 2416 3777
2288 257 4133
1312 2288 4237
4689 1312 4789
3338 4689 5643
2184 1404 1436
2712 2184 2309
1268 2712 2342
2105 1268 3213
1691 2066 7031
1958 1691 7576
2069 2453 2446
1349 991 2804
1688 1349 3783
2620 1688 4704
4955 2620 4660
1120 4955 4669
2467 2772 6402
1923 2467 6402
3846 4853 5618
3598 1960 5868
2370 3598 6244
4649 2233 747
2508 3604 4014
139 3846 5598
3174 139 6475
3258 3174 6807
3353 3772 6237
2595 3353 6205
2888 2595 6267
4452 2888 7057
657 2483 12248
1943 657 12503
1799 1943 12878
1707 2380 3779
3704 3333 3045
510 1832 2605
1896 4430 6103
3880 4295 3176
2615 3880 3574
1298 922 4376
3683 2508 4783
2020 3683 5761
4902 2020 5884
2941 4902 6838
1670 3348 9260
1815 2647 2441
1305 2886 8503
469 4432 7784
1320 2341 4619
3090 4127 3478
1386 3090 4147
2146 1020 3693
1819 2146 4441
729 1819 4485
68 4793 3102
46 68 3130
4742 1470 10125
3935 4742 10909
614 3935 11492
4174 1403 6720
309 1189 7408
4018 2152 7917
835 4018 8477
3745 835 8906
622 3745 8897
3607 2620 4778
3545 1305 8677
4858 3545 8673
1086 4858 8776
970 70 3020
75 970 3082
3629 75 3872
533 4411 8827
3293 533 8965
376 3293 9238
4697 9 6095
1919 737 3327
2980 1824 5417
2471 2980 5561
2199 2471 5767
4314 2199 6763
4250 4314 7743
1210 4250 8650
2518 4762 1562
4153 4340 9921
441 2483 11867
4207 562 2905
2494 4207 3672
2775 3843 9281
4025 2888 6201
3455 1782 3427
2329 1981 1629
1517 2329 2584
2315 1616 3610
3032 3481 4650
2263 3032 5046
841 441 12233
2281 841 12921
1730 2281 13264
1693 1730 14169
1335 1024 10062
1369 1335 10444
3838 1369 10968
726 3838 11493
4859 726 12291
1219 4859 12201
3057 1219 12757
3796 4139 3072
2895 3796 3198
684 2895 4040
2722 684 4310
4436 2722 4314
3715 3090 4120
4691 732 6769
4741 2308 2734
2736 1748 4232
3426 2736 4155
1610 3426 4100
310 4052 6214
3518 4691 7546
2357 1628 4951
2231 2357 5615
521 2231 5835
812 4512 5887
1137 1880 5341
3786 340 2264
2648 3786 2364
750 812 6107
33 1086 8700
2033 4123 3996
4628 1981 1657
4908 4628 2363
3220 4908 3338
4013 3220 3290
1587 4013 3231
1186 1587 3890
4029 1186 4662
2064 4029 4676
3828 2064 4586
3464 3500 5840
2212 3464 6312
3314 4679 2370
1118 3314 2433
3644 1118 3036
1299 3644 3629
1163 1299 3764
3878 3240 8124
320 3846 6224
1504 320 6629
3179 2359 10539
4546 2761 1626
747 4546 2096
3874 747 2169
4167 3874 2151
2608 4167 2656
2719 2608 3412
4041 3790 10800
4374 4041 11186
23 812 6476
3175 4819 5992
2860 3175 6917
3924 3843 8781
3626 3924 8697
4997 3598 5806
1166 4997 6760
2956 4337 4241
603 4649 1460
1134 603 2065
2619 3604 4518
1976 2619 4625
4627 2486 3849
4879 4627 4761
2065 3892 6944
2519 2065 7459
408 2519 8044
4928 2639 9553
4716 2453 1841
81 2620 5266
1090 469 8764
2970 1090 9082
879 2970 9654
2891 325 6804
3429 2423 7904
1636 3429 8787
1977 2575 9071
334 2359 9707
4946 923 8957
4775 4946 9765
3118 4601 1915
4434 1043 7204
2710 4434 7558
71 2710 7876
4384 149 3687
2543 4384 4619
2430 4910 1535
28 2430 1859
4602 28 2343
1209 1629 8390
1257 4231 1600
1177 4997 5940
2073 3798 4732
973 2073 5277
2919 3665 5256
2550 2919 5658
4825 2550 6445
951 4825 7046
2387 4946 9135
3571 2387 9736
4924 3571 10467
3691 4924 11294
4107 3691 11406
3085 4107 11333
931 3085 11434
629 1958 7733
4155 629 7729
3509 4155 8364
2812 1127 2959
452 838 8354
1839 452 9303
2952 1839 9905
379 4008 6280
2923 1787 4464
2905 2290 1666
1806 2905 2097
3278 3146 4308
1374 750 7078
1892 1374 7899
4371 1892 8749
3284 4371 9740
2181 3284 9798
1718 1034 10403
178 4025 7049
2697 2970 10073
3037 2867 3958
3444 3037 4934
3869 1683 9572
4974 2329 2141
1872 4974 2612
4266 4468 7235
734 4359 8579
4703 3384 10286
4571 4703 11033
679 4571 11647
2191 3511 5844
1 2191 5991
899 1 6650
324 899 7132
2673 324 7089
292 3278 4287
3006 292 4813
3327 2740 3708
4386 3327 4426
2067 1182 6159
2344 4411 8735
1490 1186 4872
4569 1490 5866
2773 2664 11917
1565 2773 12490
380 1565 12799
1170 380 13684
2810 3644 3729
470 2810 3772
858 470 4451
4623 2073 5620
2547 3644 3336
4199 2547 3620
218 4199 3809
1360 1268 3031
2974 2673 7163
395 2974 7930
3433 395 8092
1336 3433 8286
4233 2155 7253
2614 2952 10404
3150 1512 2706
894 3150 2841
1898 3353 6618
3519 1898 7073
2720 3519 7648
40 2720 7737
1341 40 8020
1858 3598 6517
3291 3612 8108
2785 3291 8947
3422 2785 9112
4999 3422 9927
3794 2069 2410
3026 3794 2826
2223 3026 3490
1144 2223 4322
4505 4140 4281
2443 2886 7901
749 1799 13166
1233 530 4988
4291 1233 5679
22 4127 3325
3212 22 3309
686 3212 3957
1566 4609 5880
3356 1866 4568
3831 4741 2746
1337 3831 3558
2120 2240 2564
4754 2120 3105
1109 4754 3039
4169 3324 6692
1496 4169 6865
1344 1496 7721
2047 1344 8531
776 2047 8679
4355 776 9129
1818 4355 10058
2687 3042 5510
1276 2687 5954
1475 1276 6153
225 3843 9168
2276 1120 5353
1202 2276 5406
936 3598 6517
4745 4107 11911
1531 2620 4647
422 1531 4970
2338 422 5152
4909 160 3770
2868 4878 2765
1959 1602 7820
2535 1959 7788
1220 2535 7965
4376 1220 7999
3000 4295 3264
4791 3000 3576
870 3015 2823
4709 556 6277
3613 1892 8211
100 646 4092
1722 4509 7062
2333 4291 5718
863 2744 2634
1306 2263 5969
419 1312 4508
1329 419 5490
3420 1329 5937
610 15 2478
3052 739 5117
1658 3052 6025
336 4745 11967
1029 336 12129
4987 1029 12566
3737 4987 12609
584 2690 6670
1784 584 6935
3450 1403 7348
3867 1029 12468
3904 3867 12715
1802 1588 6711
3841 1802 7273
406 3841 8272
2389 936 6549
2451 2389 7047
4667 2451 6983
4001 4637 9337
1922 2575 7987
3834 1922 8085
4312 3834 8492
3619 4312 9063
1581 3619 9459
1611 1299 4427
1841 1611 4966
4045 23 6541
4670 4045 7347
167 4670 7440
3610 2774 4980
3565 4409 3365
1716 3565 3642
3639 1716 3667
1293 126 2890
2821 1293 3864
4292 2821 4325
4610 4292 4328
3051 4610 4681
4033 1551 7516
264 1889 4740
4422 264 5004
3307 4422 5995
3879 2212 6384
2584 3879 7078
1154 793 2985
169 2073 4797
819 1163 4094
4678 819 4038
2439 395 8625
2724 1090 8985
2751 3904 13522
3836 1745 7576
1067 3836 8153
1212 1067 8338
1255 4127 3471
3200 1658 6633
2013 3460 3697
2706 2013 3878
2640 4072 5171
4416 2640 6121
4320 4857 3376
2800 4320 3348
2079 2030 2771
1630 2780 4308
498 2471 6200
862 498 6577
3144 862 6577
871 3144 7004
3625 871 7381
337 1628 4013
4467 1670 9662
3336 4467 10005
943 117 5722
4662 943 6183
2405 2780 3934
1917 2405 4834
4214 1917 5161
1295 4214 5866
660 1369 11129
2859 660 11427
3415 2859 11510
3882 3415 12473
3398 3482 2855
4382 3398 3308
2567 3450 7934
685 1683 10082
4934 685 10580
3561 2788 4883
3124 3561 5673
4028 3290 7324
3645 4028 7899
2795 3645 8032
4990 2719 3844
3340 4990 3862
4042 3340 4407
2693 4042 4732
163 2693 5715
3308 3924 8962
847 2535 8655
873 4167 2959
2226 873 3900
402 2226 3820
263 2199 6545
2959 263 7220
1619 2959 7221
840 1619 7557
1891 840 7813
3582 1891 8309
3435 3582 9037
1649 3435 9573
1031 1649 10403
4335 1031 11113
2797 755 3434
505 1919 4243
480 505 4985
2700 480 5623
1613 1453 3521
3698 3936 660
2817 2697 10320
2271 2817 11078
3157 1615 9851
736 3157 10045
2764 1880 5610
3497 2764 6217
1969 3497 6629
3818 1969 7112
1149 699 4635
1850 1149 4915
226 1850 5513
998 2914 8997
912 622 9225
4461 912 10015
1950 4461 11010
3188 4910 1236
1264 793 3097
725 4697 6642
2298 725 6840
3777 2298 7446
396 3777 7490
3592 396 8052
4644 3592 8288
2631 620 10260
2735 3450 8148
4604 2735 8152
4021 1611 4381
2286 4021 4633
4541 3000 3688
3970 3333 3468
1941 3970 3827
3589 1941 4069
1553 3589 4188
2194 1676 6223
426 3607 5023
4038 426 5966
1647 4762 1367
1265 4651 5638
1492 3592 8983
3504 3746 3389
1996 3504 3845
2078 1374 7796
1463 2078 7982
976 1463 8708
3530 976 9594
487 1660 5854
3267 487 6078
2554 3267 7056
3958 2710 7486
4373 292 4881
4860 4651 5201
137 4860 6085
4514 4382 4179
2484 4514 4916
88 2484 5742
1737 1086 9701
4874 3958 7413
476 4874 7525
43 476 7467
83 871 7604
2899 2120 2711
153 3963 3925
4758 2204 8063
3559 505 4207
2836 3559 4923
1596 1917 5069
4469 3054 3614
1249 3843 8399
3827 1249 8552
547 3827 8500
3467 547 9451
525 226 5594
1016 525 6363
3944 3985 3880
3595 2917 7289
1731 3595 7358
501 1731 7777
3087 337 4097
1510 3087 4009
2381 1510 4700
1554 4427 2551
4316 1554 2591
3968 4316 3469
4959 3968 3412
2528 4959 3863
1986 2859 11912
656 1551 7198
237 656 7734
3266 2897 7918
1643 441 12143
1503 1643 12811
2517 1503 13709
4494 2517 13864
1179 4494 14822
4866 1179 14846
4533 4866 14866
2991 4533 15319
2714 2991 15944
3748 1293 3028
1478 3748 3794
4626 1478 3759
4996 4626 4092
2317 4996 4933
1094 2317 5084
1474 1094 5611
4393 521 6821
3123 4393 7775
2160 3123 7863
1632 2160 8441
3829 1632 8786
1313 3644 3170
2969 1313 3423
3974 2888 6288
2107 3974 6594
280 2107 6520
3060 280 7139
893 3060 8115
3185 3828 4541
1065 3185 4866
1594 1065 5821
3591 1784 7741
2763 1265 6501
1720 2763 7369
3148 1720 7735
3011 2004 5829
3403 1153 8819
3127 3403 9497
2111 3127 9853
2777 2111 9842
2481 2777 10455
1534 2481 10415
3110 3290 7161
3513 4320 4324
756 3513 4473
2786 4123 2999
3331 1346 10537
4368 3331 10633
4650 4368 11392
2978 263 6615
3413 2978 7183
4965 3413 7580
1085 3378 3398
4778 4541 4122
4006 3582 8961
4473 1034 10619
2877 922 4372
1033 2877 5140
4277 1033 5644
4122 4277 6246
3586 178 7938
3197 3586 8595
3865 3197 9039
2061 899 7495
1485 3261 4998
2671 1485 5715
4595 2671 6172
4488 4534 5547
2274 3999 2508
742 2274 3194
2026 4595 6983
4780 2026 6987
1729 4780 7836
57 1729 8626
4912 57 9549
4017 2720 8126
1351 4017 8225
2602 1351 8676
4342 2602 9608
4195 3783 5439
2829 4195 5869
2363 4534 5511
4958 3783 4890
463 3435 9858
2588 2543 5224
3230 899 7433
1999 46 3616
3601 2013 4591
246 1341 8621
3111 246 8566
627 2797 3354
3573 627 3342
2749 3573 3946
1756 4662 7052
1057 2191 6761
1322 1057 7666
4640 710 7136
625 4640 7915
3167 625 8249
1003 610 2829
3660 1003 3792
705 4033 8357
919 1693 14972
4580 2105 3504
2657 4580 4362
606 4436 4695
3832 606 5472
753 1293 2791
4408 753 2735
2928 4881 3204
3357 1969 7351
4892 657 13123
778 406 8535
2513 1488 6043
357 1219 12727
3010 2152 8419
791 3010 8769
4073 791 8903
3075 4073 9661
4444 3762 5804
4565 4444 5812
2932 2888 6295
1357 3205 4244
4151 3075 10332
1007 3445 8002
2510 1007 8145
1159 1670 9192
4144 1770 3855
872 4144 4640
1540 4336 7747
2435 1540 8740
1473 4373 5085
878 1473 5496
3998 878 5557
464 3308 9897
4084 2550 6005
3955 4084 6465
3729 776 9034
3723 3729 10014
2765 3723 10987
682 2765 11082
2166 682 11322
3285 2994 4304
566 3285 5143
1712 2744 2499
4369 2649 7968
2121 4369 7893
323 3994 9140
4537 323 9061
694 4537 9988
3558 694 10155
1460 3558 11077
4747 1127 3155
1278 4747 3208
2571 1278 3191
3365 2181 10764
4599 3378 3584
4116 231 5782
1780 1086 8862
4223 1780 9132
1622 1100 5323
4188 3450 7810
36 4974 2160
4481 1896 6703
4993 4481 7027
581 4993 7972
1038 4928 9940
4883 889 3225
4227 3433 8662
2809 4227 8643
704 2809 9164
3089 704 10057
1934 4144 4275
3074 1934 5019
3753 2837 3989
1984 3753 4572
3773 1984 4596
1739 1834 3719
3583 2550 6404
696 3296 8539
2872 696 8803
2612 2872 9487
316 2612 10268
2987 316 10442
3587 2987 11079
4816 3587 11391
4310 1892 8815
1939 4310 8766
875 340 1701
3520 682 11212
3548 1265 5586
254 614 12133
678 254 12349
1142 678 13075
3004 1142 13335
4608 2969 4325
4698 1189 6899
3618 4698 7239
4401 4541 4092
4792 547 8501
2579 4792 9143
4258 2970 9171
4445 4258 9536
1791 4445 9494
4558 1791 9738
3183 4558 9842
1873 254 12421
3806 4601 1836
3847 3806 1926
4914 1594 6097
2823 3909 4089
2844 2823 4096
4894 2844 4445
3822 2706 4749
2850 1433 5695
1796 2850 6469
2237 985 6788
4395 1086 9679
3288 4395 10134
1948 3288 10231
2641 1948 10336
4849 2641 11142
2964 4909 3847
3128 923 9309
1827 3128 9528
3951 1827 9759
4135 3951 10092
3369 2667 8282
4132 2078 8034
4173 4132 8729
48 3595 7462
4767 48 8064
4054 3996 8461
1757 3548 5849
489 1757 6288
3842 2033 3992
1261 3842 4489
4657 1261 5224
1644 3691 11976
607 1644 12831
916 2308 2863
2224 3586 8068
355 117 5188
1764 355 5669
3386 6 11378
3666 4579 2568
3927 1712 3054
4941 3927 3893
3354 4941 4621
134 3354 5349
2523 134 6207
2189 2523 6811
1392 1091 6618
2046 1392 7304
296 2046 7676
2488 296 7822
1995 2488 8523
4259 4987 12504
4290 4259 12937
1726 289 3698
2142 1726 4108
1051 2142 4656
2404 1051 5221
4009 1747 5550
578 4323 5989
3468 578 5942
3329 3715 4677
2529 2974 7132
4358 2529 7369
4327 2935 3650
2277 4327 4642
956 734 8660
1810 998 9942
4529 1810 10481
2023 4529 11363
2250 2023 11802
4630 2250 12583
3304 4630 12544
1338 3304 12615
2947 1338 13206
4730 4595 6086
2386 4730 6769
232 2331 5628
3912 232 6117
2452 3151 10689
297 2452 11454
4590 297 12064
1617 4590 11990
1659 1617 12968
4221 1659 12893
3926 4851 4981
1324 3419 8578
374 1676 7005
1728 374 7393
2487 1728 7669
1059 3175 6230
3339 750 6645
637 3339 7016
2815 4664 3733
4646 705 8518
2385 2735 8897
2044 1305 9285
1418 1896 6196
366 1418 6989
2943 2772 6829
975 2943 7694
3225 975 8077
4023 3225 8729
2097 2061 8383
2022 2097 9020
564 2381 5645
1458 4286 4196
1851 1458 4219
4306 1016 7118
1046 4306 7738
243 1046 8094
2916 243 8102
4567 892 4659
1234 4630 12502
3767 232 5743
4172 3767 6089
3214 4879 5491
1271 4602 2443
4507 3737 13189
555 4422 5826
2463 2065 7779
2354 2463 7964
2228 2872 8778
1987 3583 6960
2086 1987 7886
4720 2086 8600
1952 4892 14117
3456 1952 14925
1240 3456 15907
4463 1240 16236
3156 4463 16626
522 3156 17111
268 1338 12589
3566 268 12935
2188 2558 5291
3877 2886 8650
546 3110 7895
3781 546 7963
2068 3781 8361
2201 2751 13641
2734 2201 14464
1576 475 5526
3705 575 7080
1139 3151 10383
3216 1959 8750
1775 4537 9034
4280 4819 5249
3997 4280 5449
3599 2452 11183
2636 3599 11878
3009 2636 12473
1486 3009 13364
2709 1486 13483
2340 3912 6988
1803 3303 7974
528 2281 13511
2618 528 14301
4130 2618 14622
3531 3822 4811
2655 2970 9926
3443 1386 4793
2244 3443 5323
3960 2244 5528
1835 1659 13716
2485 1835 14054
198 2509 2360
2106 198 3134
2716 2106 3971
3857 2716 4817
3885 3857 5564
326 3885 5683
4968 326 6152
2021 2690 6255
857 3009 12381
3532 1628 4654
2395 137 6352
2532 793 3192
181 2532 3634
2465 181 3858
427 1729 8457
4561 4664 3407
2399 4561 3874
4482 4741 2635
4586 2868 2682
2502 4586 3465
4504 2250 12097
4656 4504 12032
1568 4656 12253
3337 4342 10148
4824 3337 10719
3728 4640 7132
4568 4084 6886
491 4568 7402
4593 3414 6217
3766 3773 4646
3457 3378 2855
552 3457 3776
3759 4402 5582
1093 3759 6079
1413 1093 6600
4275 2631 10912
1723 965 8808
3164 2735 9028
4000 2724 9481
1121 4000 9686
2633 1121 9629
766 2633 9772
59 2535 7699
4462 4280 5461
241 862 6534
1719 3467 10407
2670 1719 10390
839 2670 11203
3524 2451 7274
1798 3524 7731
3190 1798 8454
2279 3190 9166
285 1619 7972
4256 705 8702
3528 2886 8716
2656 3528 8880
2388 2656 9209
4014 4112 6070
13 1628 4007
4385 3265 3292
2378 4385 4133
514 1554 3271
4440 3832 5934
692 3026 2889
3191 692 3254
3913 23 6477
350 2166 11855
12 2671 6072
867 24 5068
1715 3573 4103
4799 3090 3909
1350 1159 9766
3273 1350 10705
4076 4011 4858
3718 4025 6689
1188 3718 7682
245 4199 4379
3917 245 5372
2349 3338 5745
3343 2349 5732
569 1922 8494
3547 4394 8065
1232 3547 8519
4981 2380 3696
3141 4981 4071
1675 1554 2975
2093 1333 6189
2841 2481 10643
4113 2044 10062
1620 4113 10006
133 1620 10168
771 726 12452
47 3118 2698
2409 47 3656
3168 2409 4068
738 3168 4622
4433 738 5083
4431 2706 4639
1961 1737 10152
4131 1961 10765
2802 4131 10736
2256 2802 11289
3921 4626 4382
34 2802 10934
3700 34 11686
80 3700 12251
2942 3090 4373
4224 4601 2001
961 2333 6604
1221 961 6561
2001 1221 6551
559 2001 6684
2355 559 7476
2432 2355 8132
158 2432 9129
3342 1085 4252
2112 1939 9249
3906 1210 9017
928 4431 4828
214 452 8313
2591 214 8606
3103 2591 9501
3 4709 6516
1562 3 6791
1536 1562 7349
1881 1536 7308
1895 1881 7733
4829 1895 7992
1637 4829 8226
1584 3834 8735
1382 2664 11404
2542 1382 11754
1805 2542 12087
789 4908 3176
2936 3221 2776
4932 4887 6759
1975 2575 8302
2109 1975 8312
1110 3500 5058
3368 1110 5572
29 1472 8877
1514 29 9564
801 1514 9838
3946 1866 4776
2845 3946 5081
4991 2517 13656
2511 4991 13771
3522 2511 14579
882 4488 5918
986 3273 10928
4705 2271 11314
2161 3595 7298
4194 2185 2862
3808 3348 9228
3609 2181 10627
1187 3946 4996
3109 4482 2576
1765 2542 12305
4268 1765 13092
914 4268 13445
1270 1534 10940
4264 4239 2650
3905 4264 3309
781 3905 4035
1684 781 4981
4577 4993 7893
135 4577 7894
861 135 7940
3986 861 8568
2113 3986 8569
652 2113 9395
947 3518 8522
1983 607 12889
959 1983 13375
4212 2991 15375
4526 4212 15329
3719 4526 15639
4170 3719 16605
3105 4714 6387
49 3105 6628
1570 838 8307
4075 4440 6738
874 4075 6648
4759 874 7060
1744 422 5324
3646 1744 5340
157 2189 7324
2652 157 8252
4338 241 6637
4142 2226 4075
3177 2956 5035
3310 4473 10545
2424 2467 6495
3328 4076 4885
3044 3328 5246
2546 3044 5312
2116 2546 5737
4750 217 8130
2730 3197 8645
3820 2730 9214
1262 660 11055
2009 4601 2175
30 3482 3288
1844 2868 3325
2715 1844 4210
1104 3595 7601
932 3415 12310
2457 3963 3922
524 2457 4377
4560 1950 11346
4882 4560 11962
373 4882 12760
3341 2788 5244
4302 4914 6676
1408 3786 2266
3654 1408 3058
457 4515 4261
2268 428 4119
635 2268 4491
123 635 4414
249 123 4810
1366 249 5058
200 1366 5616
506 1737 10503
2114 2664 12255
650 2114 12622
939 650 13300
3271 939 14055
3071 3271 14959
3681 2073 5311
1821 1959 8150
1231 1052 8204
1425 533 9750
471 1425 9889
3988 471 10395
806 3988 10579
2197 2764 5610
4548 2197 5519
864 4548 5641
4919 3784 6769
2498 325 6591
2489 4432 7662
315 2489 7976
794 315 8796
782 794 8800
1816 782 9448
4556 1816 10292
317 75 3945
1402 4590 12500
1198 1083 6345
3476 3519 7565
821 710 6996
4168 821 7126
102 1844 4213
4617 102 5182
1260 4617 5303
3799 3558 11019
4885 3799 11921
3180 1691 7728
248 3180 8269
4876 248 8617
3171 3591 8070
4111 3171 8727
4513 3859 2671
2781 4513 2700
4960 2781 3508
4995 1219 13131
774 3328 5320
3172 569 8495
4672 793 2789
332 4672 3605
558 332 4008
3680 1601 8077
1966 2013 4135
1508 985 6723
1682 1508 7349
1199 1233 5520
1972 1199 5774
4722 1972 5850
3239 4722 6095
2963 1841 5451
1783 2963 6193
2503 1783 6178
1484 2503 6847
1755 1858 6548
4399 4529 11248
4106 4399 11834
4820 4106 12440
5 1478 4278
175 622 9802
1345 175 9802
3117 522 17485
481 2107 7164
127 214 8978
3163 2935 4589
1399 1636 9618
798 1399 9531
95 2964 4496
3662 498 6417
233 1551 6914
1878 233 7590
595 1878 7816
4897 1775 9958
3876 4897 10107
1864 3876 10439
1396 3562 3996
1502 1396 4730
816 2528 4173
3739 816 4919
4004 3739 4990
168 1832 1885
212 168 2573
1854 212 2998
2968 3273 11428
4200 2968 11823
4949 4200 11828
1097 3105 6475
3250 3089 10985
1990 3250 10985
2356 1990 11023
1640 2356 11379
3423 1659 13392
1365 3423 13374
4378 1365 13447
3143 1919 3561
968 3143 3815
341 968 4238
2924 4097 6172
4049 2924 6934
2008 3548 5815
1988 2008 6276
4057 2502 3607
2833 4139 3203
1703 3831 3717
2367 4880 6588
3437 2367 6510
2246 3437 6497
1650 2246 7331
41 1650 7394
1150 41 8270
4330 3177 5535
74 1478 4454
1180 74 4480
3554 1180 4830
4253 1821 8783
1842 3089 10419
1702 1842 10967
1291 396 8227
3155 3156 16602
32 2671 5928
2806 2810 4177
2869 2806 4202
2613 2432 8093
2946 2613 8069
2906 2946 9012
2230 29 8926
2400 2230 9672
2621 2400 9742
1157 2621 10666
4764 1157 11457
4147 4764 11492
4869 4147 11770
1633 931 11923
4457 1120 4893
2427 4457 5730
2392 4073 9572
4867 2392 10072
2713 3288 10401
1694 2713 10811
4506 2113 9412
3975 1038 10579
868 2671 6106
2445 868 6785
2603 2785 9494
3717 1157 11179
3701 322 7470
4566 1356 10543
648 4910 1691
188 310 6324
2390 188 6586
4484 4910 2190
1735 4484 3042
4094 1735 3528
3898 3554 4942
1348 3898 5188
1589 2618 14533
1549 1589 15153
2838 4408 2688
4269 2838 3049
2682 4269 3752
2748 2256 11658
918 2748 11865
2167 1504 7200
3883 10 1166
4235 3883 1597
3699 4235 2000
4510 4393 7815
4121 4510 8523
2520 819 4421
1339 2520 4469
1129 3383 10517
4114 1016 6812
3636 2749 3942
3631 3636 4056
2412 3631 4417
4790 2412 5124
551 4790 5539
1451 551 5718
4952 1451 6623
1114 1997 7381
2225 3562 4764
3169 4981 4621
3244 1396 4994
1580 635 4893
438 1580 5625
2321 438 6145
4761 3263 5481
2455 3051 5490
1654 4097 7169
1011 2166 11667
2940 798 9728
3934 2709 14406
2024 780 2928
2534 2024 3505
3133 402 4061
2336 2008 5901
282 4130 14729
27 1403 7010
2918 27 7213
224 2918 7634
1598 224 8028
105 1598 8127
908 4277 5750
2474 1923 7395
4681 2474 7474
284 4681 7925
3407 284 8312
2059 3407 8772
2684 47 3331
4800 2684 4100
3005 4800 4050
2057 3005 4766
3073 2057 5550
3139 3057 12938
4724 3139 12996
429 2959 7169
1019 4617 6041
4704 3293 8893
2762 4704 8800
196 1457 1923
3465 196 2773
1820 3598 6287
2235 2720 8131
2345 1255 3419
4346 2345 3349
4441 4346 3458
2180 1295 6168
468 2180 6661
1290 3004 13895
2500 2240 2768
1924 4778 4310
436 1924 4756
1395 4173 8638
3454 1395 9436
4026 3454 9440
4809 4026 10098
1058 991 3157
120 1058 4045
2686 1748 3671
2512 2120 2478
73 2512 2511
504 73 2642
2478 133 10577
4772 3610 5929
3707 4772 6413
333 3707 7225
4743 333 7278
4812 4809 10979
349 4812 11056
2629 652 10372
1082 296 7939
779 1082 8612
3754 323 9052
2995 2288 4454
1946 3327 4455
935 838 8011
4474 935 8528
403 2899 3257
4687 403 4060
4066 4687 4493
3362 4066 5165
1092 2761 1571
55 1092 1595
4600 55 1888
479 2228 8975
1288 3239 6174
3982 3157 10124
2782 2919 5429
1427 402 3727
911 4233 7999
1809 648 1721
4208 2074 5494
3072 4208 5494
4625 533 9546
1113 100 4831
4397 3171 8912
1238 4397 8996
4443 1238 9735
2732 334 9626
281 2732 10472
2790 2500 2901
3147 2790 3674
141 3147 4519
186 2021 6175
1830 186 6923
4352 4819 5754
3929 4352 5750
2642 4656 12879
410 1432 3882
273 410 4020
3823 80 12703
2662 2233 708
2178 4291 6369
3899 2487 7773
4109 2765 11670
1050 4109 12106
3430 1050 12125
2666 1033 6017
161 2231 6425
3319 2429 7606
2187 3319 8409
2207 2187 8537
2820 315 8490
2434 2820 8687
2638 2434 9672
1044 40 7790
676 3707 7256
1218 1031 10581
4666 1821 9110
644 3680 8646
1914 644 9097
400 1914 10052
534 3790 10293
3568 534 10382
907 3568 10768
1235 907 10997
172 3767 5806
3438 919 15065
4298 3438 15145
4065 1570 8743
666 4065 9487
1405 666 9626
446 1405 10384
4424 426 5925
4020 4424 6408
3453 4020 7127
1509 3453 8007
4831 1509 8950
1280 3843 8926
1152 1280 8950
2099 1152 9849
3981 2099 10175
4922 3981 11017
2029 4824 10673
2506 2029 11622
1665 2506 11555
1500 1665 12112
4289 1500 12349
1669 4289 13097
4048 2719 3578
2609 4048 3591
1656 2609 3701
2173 4135 10015
1776 2173 10222
3193 2571 3170
299 3193 3922
3389 299 4148
2374 3389 4776
4037 2374 5172
4751 1798 8078
1778 2837 3651
2985 4742 10110
1661 3072 6353
3488 1661 6785
300 3488 6969
4543 380 13232
392 2240 2981
3658 392 3509
2865 1581 10324
4760 1019 6691
4696 666 9644
389 2146 3752
439 4338 6755
4621 439 6987
1376 4621 7610
1489 1376 8372
2295 1489 8898
2825 67 6866
591 2825 6785
1708 4054 8777
203 1708 9123
4962 1844 3264
293 3308 9670
962 943 5938
2793 962 6719
4594 4462 5585
4475 4594 5890
2912 2390 7462
1340 2912 8145
1193 1340 8342
2376 2405 4328
143 2376 4431
3657 143 5218
2957 3657 5803
2132 3179 10867
4447 2132 11182
4126 1209 9076
2168 4126 9245
651 1660 6167
3768 651 6631
851 3315 2886
2200 2686 4125
3972 2200 4200
230 3972 4604
20 261 808
1732 1351 8574
2660 1255 4351
3760 2660 5246
3744 3760 5550
2149 3824 6125
1727 2149 6568
612 1727 7086
3254 1810 10312
3577 738 4650
1479 1509 8200
4078 1479 8273
4683 4989 4530
1367 4683 4682
512 2344 9729
1572 512 9816
2297 1572 10704
639 2297 11314
3055 639 11790
56 3055 12665
2729 56 13290
2871 3639 4012
4216 2431 5795
1528 2693 4684
3881 4021 5102
3505 3881 6063
2606 73 2797
2383 1521 2022
886 2383 2876
2733 5 5255
460 991 3720
1147 460 3642
4508 1147 3806
4267 4508 4691
707 2508 3957
573 707 4001
2576 573 4660
2799 3274 7782
1768 2455 5517
1239 625 8630
3364 1239 8876
3606 3364 9286
677 965 8805
4301 677 8712
689 4004 5170
4911 2865 11316
3279 1478 3753
1006 3279 4470
2342 4820 13179
2461 2342 13303
2205 2461 13263
1692 1718 11262
4711 1692 11433
4324 4711 12136
4410 2763 7349
848 4410 7590
4308 848 7604
3116 3267 6272
314 479 9709
3395 314 10135
2822 3395 10242
1441 1802 7159
35 2068 8734
3992 835 9337
2909 3992 9889
3814 2297 11662
234 3814 12229
4977 234 12882
1974 1097 6568
4587 1974 6938
1362 4587 7756
3028 1362 8078
267 3028 8184
662 267 8885
545 4952 6572
1375 545 7207
2003 3976 7835
2464 1325 3491
663 4214 5672
2984 663 6353
1700 2606 3592
4305 1896 6557
1316 4123 3101
1309 1316 3265
3409 1309 4151
713 1802 7582
3863 812 6785
3634 4537 9065
2830 2621 9678
3092 2830 9757
1907 4932 6665
2264 1562 7305
3716 2264 7529
1390 3716 7446
1277 4505 4278
2986 1277 4963
895 1568 12717
1597 895 12798
1957 1597 12958
548 1957 13065
3507 907 11677
2840 3507 11801
3122 1631 7033
3525 1233 5066
948 3753 4649
554 948 5126
3584 1179 14828
2678 3584 15788
2562 2747 5106
2141 2562 5594
2760 2740 3912
1302 2760 3909
980 4991 14653
1871 2474 8363
2138 2500 2766
4156 3921 4497
3017 3852 3531
3835 1473 5032
1203 3835 5910
3979 2483 12370
4844 374 7903
2527 4844 8811
1623 2527 9206
1794 1623 9114
3948 1794 10021
4420 2367 6684
792 4635 4466
2894 792 5450
1886 3171 9026
2585 1886 10018
132 1239 9196
4261 132 9510
1524 2810 3911
1004 1524 4564
3887 2478 10912
2904 3887 10871
3058 2057 4787
2218 3464 6442
3223 2457 4698
1689 3877 8859
229 1689 9270
2672 229 9580
1381 198 2277
855 4355 9510
1172 855 10283
3502 1172 10603
601 4724 13925
1424 601 13983
4012 1424 14952
2915 4012 15414
18 3976 7274
258 4478 2427
4675 258 2726
2406 4113 10170
3764 1806 2355
2255 3764 2894
1577 4127 2882
4380 1577 3592
3439 4380 4156
2056 479 9884
432 2056 10800
4721 3005 4085
4321 4721 4580
3743 4321 5208
1591 3743 5244
1315 4714 6652
4555 1315 6605
194 620 10078
1201 194 10854
1436 1201 10974
3372 2732 10475
2016 3372 11451
2382 855 9670
1101 4269 3427
1567 1101 3485
3405 1567 4142
3535 3405 4779
1538 3535 5619
1138 1538 6408
4686 1138 6846
352 2207 8874
2402 3906 8987
140 2402 9522
2148 2461 13306
3641 2474 8281
1443 1382 11939
958 1443 11956
11 892 4743
697 11 4850
2206 3701 7950
3351 2206 8300
2902 3163 5468
1904 3010 9096
216 1904 9954
3651 2003 7825
4347 660 11923
3769 3116 7144
1096 3769 7492
2966 1484 7715
3231 1104 8470
1406 1665 11535
3299 1406 11953
2967 3010 8641
2628 134 5814
1307 2628 5967
2665 2744 1925
3931 2665 1846
4479 3931 2073
1563 4479 1977
42 1563 2418
1449 42 2666
1655 1449 3525
1738 1655 3958
359 1834 3528
1779 359 3783
3049 1779 4120
485 3049 4936
2578 485 4980
26 2578 5472
4303 2056 10628
4655 3109 2866
2607 4655 3317
413 2607 3913
3358 3777 7983
3937 3358 8575
3227 3937 9415
2140 2506 12052
430 2486 3673
2685 2967 8649
1558 2685 9299
4077 956 9327
2128 1235 11303
1662 2128 12137
3289 1662 12837
1448 4494 14556
2549 3291 9092
1506 1020 3825
478 1506 4214
3199 4924 10785
2661 3199 11135
653 2661 11079
1421 117 4957
693 1421 5911
954 892 4644
3923 870 3406
3851 3923 3636
3886 3851 4256
974 3886 4207
3400 974 4601
4782 1486 13783
1627 1654 7869
305 3026 3539
1603 305 4258
1879 644 9512
4852 603 1448
2879 4852 1802
4661 2879 2216
4296 4661 3041
3361 4296 3637
1932 3832 5940
3210 710 6531
3938 3548 5550
1964 420 2550
1429 2649 8634
1022 1429 9210
4319 1022 9317
2955 4319 9254
1419 3230 8047
4944 4385 3847
89 2488 8232
890 2879 2082
4629 1743 5227
1706 4629 5443
1822 1706 6290
509 3773 5545
2870 3460 2911
1353 3874 2527
488 1353 3075
891 4989 4576
1971 1408 2507
4905 3460 3648
92 1302 4287
1956 1990 11805
2144 1956 11775
2630 2974 7242
3551 2264 7683
2480 3551 8587
1462 2480 8650
1772 1462 9256
4279 425 6189
903 1970 10581
1829 860 8751
204 1829 8852
4069 204 9032
1030 3193 3091
228 4021 5019
4083 3530 10300
4503 4083 10991
4415 4503 11081
4242 1142 13651
2892 4242 14214
1242 2892 14878
4836 3505 6005
2186 4664 3770
4185 3 6956
2933 2579 9060
354 514 3376
3849 3117 18126
802 1144 5005
4010 802 5704
1411 4010 5951
3401 1411 6441
1609 3401 6934
1258 2751 14157
1963 3141 4406
4118 1270 10928
2623 2503 6811
2632 3304 13247
1586 2632 13387
3035 2647 2797
1532 3035 3082
2874 1976 5213
4719 2874 5938
1868 512 10044
2982 1868 10224
319 601 14160
805 319 14450
4927 805 14881
3615 4885 12165
4345 3615 13046
2496 4345 13114
3489 2607 3317
2227 3489 3721
3380 2227 3842
4178 4485 2364
1081 224 7543
2701 2830 9690
424 1789 8495
3115 2877 4945
2569 3115 5272
3669 2569 5995
4182 3669 6781
348 4182 6699
3003 348 6608
4669 3003 7347
4490 3207 3627
1933 2613 8147
4187 2344 8909
2597 1238 9827
763 2597 10734
960 4004 5940
638 2274 3482
2999 638 3710
17 2999 4019
311 2772 6439
4288 311 7150
1370 4288 7387
1845 2282 7979
721 1845 8508
2898 1338 12662
490 2898 12984
4659 490 13207
3922 2276 5330
4297 3922 5559
4496 34 11529
3647 4703 11068
3081 3647 11473
658 3081 11759
3162 658 11972
151 4543 13232
1400 63 8011
2119 1400 8835
2611 1305 8832
3301 1609 7712
2151 3400 4728
1671 3906 9401
4438 3876 10925
787 4438 11015
4309 787 12006
165 485 5751
1733 165 5945
4582 1733 6926
636 2841 10687
3490 636 11211
466 3490 11395
963 466 12222
138 963 13018
3248 138 13784
3939 1939 8944
3126 3939 9260
3065 4881 2630
1900 1819 4558
1326 1506 4648
4090 230 5264
2934 4324 12388
2807 2934 12551
4684 186 6940
4596 296 7659
583 546 8260
1667 583 8300
4969 491 8344
4031 2729 14151
3652 2250 12325
1303 4452 7739
2476 1303 8487
920 2476 8741
4810 920 9274
2158 4810 10173
1272 2158 10464
4665 1272 10522
4788 4665 10847
3733 4788 11452
3130 3733 11932
2525 893 8903
3007 4220 2477
1905 3007 2618
4978 468 7099
4002 1784 7153
2296 4002 7429
53 2296 7375
3252 53 8286
2926 3252 9029
1294 718 7272
2493 1294 8026
3275 4911 11941
2654 2524 2839
4071 2654 3722
1066 4071 3784
1287 168 2593
2000 1406 12065
3473 492 9706
2827 3473 10652
565 2827 11082
2538 565 11489
3765 2538 12185
1769 3765 12336
2971 607 12893
2696 2971 13761
3186 1046 8662
1574 3186 9653
2421 2751 13700
4087 2421 14457
820 4087 15042
981 857 12287
900 981 13184
672 900 13165
1555 2923 4897
3664 3832 6138
3030 3664 6147
3726 3030 6220
1663 2817 10897
752 1326 5325
560 752 5396
517 2308 2823
618 517 3431
4171 931 12231
4873 4171 13046
4392 2706 4161
3376 3291 8426
4554 2827 10693
4158 4042 5215
2332 1779 4204
3916 2381 5437
3804 470 4015
3682 3804 4073
1017 3682 4307
3692 824 4060
4428 1730 13180
465 4428 13166
411 918 12296
1301 3130 11956
4022 1301 11934
2893 2288 5046
2499 2893 5935
4979 1297 4830
4439 4979 4991
544 4439 5888
1751 544 6199
499 1751 6378
4890 4018 8178
4746 4651 5509
540 1900 4872
415 540 5075
724 3407 8662
3192 1895 7954
1318 3192 8100
3377 2611 9009
51 3377 9641
4957 798 10427
1542 4957 10724
1855 1542 11336
4984 1855 11503
2651 3511 5623
4032 2651 6059
2104 4032 6608
1435 2104 6933
2174 1435 7565
477 2174 7974
3459 4879 5703
568 2945 2189
271 3568 10820
2853 149 3313
4938 2853 3762
2560 1655 4030
1467 2560 4283
1499 1467 4403
4103 1399 10615
3694 4103 10955
4124 3694 11884
4828 4124 12842
3253 4828 13582
1937 3253 14013
401 2611 9303
1116 401 10121
195 1116 10359
4272 195 10721
1423 3777 8257
474 2894 6112
61 474 6386
4980 4258 9851
2501 4153 10398
830 2501 10699
3627 830 11170
3041 4261 9598
3670 33 8908
3585 2800 3832
4985 1305 8591
2242 4985 8679
1002 2242 9225
2580 1002 9600
3178 2359 10485
2326 3178 11292
3367 2326 11539
4134 3367 11608
854 4077 9449
2565 854 9470
2507 310 6181
1355 2421 14065
4206 3378 2682
1263 812 5970
3605 1263 6484
3891 3433 8260
2108 3891 9197
4616 4514 5173
3268 2286 4810
2287 3488 6961
845 2287 7121
4414 1839 10130
2650 4414 10930
1792 2650 11264
4931 1792 12118
103 860 8504
4053 103 9239
283 3356 5545
2440 71 7912
119 2440 8108
1902 119 8529
390 1902 8610
404 390 8554
1444 4629 5775
2723 4951 4726
4676 4069 8982
898 3644 3283
4643 2790 2937
1200 3994 9096
2804 2690 6241
4299 4962 3194
852 1845 8784
2766 852 9046
2683 2766 9501
945 2683 10313
571 3109 2649
2962 726 11892
967 2962 12247
3330 1357 4216
983 3330 4314
197 983 4582
1666 197 4713
934 1775 9689
1883 934 10508
3918 217 7471
909 1798 8691
3441 909 9006
896 1972 6445
1141 896 6424
2309 1141 6814
4522 2309 7687
2377 4522 8287
1253 2377 8947
3048 1253 9249
1736 3048 9760
3106 4962 3914
2466 2974 7102
4364 2466 8066
3708 94 6850
1530 3708 7246
4787 1530 7235
3412 4787 8154
3539 697 5019
321 1348 6062
3614 321 6587
3249 3614 6958
2052 3249 6922
773 2052 7449
3860 773 8357
3394 1381 2286
111 3394 2618
3350 954 4959
344 3350 5947
2889 344 5899
4779 854 10443
147 4779 10397
2154 147 11248
3125 2154 11818
4245 3125 11856
3649 4245 12724
2260 1298 4516
1893 1549 15764
3897 1914 9771
4284 1270 10972
2674 3972 4451
1680 2674 4460
2908 1680 4488
4913 2908 5050
2007 1922 8278
1073 724 8932
2680 3380 3795
594 2680 4080
808 594 4749
1377 3958 8194
507 1377 8912
1826 507 9010
4070 3698 1457
3298 1779 4060
982 3340 4506
2854 4291 5855
3653 4221 13023
1965 3115 5499
2102 1743 5725
1133 755 3712
2076 1133 4189
949 2076 4754
2835 949 4793
1801 2835 5305
2622 1801 5993
3810 2895 3630
220 3810 4284
3219 220 4817
3569 3219 4833
3642 2406 10266
3234 3642 10621
4413 3234 11217
1982 3420 5987
1229 323 9822
4366 4767 8471
746 4366 8884
2599 746 9831
946 1622 5689
2692 946 6503
4044 676 7994
2208 441 11921
1501 1612 2740
572 3260 854
519 547 8926
1314 2986 5878
3720 1757 6670
3959 2518 1687
1254 3959 1902
417 985 6800
708 417 6902
1185 708 6821
3390 4742 10121
82 3390 11094
4620 3368 5634
1847 3559 4432
2659 1847 4782
3345 565 11873
553 3345 11775
4752 553 12075
2143 1743 5872
3043 4319 9857
2038 4330 5460
1027 918 12848
2289 1027 13545
1164 2289 13457
4638 1164 13737
1383 1751 6499
3056 1383 6995
1913 3056 7137
4524 51 9586
4536 4524 10440
1284 4324 13125
190 4509 6621
2203 2697 9991
3136 943 5680
3503 3746 3147
44 864 6376
1511 4457 4935
1526 2224 8041
1786 3764 3245
3040 2274 3318
3534 3040 3462
4875 203 9267
4162 4875 9269
2182 601 14019
3483 2182 14363
4163 3483 15208
3321 1683 9755
1516 3321 9751
3402 1516 9745
4489 3402 10304
4607 4489 10647
2444 4607 11036
1060 4820 12989
434 4106 12638
4870 434 12696
3313 4870 13256
2408 3313 13333
1897 2408 14155
3844 3261 5819
136 4560 12221
1687 896 6782
3640 1687 7021
4367 3640 7824
449 4367 8382
2726 4757 3122
1323 2726 4112
4559 1500 12554
3038 117 5506
431 3038 5500
1248 431 5822
3064 1248 5940
2979 2982 10991
531 2979 11669
4351 531 12201
291 4351 12646
1196 291 12770
1371 3139 13794
4983 1371 13970
3233 4983 14829
837 1886 9720
2257 837 9720
4093 1799 12814
3971 4093 13599
1771 1667 8623
3678 3163 4715
2705 3678 5049
2314 245 5319
2337 2314 5786
2598 2608 3130
2438 2598 3898
503 2438 4130
242 503 4499
3187 3976 7706
1379 3343 5886
1035 1379 6726
1244 4721 4577
4575 1416 3778
4796 4661 2802
3385 1484 6893
2981 3385 7848
4189 2928 4090
3854 3278 4863
4563 601 14470
2002 4799 4233
4344 3823 12790
590 4344 13377
758 590 14233
4884 349 11431
223 4277 6264
290 223 7083
3656 3383 10652
1945 3656 10753
2080 1945 11530
748 1180 5079
4454 748 5617
4544 4323 5602
1774 2706 4437
2743 2906 9272
3257 488 2985
276 854 10096
1921 3488 7537
2990 3333 3440
4899 1101 3576
1434 2132 10797
343 24 4366
335 343 5049
1461 4721 4697
4184 1461 4986
1525 4184 5404
1124 1715 4921
2989 1124 5148
3451 2989 5877
1045 3938 5765
1481 2631 10197
4532 120 4422
2014 4532 5411
4573 2458 2087
3616 911 8744
3903 2161 7285
4673 3808 9609
2039 4673 10061
156 627 4091
4404 156 4336
2948 4404 4703
2072 2948 5680
2055 2340 7034
2101 4053 9389
4193 2014 5817
1243 4193 5956
832 1243 6547
459 1489 8594
2699 459 9413
711 2699 9952
2229 711 10820
4095 2229 11115
202 4095 11444
252 1952 14260
266 3460 3743
1049 4507 13464
964 4968 6761
3493 2606 3148
2515 522 17155
2449 3103 9984
3779 2815 4360
3131 3779 4482
2085 3675 4400
1156 1883 10908
643 3250 11917
717 1512 2869
3306 2464 3716
2626 3306 3817
1985 2192 10121
3149 1985 10237
4249 3149 11145
2006 4249 11178
3442 29 9805
256 3442 10017
235 256 10942
4624 235 10932
1677 4624 11462
3152 1677 11696
381 190 7596
4209 4216 6070
1766 4209 6833
1942 1369 11093
4150 1186 4616
759 4150 4619
351 1383 6674
1074 351 7133
496 1074 7407
2369 496 8008
4827 3874 2250
1759 3314 2466
2411 503 4092
4423 2336 6615
790 4423 7034
318 1985 10627
2325 1101 3367
1998 1939 8681
1848 2613 8542
448 1848 8449
600 2264 8033
722 1166 6935
2521 2412 5045
641 2521 5971
4159 641 6303
4263 4943 6618
4391 4263 6700
1992 4391 7231
4252 1992 7408
2396 4252 8104
2051 3074 5097
3277 671 2173
4926 3976 8293
4871 4926 8931
391 4871 9285
3053 391 9229
2420 4075 7569
795 3126 9410
3292 795 10323
4862 3292 10280
4179 4862 10311
3104 4462 6109
649 3104 6252
4354 1757 6120
98 1526 8273
4047 3700 12475
2373 482 9095
1657 2373 9623
3542 717 2894
664 2809 9194
4102 1941 4647
97 4102 5532
1797 4709 6476
4449 1045 6230
4326 4449 6471
3710 4326 6545
3479 4800 4807
2593 3479 5444
4930 2242 9088
1398 1375 7612
2910 1398 7889
4149 1316 3157
2482 4149 4030
2292 1402 13492
4141 2292 14291
2272 729 5305
4046 2272 5301
4868 2684 3540
1446 2735 8734
786 651 6846
4241 786 7658
1223 4241 8211
145 1223 9108
526 145 9157
1368 949 5128
3734 1368 5406
3458 3734 6350
2456 3458 7190
451 1020 3398
906 451 3689
740 3483 15018
2896 352 9076
1123 2896 9679
3259 667 2817
4732 1700 4249
944 102 4517
4477 944 5301
3826 4565 5954
619 2994 3986
4723 619 3888
4426 3614 7460
4201 4426 8142
971 1404 1278
2559 2129 3145
2725 2559 4139
1926 2725 4688
1529 2456 7117
2876 1375 8093
3679 1676 7191
4771 3679 7787
4631 4771 7955
1266 4631 8665
215 1266 8680
2469 215 9008
2477 4220 2179
1642 2740 3866
3334 1642 4662
1758 3334 5269
645 1758 6037
3286 3427 4251
4417 2207 8659
66 4417 9148
4521 644 9486
2320 4521 9401
4918 1305 9246
589 4918 9207
2855 3249 7164
4653 2855 7512
1869 4463 16448
2997 1869 17134
1247 3852 3748
3154 808 5657
3978 3154 6573
3135 3978 6584
371 3806 2230
1599 371 3182
1927 2485 14404
2563 1927 14966
1286 4182 6947
1224 3454 9952
164 1224 10376
996 164 11068
2045 1340 8761
1519 2045 9123
1697 1519 9438
3247 1697 10405
3811 3247 10356
64 3811 10361
4491 64 10425
4365 4741 3091
368 3329 5172
1445 1977 9879
2177 4705 11806
2863 2177 11965
159 837 9832
1979 972 4990
277 1979 5091
152 1671 9320
50 4569 6606
2627 50 6860
3022 2627 6824
4795 3022 7052
2436 4795 7792
969 215 9561
2676 969 10061
3809 4305 6911
1009 3809 7061
3024 1594 6224
3326 3024 6816
362 755 3919
2789 362 4682
1870 1203 6128
3410 4607 11126
2217 3410 11505
4480 819 5032
2334 2641 10452
3943 2334 10761
1036 4870 13221
4552 1036 13652
675 4552 13885
4539 821 7493
2927 141 4933
4783 2927 5104
2848 4783 5042
2624 4736 6162
3736 2624 7042
331 3736 7382
3977 331 8365
938 4127 2814
3091 1109 3820
3821 324 7646
1409 231 5722
1752 1409 6373
1008 1752 6595
654 1008 7050
2130 654 7845
3270 2130 7976
924 3004 14041
3421 924 14041
4329 3086 4524
2090 4329 5237
2042 1576 6020
772 1792 11692
4003 4113 10088
3928 1896 6577
1678 3928 6773
1811 2657 4386
1600 3640 7294
450 1600 7574
306 4159 6574
2005 4314 6745
994 2005 6972
3276 1336 9022
2954 3276 9272
3908 2954 10261
3771 4646 8884
4318 3771 9875
2824 4318 9803
1593 2824 10262
2241 1593 10763
3198 2241 11086
784 3198 11466
1483 3852 4451
1962 1483 5212
2992 1962 5615
2864 2992 6384
4498 2864 6497
2983 4637 8951
1763 2983 8948
4015 1763 8931
2037 1883 10881
3911 2037 11867
1380 788 3584
1025 3796 3282
5000 3604 4335
1184 1199 6252
4739 1184 6882
1343 4739 7764
1860 1343 8521
4165 740 15219
4545 2995 4939
3787 3416 2761
621 3787 3278
1296 621 3426
93 4868 3811
4923 93 4065
2536 1421 5929
1608 3378 3179
2574 3704 2949
21 2037 11700
4007 649 6435
4925 522 17407
4339 4925 17523
3471 4965 7517
192 3471 7868
4260 192 8464
1245 4260 8788
3570 1245 9660
3855 3570 10386
2150 3855 10743
702 346 3318
113 702 3811
4966 113 3913
2852 1769 13027
4942 2852 13811
1041 2288 4629
4472 952 2615
1951 4000 9475
1384 1951 9841
817 4941 4815
2202 817 5787
69 2202 6682
3093 559 6851
823 1970 10441
715 823 11161
4588 715 12048
4400 4588 12180
170 4400 12146
4110 170 12989
1014 4110 12931
1894 1014 13275
1518 2981 8240
3868 4289 12628
1328 1379 6834
458 1328 6987
3995 2969 3494
1578 3995 4299
1947 1578 4299
1252 1947 5109
4549 890 2181
3463 4549 3025
2459 3463 3422
4360 2459 4150
2784 3938 5953
1635 2784 6797
990 1635 7556
1456 990 8366
2122 1657 10229
3778 2122 11154
4677 3778 11666
1334 4677 12321
3316 1334 13047
288 3316 13044
508 1330 4705
1471 508 5102
39 4391 7597
1319 1518 9192
803 1319 9270
797 1670 9469
4483 797 10334
3850 3967 3354
834 3850 3311
1107 834 4175
2248 4595 6402
3956 4555 7002
3264 2844 4746
2426 3264 5742
1928 1832 1876
2222 3994 8801
2653 4185 7416
4005 4543 13924
2548 4005 14229
2679 2756 7274
3785 2569 5715
4763 3785 6289
770 652 10255
1161 770 11186
328 1161 11090
1140 3917 5963
2616 1140 6599
2060 4182 7497
1236 2060 7808
4350 2090 6070
240 4047 13109
3189 240 13603
3674 141 5021
1882 2835 5403
239 4601 2110
836 2455 5628
1071 3589 4671
2091 268 12866
3063 1073 9779
4583 3063 10472
2098 4583 11295
1859 481 7937
1191 3188 1525
454 774 6021
1213 4764 11632
1884 2822 10595
4202 1884 11554
4466 779 9338
3246 4977 13220
3714 3246 13181
1862 132 9551
915 3410 11288
2881 915 11606
2930 2881 12035
1867 2930 12169
1155 1867 12262
993 2334 11007
3379 2033 4729
1935 3379 5401
3242 1816 9641
3202 3242 10368
1953 3642 10534
1762 1953 10583
1550 2202 5847
3738 1550 6088
2921 3738 6885
1908 2921 7875
2446 4291 6166
4143 718 6635
3083 1333 6799
3556 3051 5588
2312 3556 6295
2398 1188 8543
1543 2398 9442
511 1543 10422
2646 3089 10036
3418 2519 7853
3222 3418 8050
2447 728 6671
977 2447 6691
4091 770 10455
1023 4091 10394
4822 3586 8318
1160 782 9074
3633 1160 9727
714 509 6138
596 1896 6580
2768 211 5189
613 2768 5501
1846 613 5863
1373 1846 6860
3062 1373 6831
1078 3062 7066
3425 1172 10823
688 3425 11411
2415 688 11595
988 2415 11677
2798 988 11977
4257 2798 12590
3747 571 3542
2582 3747 4275
3526 2582 5270
2814 939 14260
4418 2814 14822
4903 381 7598
2819 4018 8898
905 2819 9180
4846 905 9427
3208 46 3390
3954 3208 3735
2428 3954 4075
4398 1264 3519
3243 2778 4465
929 3243 5049
2175 929 5703
3873 3400 5477
206 2237 7175
385 3838 11688
4895 385 11592
3624 137 6100
3686 3624 6580
397 3253 13905
3325 770 10532
1455 3325 11133
3893 1455 11755
4572 2523 6272
1559 4572 7057
3484 914 13745
383 3484 14061
937 1248 6436
942 1191 1465
953 3278 4872
4062 2687 6320
3848 4062 6363
4939 3999 3540
3107 4939 3881
2552 1875 3845
1228 2552 4457
3722 1261 4781
4540 3722 4985
442 2199 6742
1106 442 6705
2875 4036 4378
3510 3851 3960
3132 3249 7341
3770 2722 4405
1808 2623 7433
3236 1928 1782
4192 4664 3478
1788 4192 4008
955 1788 4718
1865 955 5286
4119 1865 5324
4492 3460 3678
4727 1446 9069
4059 4127 3668
1498 4408 3728
4061 4920 5312
110 4752 12059
4998 2877 4920
3861 1144 4573
2796 1716 4415
1949 2796 4875
3046 1367 4976
2302 2023 12137
3229 2340 7947
1606 3229 8104
1256 1606 8134
1283 2065 7330
3910 1283 7815
4615 3910 7805
4476 1413 6830
4274 4476 6754
4613 4569 6488
623 3909 4217
3213 623 4792
412 4259 12693
4230 1409 6553
3036 4230 6991
1813 3136 6566
1018 4628 2648
2413 2488 7959
3499 2413 8323
930 747 2924
999 930 3376
388 999 4115
3134 2320 10067
3961 3134 11054
1099 3961 11279
1021 1099 11810
2727 4005 14443
984 2727 14735
2379 984 15218
631 2379 15819
3399 3280 9241
4448 296 7694
3953 4448 8073
1497 1002 9976
2717 1992 8146
866 3340 4113
365 1004 4774
3029 365 4759
2028 3029 5583
2284 2028 5856
3446 1771 8874
831 3446 9650
4550 831 10177
1422 4550 10339
4525 1422 10821
3749 4525 11436
4129 322 7945
850 4798 8113
3555 850 8549
2050 3555 9114
1973 976 8820
3381 1973 9540
1230 2934 12689
1507 533 8992
4837 3841 7857
785 4837 8174
2145 1758 5663
3347 1688 4037
2769 3347 4127
3113 2769 4477
3696 3113 5318
3031 3696 5813
2787 3031 6443
189 2787 7176
3987 189 7542
199 3987 7833
4975 2168 9327
2365 4975 10015
187 879 9693
2170 1799 13431
1823 3524 8091
2319 1823 8890
1148 2319 9775
3661 1148 10026
4542 3661 10920
444 4542 11851
829 1806 2241
647 829 3163
2605 647 3918
2816 95 5486
1672 2816 5698
185 1672 5606
4813 4173 8752
630 4813 9158
2533 2142 4094
112 2533 4316
3434 2870 3516
2048 4268 13392
2010 2048 14034
1583 2010 14889
1214 2602 9081
4585 1214 9053
3076 4544 6038
301 1663 11879
2808 547 8846
2862 2808 8979
4128 2862 9412
4843 390 9345
4765 4843 10205
3344 2121 8254
4108 3344 8188
1037 4354 6706
897 3591 8308
2291 897 8573
2526 2291 8971
342 2526 9154
483 2349 5798
723 483 5732
287 2748 11729
3572 287 11818
4861 3572 12361
2977 4861 12262
716 643 12013
3170 716 12965
4553 1567 4448
308 4553 4375
1742 308 4841
2234 1586 13329
1347 2234 13421
2270 1347 14083
518 2270 14027
1545 3259 3636
3757 2579 9997
2361 4852 2438
2688 2709 14077
3560 2319 9328
842 1212 9320
2313 3169 5355
605 4687 3961
1048 605 4079
4915 4684 7186
1417 3978 6540
2211 931 12369
2364 3798 4078
4956 487 6604
2358 2208 12458
4456 2358 13237
4161 4456 14180
4834 1702 11378
4465 4834 11493
2950 4465 12301
4830 261 1238
4442 2112 10242
608 2292 13577
2232 2264 7476
3166 2232 7969
2939 3166 7884
2996 3007 2474
4493 2996 2915
4334 4493 3080
1226 4334 3818
2742 175 10051
2601 2742 9959
4219 1752 6629
1721 4219 6639
4446 1721 6698
1327 4446 6634
4598 1327 6704
128 4598 6644
104 128 7335
2792 104 7288
1664 1094 5023
3590 4032 5971
4058 169 5336
597 2956 5013
3050 597 5601
3689 4386 4446
4390 3689 5047
3440 4420 7306
1393 738 5128
2273 776 9396
174 4484 2805
1013 174 2988
4889 1429 9285
2551 4889 10209
4933 2551 11050
1695 490 13224
4682 59 8347
1901 4682 8618
4234 1901 8958
4806 2132 11329
4464 4806 11232
811 1219 13001
4357 2702 1269
3588 4357 1404
2034 417 6918
1363 2034 7684
1793 3063 10260
4246 1793 10587
698 4246 10546
4138 698 10456
3514 3092 10691
541 3514 10702
876 541 10673
2514 876 11438
4847 1295 5866
3677 4847 6053
3196 3677 6735
2103 3196 6832
4738 2103 7265
2644 4779 11022
4281 2644 11352
4564 4281 11394
3013 4564 11931
2254 1327 7541
1428 1038 10335
4516 1428 10850
4060 4516 11165
155 4060 11421
1167 155 12108
2394 884 5684
4789 2394 5743
4692 2257 10610
3312 2230 8948
2125 4060 11843
4186 2125 12389
4801 4186 13250
2675 4801 13719
414 2675 14227
1930 2218 6926
4403 1930 7470
4311 4403 7572
757 2089 5066
1585 757 5491
807 1632 8631
1389 3542 3243
978 2682 3837
4886 978 3917
3160 4886 3853
1571 3160 4313
4728 1554 3479
1548 4728 4218
2604 119 8465
393 2604 9012
3932 393 9266
2417 607 12732
4817 2845 5581
3635 3037 4052
2750 41 7448
307 4789 6375
38 307 6759
3940 38 7485
940 3940 7690
4470 4442 10583
3727 4470 11344
1122 3634 9993
4538 1389 3824
3016 1730 13610
1088 2542 12361
2425 2788 5062
118 3759 6228
670 118 6612
4982 2602 9299
1080 4577 8729
2040 1629 8931
3352 2799 8005
2531 1268 2826
236 1389 4162
4713 332 4312
52 2097 8300
1874 52 8607
1310 1874 9502
549 1310 10367
91 4065 8646
14 1914 9163
4916 14 9830
372 4103 10758
4845 2122 11204
4244 4845 11145
3173 1571 5212
4375 3173 5348
888 3183 10512
2754 3658 4295
4074 2754 4599
4708 4074 5338
3630 3913 7099
1300 3630 8049
2070 1300 8658
4419 2070 8631
4535 2971 12882
3789 2308 2921
2017 3789 3202
733 2519 7998
2172 733 8628
3176 2172 9492
4619 3176 9794
1520 4054 8977
4749 1520 9772
1311 334 10118
4967 2125 12695
4654 4484 2436
4641 4654 2573
2092 725 6725
1535 2092 6765
1026 1535 7064
4460 1026 7879
1211 4460 8841
2581 1211 9091
2375 782 9154
3281 2375 9953
2251 113 4427
2262 436 4786
4733 2262 5448
4606 4733 6395
527 4606 7014
90 4553 4840
2669 90 5834
3069 4292 5155
162 3069 5785
3521 1792 11850
244 3521 12739
2018 3547 8187
2805 3810 3633
4243 2805 4066
416 4243 4891
493 416 5063
1115 493 5394
3919 2327 6343
4381 789 3408
2220 4381 3881
3930 4635 5367
4648 4962 3766
1068 4648 4053
2826 1068 4518
3871 44 6761
617 3942 4383
2668 617 4966
4105 2668 5133
1397 4105 5774
3966 1397 6295
869 1254 1940
2951 869 1993
1070 2951 2725
1515 4082 7892
4322 4549 2614
3623 1858 6490
2643 3623 7437
1668 4271 5610
3763 404 9383
1690 3763 10185
4803 1690 10599
4343 1806 2011
3902 343 4588
3020 2627 7180
4285 886 3595
2243 4285 4053
4486 2691 3175
4976 1248 6304
4175 4976 6725
585 629 8143
1464 1669 13831
1651 3353 6636
3487 4462 5453
54 3487 5694
3621 1098 2725
1208 1860 9224
4823 1208 9762
2054 4823 9689
659 2054 10583
3121 4292 4520
4180 2040 9695
495 457 4639
1705 495 4719
4079 3630 7579
1216 1071 4822
2998 1216 4929
849 2354 8670
2190 849 8751
4035 2190 9066
435 4035 9497
1206 435 10205
4361 1206 10431
2847 3296 8359
2305 2847 8775
2698 679 12237
3382 1655 4458
4238 3113 5287
1817 351 7173
2590 1817 7748
2568 3312 9523
4372 1025 3677
2771 4372 4536
2164 2771 5011
2677 2164 5561
2703 4474 9223
3495 174 2910
1899 3495 3515
1673 2507 6555
2776 795 9873
574 3227 9752
1095 1532 3199
3070 4743 7373
2084 3070 7294
2088 3138 5169
2708 1705 5519
4197 2708 6203
4425 4197 7151
4183 4425 7982
2134 4183 7914
2410 545 6656
227 2255 3848
1546 227 4733
3667 3281 10437
3388 3667 11278
814 3388 12071
3833 151 13966
1465 3833 13949
2179 1465 14034
2931 1365 14081
2468 2084 7654
3079 2241 10752
4287 3079 10799
3096 3913 7076
472 4426 8425
1547 472 9273
1354 2982 10550
3711 1354 10775
3019 3937 9261
378 3019 9178
904 378 9132
4840 3260 797
60 4840 1362
1192 4398 3840
4986 1192 4009
298 2547 3417
3792 298 4075
4551 4670 7958
3496 2664 11351
250 3496 11509
4642 250 11985
58 514 3263
4690 58 3234
4531 4391 7409
687 2836 5135
484 1008 7239
1916 484 8059
2752 1916 8046
1940 2752 8418
4734 1940 8618
1000 4734 9212
4278 2211 13256
4921 4477 5294
1207 4921 5995
1685 1207 6496
4331 3662 7257
3687 1823 8839
4718 3687 9311
632 4718 9984
1634 678 12497
360 1634 12884
865 360 13114
101 3773 4797
4774 101 4852
1175 4774 5555
576 2186 3997
2032 1152 9841
361 2032 10757
902 4479 2996
1929 2305 9281
31 1929 9223
642 3642 11149
4622 642 11431
129 4622 12305
4353 129 12407
3782 4004 5582
3396 3782 6090
992 3396 6485
640 992 6676
1176 4036 4168
37 2644 11750
3067 37 12149
369 3067 12922
3659 369 12888
183 3659 13272
706 280 7130
2266 706 8128
4 2266 9078
3297 904 9174
2831 3297 9501
2252 2831 9996
2938 2252 10294
1522 2938 11269
4348 1522 12023
2504 4348 12417
1308 861 7975
1527 1308 8152
1533 4564 11464
4929 1533 11604
4055 1375 7505
1944 4055 7859
2414 1944 8043
272 2414 8744
1828 272 9346
4115 143 4992
443 4115 5259
4205 443 6183
1704 4205 6523
4528 2983 9451
3862 4528 10030
1968 1738 4188
4198 1968 4905
844 2356 11848
2883 3338 6528
1047 2883 7033
3059 1047 7004
2884 3059 7773
3602 892 4743
3206 1465 14075
3436 3841 7516
367 3436 7982
1173 897 8747
3540 1173 8670
4317 2387 9596
1741 4317 10382
4547 2379 15698
279 3851 3910
2566 4817 6059
4639 2566 6532
4067 4639 7120
4043 4355 9919
4495 4043 10209
2322 3287 3725
1241 2322 4230
2721 1241 5215
1426 4303 11135
1414 1612 2771
4081 1414 2736
3925 4081 3159
1604 3925 3314
3643 1126 7337
62 6 11527
2236 62 12327
3486 2236 13112
2857 3486 13636
4487 2857 13541
4940 4487 13596
765 4940 13510
4517 3069 5574
1724 4517 6196
3648 1724 6270
2339 3109 2700
3920 3796 3854
4808 3920 4450
1361 3539 5345
4961 998 9705
2885 4338 7267
3673 3785 6613
2783 3673 6734
604 4067 7828
4701 553 12099
2922 1691 7731
813 1610 4793
2159 4958 5047
4605 2159 5075
3449 4605 5056
1079 2078 7860
502 1079 8838
3094 502 8855
1267 3448 5711
634 1267 5976
3761 634 6941
1760 3761 7667
1401 2678 15703
3034 1890 8770
2882 3034 9467
1135 2882 10440
966 3687 8853
3546 966 9561
529 3440 7734
580 529 8128
2280 580 8248
611 2280 8814
719 6 11417
2036 719 11834
1909 3402 10561
3215 1522 11559
2866 3215 11909
1162 1347 13571
3373 1909 10554
399 3555 8695
1197 4188 8753
1387 2496 13340
2362 1387 14037
2183 2980 5527
557 1284 13875
1128 557 14791
616 1128 14791
2063 616 14782
1364 2063 14837
4307 1784 7869
213 4307 8358
2539 213 9033
2100 1043 6464
3209 1035 7660
3650 3209 7568
440 963 12777
4148 3918 7637
405 4148 7794
3758 405 7886
4872 2281 13695
4387 4872 14398
674 4387 14307
238 3479 4895
1077 238 5428
4085 4846 10106
4826 4085 10063
523 4826 10726
3424 1946 5352
1876 1154 3329
363 2984 6866
4211 363 6799
3538 4211 7555
3713 904 9641
3957 4568 7249
877 3957 7259
3224 1086 9384
515 3224 10211
743 515 10140
1442 743 10711
177 4005 14712
2126 2950 12276
3740 2126 13211
1773 3740 13188
467 2435 9371
4383 467 10169
1028 4383 10680
96 1028 11438
312 96 11390
1564 312 12112
2573 1564 12873
4154 2573 13412
2422 4154 13886
2294 2422 14835
7 2294 14944
1204 7 15560
4229 1204 15516
146 352 8901
1626 146 9076
327 1626 9973
3283 2927 5878
2196 4081 3209
1746 2196 3143
2082 4532 5208
4251 1424 14263
3272 652 9704
3012 1896 6928
3408 978 4191
3332 2130 8115
4645 2308 3234
3945 3484 14066
4315 3945 14173
2858 4315 14683
2041 3681 5645
3140 4208 5692
3201 4932 7222
453 4669 7435
1055 453 8143
4519 1055 8494
1407 3599 11922
4225 1407 12812
4784 4608 5196
2811 4784 5414
1087 4462 6294
4877 4438 11288
3282 1268 2933
1412 3467 10374
3477 1239 8870
437 2655 10874
3709 437 11496
4051 3709 12479
2681 1756 7451
2310 343 5227
3370 2204 8118
3751 3370 8087
3983 3751 8285
3255 1382 11632
1117 4376 8414
1084 2743 10017
1304 4615 8546
1410 1304 9182
3941 4523 5515
768 3941 6111
2221 768 6264
4591 1673 6728
4034 4591 7480
4499 4889 9610
2851 4499 9587
179 2851 9782
3470 1778 4154
3866 600 8208
462 3866 8979
2561 462 9255
4232 2561 10207
1710 2561 9618
3119 1710 9588
2053 4707 5692
87 2053 6010
1015 87 6211
1699 3029 5400
754 1699 5567
1537 3702 3762
4735 1537 4366
4715 4735 4349
207 70 3111
2694 207 3457
3462 2694 3832
669 3462 4246
2441 669 4737
2472 4899 4007
3027 2472 4966
1825 2295 9564
4802 1825 9625
2610 764 812
1709 558 4860
4203 1709 5088
4137 4678 3986
2856 4137 4530
3311 331 7985
2299 554 5107
827 2299 5954
3980 827 6046
2753 3980 6302
727 2630 7649
3218 557 14300
2171 2050 10103
3461 1179 15223
2900 293 9756
1285 4532 5085
2137 1285 5224
1145 4353 12527
4222 1145 12428
3512 4222 12697
1476 3512 12618
1575 1476 12838
3895 1365 14179
567 959 13762
775 567 14448
4040 2276 5275
3663 1299 4513
4557 3663 4548
4157 4557 4852
1590 4157 5387
745 2594 2543
1804 745 3420
853 1804 4204
1931 853 4468
1557 1330 4423
4917 2819 9818
2541 4917 9733
4906 4394 8070
3523 2408 14150
4562 3481 4785
3795 942 2196
2570 740 15536
1994 2570 15570
2077 1994 16532
1938 945 10703
2198 3609 10691
1332 4229 16443
4971 2969 3850
4086 3551 7747
3693 1123 9980
1279 1944 8210
910 3365 10959
2372 910 11544
433 1583 15268
4811 3698 1296
1785 4811 1711
4104 3449 5740
4838 3408 5004
2718 4838 5069
2239 2718 5289
3544 2038 6448
2253 3544 7103
586 2762 9406
2360 586 10001
579 4485 2784
3797 931 12132
4945 3797 12995
3023 791 9613
3537 2788 4682
3608 619 4312
4896 4023 9074
3366 207 3048
500 3366 3521
3226 500 3977
826 3226 4623
2062 1497 10083
3884 4681 8340
4768 3884 9179
3617 1453 3563
2890 3617 3669
2592 2890 4617
2261 236 4408
913 2261 4463
2537 1111 8563
1205 2390 7071
2403 4915 7734
3501 2403 8437
116 4439 5865
2975 4886 4090
2828 1335 10986
561 2828 11429
2049 192 8531
2019 2049 9294
4453 2019 9752
4247 4453 10110
3807 4247 10524
680 4440 6496
989 680 7242
615 989 7945
2704 1850 5183
2739 3999 2833
2147 2739 3417
4773 1170 14495
2015 4773 15016
2861 2015 15951
302 2861 16117
542 302 16142
262 574 10530
3397 2336 6643
4907 2511 13967
3791 2905 1866
735 3791 2229
3706 1901 9264
3498 2918 8055
4835 3498 8161
1012 3830 7504
303 1012 8145
1282 1992 7822
274 1282 8613
2216 3278 4209
3158 2216 4429
1838 3158 5295
1477 1496 7314
294 1477 8222
2419 294 8886
4992 2419 9429
2530 4992 9944
2094 1623 9201
1482 360 13197
3993 4357 1489
3813 3993 1927
655 3813 2643
3845 655 3320
4612 4266 7879
1790 4612 8066
2259 1790 8121
995 2259 8323
1064 995 8874
1394 1064 9425
338 1150 8971
1989 318 11611
114 259 3236
265 114 3643
825 265 4461
4455 3613 8770
1852 4455 9531
2450 2227 4650
1352 2450 5321
339 1352 6046
3668 3645 7849
1125 3843 9311
3800 1125 9966
2283 4113 10887
1072 2283 10803
4437 4298 15139
1491 923 9424
356 1491 10241
1385 356 10872
4530 2411 5003
2937 504 2869
1679 3414 6176
1468 1679 6779
2557 1034 10466
2770 2557 11230
4177 4826 10562
4839 4177 10495
1388 3214 6098
1430 2722 4828
222 2674 5225
275 3826 6286
3391 275 7081
3001 3391 7837
3371 3001 8067
3245 3371 8796
709 4600 2242
979 709 2555
1918 2917 6740
4497 1918 6740
2462 4497 7214
3047 2217 12453
2011 2192 10350
1151 4690 3247
3078 1151 3489
2249 3078 4437
418 686 4503
885 261 771
701 1284 13885
4988 2668 5402
933 3390 10237
2689 2272 5618
1641 2689 5549
3077 1641 5975
4429 3077 6701
1061 4429 6826
2397 3752 1730
2258 2397 2451
2210 2258 3127
4146 816 4636
3801 4146 5533
2071 2966 7707
4332 2708 5937
3816 4646 8492
2110 4761 5724
2215 4602 3128
3431 2215 3738
887 1177 6551
2794 887 7119
1734 2794 7032
1857 1706 5448
461 1857 5829
3864 461 5837
1439 2674 4368
3793 3212 3370
1887 3023 9913
2878 1887 10176
626 2878 11007
3323 626 11677
1143 4544 5661
3406 1143 6101
3387 639 12289
3732 3746 2896
3697 3732 3450
4731 4111 9419
1275 4731 10374
4341 1275 10512
2583 4341 11321
3567 924 14920
588 3567 15591
856 588 16415
3469 223 6690
473 3147 4200
3428 473 4195
4632 3428 4940
570 4632 5911
532 570 6890
3294 848 7699
3788 3294 8221
122 4639 6959
4407 3846 5608
3676 207 3873
4729 248 9057
4063 4729 9640
695 4063 9860
2658 695 10527
997 2658 10451
1440 997 11101
2245 4215 7107
3840 2508 3988
3853 3840 4979
4776 3284 10361
2757 4776 10275
1250 2227 4655
1001 1250 4602
4039 1001 4683
4797 4039 5414
3557 4797 5933
3492 2380 4580
690 4365 3109
4262 164 10961
3594 920 9146
2275 3594 9055
4191 4458 5847
3256 4191 5848
3578 4577 7885
2728 695 10110
278 2728 10570
3211 278 10994
2407 3968 3842
2156 2407 3972
4099 2156 4793
1646 1330 4410
1222 2552 4567
4702 2148 13336
4953 4702 13968
4814 4735 4290
3194 4814 4800
3825 3194 5035
4068 3825 5400
3309 4068 5586
1544 3309 5589
2193 1544 5838
4181 3762 6119
4405 4181 7110
4576 4405 8105
4325 4619 10472
2133 1017 4248
19 3377 9294
3475 566 5705
4276 3475 6660
3965 4962 3332
2887 3965 4077
3750 1449 2696
796 3750 3135
4963 796 3204
4520 4963 3484
4282 4520 4089
691 3862 10080
4080 1019 6068
2953 130 5570
513 2953 5691
4120 513 6478
4578 4120 6827
804 4578 7416
4904 804 8394
205 4904 8301
4614 4144 4170
2347 4614 4566
382 2347 4918
1447 382 5294
1993 4353 12456
3690 419 4832
486 3690 5540
3817 4154 13670
4389 3817 13721
3411 3705 7502
384 3411 7673
2169 4092 1563
3066 2169 2173
3008 3066 2833
4936 1610 4171
2176 3362 5521
762 4138 11181
3478 4445 10513
3145 3478 10792
2391 2900 10640
536 2434 8943
3622 536 9651
1853 4608 4584
3637 1853 4894
2913 2140 12990
1438 2913 13929
4688 1438 14197
3203 4688 14745
1194 3203 15726
4160 1194 16152
822 2132 11619
2849 4672 2704
3317 2849 3019
3672 3317 3620
4136 3672 4473
1158 514 3362
3962 4793 2591
4850 3962 2930
4570 4850 3048
2663 3326 7126
2 2663 7734
3671 2 8257
987 1351 8938
1861 2979 11780
4527 1861 12012
3575 4527 12118
4217 1476 12578
3346 4217 12568
1494 3346 13478
1888 4195 5592
253 1888 5620
210 253 6483
182 210 6783
1541 384 8387
1831 1541 8962
751 1831 9316
2707 1154 3288
1289 3160 4540
173 1289 4992
1331 4659 13551
1181 1331 14110
3025 236 4669
3302 3230 8013
1227 862 7413
4770 1331 14142
4133 179 10721
219 588 15810
1638 782 9186
286 1638 9483
809 3778 11762
2516 1411 6144
3969 2516 6837
1639 3046 5383
1573 1205 7114
2384 1573 7530
4744 1288 6268
901 2414 8222
1237 2354 8319
184 1237 9027
4647 184 10003
1273 4443 9913
4240 1273 9901
3101 4240 10308
1750 2775 9856
4064 1750 9877
3417 4064 9907
1556 3832 5710
3914 1556 6588
1767 3914 7299
3593 1767 7889
4898 288 13438
4634 4898 13861
1539 2086 8407
1195 4160 16593
4396 534 10645
107 2733 5244
2587 1369 11428
843 70 3115
2544 843 3362
3724 4322 2819
1561 1654 7925
1837 1472 9403
700 1837 10114
2553 2435 8898
25 2493 8784
681 1300 8665
1781 681 9234
3097 1781 9694
2303 3097 10389
2214 1764 6500
1925 2214 6867
3472 1925 7297
3228 4541 4177
304 3228 4645
2219 2511 14137
4152 4482 2823
4636 4152 2775
3628 1730 13311
1761 1599 3918
180 2168 9648
125 180 10020
2555 2942 4367
1505 2555 4675
3349 322 7971
1579 2332 5185
4865 4795 7042
2746 4865 7351
1812 23 7401
3295 1028 11285
1075 892 5450
917 2420 7734
1725 3891 8227
2741 1725 9097
2479 2741 10015
1652 3009 13177
1674 3977 8793
4603 56 12940
2418 652 9681
537 2418 9792
4511 2396 8115
4471 1828 10196
3533 4172 6472
3735 3533 7221
1480 3735 7663
3392 2026 7414
456 1598 9009
3021 2193 6683
4356 182 6740
4273 4212 16352
2965 3177 5097
828 2965 5924
2087 2915 16292
109 2435 9673
2460 2525 9523
1523 2742 10738
1645 4381 3535
4815 1261 4777
1190 1176 5135
358 1190 5281
313 358 5867
1292 1034 10805
2637 2172 8965
1466 2637 9348
4459 1466 9615
2596 4459 10009
4833 2596 10369
4832 2679 7975
2323 4678 4684
4236 1152 9897
423 4634 13956
2960 272 9486
2401 4927 15587
1420 4432 7020
4421 203 9839
1062 4421 10256
176 1062 10838
3550 2197 5705
3491 4109 12667
2737 3491 13465
255 4436 5122
3597 3266 7905
455 3597 8332
665 863 2631
86 2340 6989
1493 4770 14968
881 1493 15554
3741 881 15995
4818 3741 16428
208 4818 16669
1714 2040 9345
3553 4997 5715
347 3553 5761
124 3719 16523
345 124 16498
2755 345 17148
3529 2673 7799
4283 3529 7942
3858 4283 8678
3506 4053 10139
4581 3506 10233
364 1643 12588
2993 4705 11660
1469 2993 11731
4706 4474 8723
2470 1324 9350
2301 4565 6560
628 1188 7744
1885 628 8047
3527 229 9644
295 3527 9811
1849 295 9924
4100 1997 7247
1089 4178 2903
4501 2207 8781
4228 4501 9162
2043 1989 11769
4265 2916 8089
2095 2443 7930
1624 2095 7858
1903 1624 8396
4893 374 7088
3393 768 6599
3730 3393 6912
2925 3730 7590
3039 2925 7554
4125 158 9325
2442 4125 9643
2324 2871 4948
668 2062 10333
3374 1658 6106
3095 3374 7028
1321 2329 2148
4218 1321 2197
3045 4218 2229
1174 1876 3401
4406 1174 3365
2209 2011 10495
2437 258 2774
744 650 13505
99 744 14470
1281 99 15306
1359 1281 16192
2972 4010 6004
535 3578 8509
2330 535 8525
941 4588 12698
4972 693 6799
4388 4972 7570
2300 4388 8306
1178 995 9270
2492 1178 9928
4864 2492 10886
4088 1230 13174
3269 4088 13675
1437 3269 13689
260 1437 14611
3318 153 4757
2035 1125 9518
398 2035 10002
3182 3209 7999
4954 3182 8648
4769 4954 8980
3888 4769 9656
563 4454 5874
1648 303 8650
4855 3097 9874
4725 4855 10261
3552 1290 14516
2843 4365 3456
1040 2843 4374
3098 2867 3428
1450 497 6305
3466 2951 2039
3238 3967 3390
1108 3831 3315
4204 4286 3253
2635 4204 4230
1372 997 11245
353 1372 12052
2162 353 12764
4096 2162 12990
4254 4096 13262
2490 2568 10509
3375 1977 9545
1454 3375 9811
166 1454 10091
1259 166 10335
926 1259 10255
3632 926 10646
1701 3632 11424
3084 1701 12024
3068 3084 12331
1217 3068 12976
1595 4562 4890
2448 2015 15180
1215 4681 7834
4089 1215 7892
1800 4752 12998
1915 2918 7686
683 1915 8458
2779 3484 13654
221 2779 13860
730 1670 9322
783 2448 15844
84 783 16459
4785 2285 4868
520 4785 5022
1717 4320 4048
609 1748 3902
407 3955 7195
1131 2331 4670
2123 1131 5231
2767 415 6034
4584 2767 5981
2081 3331 11420
4435 858 4833
799 3514 10694
2165 134 5849
2351 4061 5444
4226 2351 6201
539 4226 6951
3688 539 6957
4717 3688 7423
4518 2143 6127
370 2825 7236
602 370 7961
2307 602 8459
4712 1742 5635
957 4712 5816
2505 957 6758
2163 4463 16609
1777 2163 17449
4805 1777 17990
3305 91 9284
3685 50 7366
818 1938 10881
598 818 11853
2731 4829 8813
2911 2731 8725
4294 2911 9287
3485 4294 10041
2745 611 8786
3563 2745 9253
4574 3546 10098
4101 4574 10246
1582 4101 10252
2293 1582 11122
1592 2293 11887
3165 1592 12190
3780 1583 15849
1431 4960 4394
2278 1431 4882
4658 942 1606
2813 4658 2351
624 2813 2749
3300 624 3356
2586 2034 7154
3907 2586 7693
2031 4493 3323
4888 2031 3416
815 4888 3937
3235 815 3864
2634 4561 4264
3195 4750 8909
4237 3195 9647
2316 4268 14055
2572 3767 6435
3973 3276 9640
3947 3973 9781
1906 3947 10582
712 1906 10514
3812 712 10891
2711 3812 10983
4451 4604 9025
3775 4451 9978
78 1910 5463
3712 78 6361
2903 3712 6344
1980 298 4092
1877 4650 12105
108 3732 2808
3990 108 3783
3603 3990 3984
375 3603 4490
106 1557 5389
2267 1912 3218
447 274 8636
4794 855 9572
3516 973 5745
4947 2942 4630
3232 4947 4781
1119 814 12493
1681 1298 5263
77 850 8357
661 77 9142
4950 661 9088
3181 2526 9785
3355 3181 10322
3774 3355 10469
2352 3774 10767
3359 935 8557
2115 3554 4997
767 3609 11474
1105 767 12458
4842 3194 4806
2118 4071 4690
191 2118 5151
3080 191 5820
2136 173 4977
1625 4107 11869
3596 1193 9132
2738 3596 9838
3536 2738 10721
760 700 10934
3894 1157 11386
1039 4279 6523
4117 4801 13181
3870 4117 13994
3725 3870 14921
1978 4178 2381
3494 1642 4683
3099 2573 13477
2058 3099 13495
2124 2058 13990
3120 969 10376
4270 3160 4593
4412 4270 5154
2368 4412 5647
1136 3576 9837
1274 1136 10099
3579 2612 10032
592 3579 10947
3061 592 11358
4973 532 6926
4363 4973 7899
2818 4464 11616
1168 2818 11845
4740 1168 11937
1740 570 5949
79 3415 12482
3480 4907 14220
377 4667 7981
4362 377 8061
8 1526 8783
2944 4358 7302
4694 706 7442
494 4694 8379
4737 494 9340
3991 4671 5524
2195 3991 5722
247 2195 5918
846 1915 8308
3952 846 8673
1991 1340 8737
2306 3235 3976
154 940 7909
4755 3873 5754
4328 4755 6433
2083 4328 7165
1165 2083 7898
4848 1165 8606
2758 4295 2435
3320 3298 5035
1920 3320 5122
4166 4398 3987
2353 4166 3952
387 1260 5978
1269 387 6386
1696 1212 8285
3153 1696 8426
1063 3153 9079
421 1063 9837
1358 421 10568
3742 3534 4299
2454 1235 11028
386 2454 11483
3600 386 11897
4196 3600 12706
330 3687 9666
3474 1265 6528
1378 3474 7176
4748 1378 7908
3002 4748 7974
251 3002 8741
1653 1064 9762
4293 1653 10364
810 1340 8626
3703 810 8727
2961 2289 13774
1911 4359 8369
3949 1911 8519
1552 750 6390
4970 1552 6531
3251 934 10120
1863 3251 10871
2213 4180 10602
1452 3297 9821
3204 1452 9886
193 3204 10722
2589 4056 7295
1814 2589 7488
3655 1814 7822
2265 3000 3457
4781 4629 5277
1112 1658 6025
1936 1112 6672
769 3723 10764
4821 3860 8345
516 4821 8413
3129 516 8361
777 2786 3491
209 2688 14477
4349 1284 13211
1103 229 9908
3159 1103 10153
4700 597 5611
4377 3000 3173
4050 4241 8406
150 4050 8869
72 307 7234
4145 72 8078
3984 4145 8865
3580 3984 9291
3802 3580 9314
4589 4658 1672
4726 4589 1928
3217 4726 2225
144 2460 10319
1607 775 14988
4964 1607 15808
3404 2633 9885
2135 3404 9919
3721 2135 10328
3112 2396 8100
4027 1701 12027
3452 1891 8425
3581 3723 10375
3611 1668 6258
3014 3611 7015
4854 3014 7371
1513 4854 7345
4016 302 16276
4500 4822 9025
3755 4500 9695
4841 1389 4036
2491 563 6563
4660 1354 10781
2328 3773 5253
3901 2328 6008
3114 3939 9389
1225 3114 9654
550 1225 9955
3872 1621 10393
201 3872 10313
3933 201 10244
4680 3660 4209
1843 2929 5032
2834 1843 5386
4633 4098 1958
633 1014 13064
3517 633 13571
85 2891 7247
2901 85 7786
4804 2905 2256
4210 888 11430
3900 4210 11459
1749 3900 12129
3695 1749 12886
4592 1755 6650
741 4592 7260
3856 2592 5276
1005 3856 5826
2625 1005 6750
2318 2625 6816
4756 4940 13585
65 4756 14329
2522 65 14233
4502 2522 14870
4935 1256 8079
3731 4935 8303
2803 3731 8643
4164 881 15914
925 4164 16876
1754 925 17007
582 2281 13250
2269 582 13370
171 1502 4866
1342 171 5093
3018 4613 6639
4753 3018 7482
1246 4753 7729
4176 1246 8386
1076 723 6663
1391 1422 10420
593 2326 11846
2976 567 13741
4379 2976 14089
1102 4379 14940
1711 1102 15634
1495 1711 15540
3756 2042 6234
2238 3756 6379
2027 4535 13183
3989 1986 12237
2973 1613 3671
1010 2973 4521
4695 1943 13174
2127 4695 13774
142 2127 13788
3638 1013 3951
4213 3638 4134
599 774 5354
3839 599 5714
45 3839 5793
4030 45 5861
4652 2601 10261
1415 1510 4009
4766 4966 4207
577 4766 4198
4450 577 4991
2371 90 5584
4024 1541 8960
3515 1544 6457
2346 3515 6701
2880 2346 7697
2759 2880 8693
1130 2759 9055
3088 740 15531
2012 3765 12608
4597 2012 13127
3360 4597 14102
3137 3360 14964
4699 943 6708
3335 4699 7625
1251 4988 5363
543 4115 5354
2920 201 10670
329 4613 7462
1605 329 8248
1056 1605 8419
587 1056 8651
1955 4636 3249
4937 3188 1490
3322 4937 2203
1833 3322 2278
1954 1126 6934
731 2461 13213
2366 4882 12627
3819 2366 13270
4786 3819 13840
1183 4786 14236
2433 1324 8670
673 3198 12075
4663 673 12822
3776 4663 13685
2832 3776 13796
2393 2832 13786
3541 2393 14674
4611 3541 15633
3719 2381
2022 4384
3685 226
11068 2806
10979 1147
3890 1895
6183 110
8026 573
7889 2583
4933 824
4491 3135
4842 2881
5992 3464
1626 492
8765 676
8415 445
5643 102
12551 1186
9228 1821
4649 1319
7051 2675
10082 2165
8092 2480
7339 4738
11912 2261
10106 2533
9389 4821
7347 1248
4137 535
4201 3076
2962 2171
4980 2496
10959 1138
5197 1026
3608 2262
7558 48
4875 4926
5782 3357
1076 2265
9311 4233
10719 83
9209 654
3521 3826
3877 3062
5324 206
3877 933
6763 2040
4807 2275
3855 4176
8729 915
5189 162
14966 943
8648 4071
5126 3377
6079 3597
4831 1991
11077 3797
10472 1129
6867 4292
3281 2468
3668 83
2962 4307
13949 3988
4986 263
3971 4156
6244 4282
1691 2040
7741 4652
4858 4529
8495 2585
2446 4404
8603 67
6121 227
4466 1414
11019 337
5330 4906
5341 4700
7235 3112
6439 1062
2780 431
2806 3483
7576 4029
7163 714
2095 1257
9260 1738
7662 753
3281 292
4970 4152
1535 1165
3446 1975
4807 2696
3155 4762
12937 185
9052 2951
7150 3322
9959 1807
8357 390
3616 3407
14622 917
5673 4744
