100 5000
49 51 309
69 51 361
93 69 617
84 93 742
34 93 1589
6 34 2518
75 51 530
64 75 527
30 93 1040
8 49 638
62 84 1642
57 62 2020
1 51 25
19 57 2946
97 19 3375
50 30 1752
7 50 2077
42 97 4212
78 69 1101
26 78 1280
38 93 1389
53 38 2366
86 53 2889
20 42 4910
36 20 5672
66 36 6112
16 7 2445
33 16 2801
40 42 4216
70 40 5056
27 70 5377
15 27 6105
13 69 979
98 33 3185
96 30 1404
17 96 2137
80 33 3241
25 6 2498
56 25 3332
22 40 4277
79 22 4193
47 93 887
59 47 991
91 59 1459
12 93 800
85 12 724
81 84 1009
45 7 2413
90 57 2832
100 13 1256
46 34 2269
68 46 2762
55 68 3645
39 55 4444
74 39 5161
5 7 2619
35 5 3583
72 46 3130
92 49 271
14 12 1109
99 16 2904
24 99 3044
41 24 3488
21 5 3429
65 21 4006
58 66 6575
9 78 1152
32 9 2076
71 32 2661
89 17 3126
67 86 3123
54 67 3854
63 54 4395
29 41 4051
82 29 4078
23 16 2382
31 39 5369
94 31 5824
43 94 6621
73 43 7547
44 21 3736
2 44 4584
4 12 895
77 47 1325
28 15 6312
61 28 6445
76 61 7033
11 79 5166
83 20 4820
48 83 5627
88 89 3977
60 8 1630
18 54 3824
87 71 2774
10 71 3432
37 10 3940
52 90 3713
3 83 5798
95 3 6467
1642 22
527 51
309 19
1 91
1752 4
742 35
309 58
1404 35
1152 6
309 84
4910 53
2077 61
2904 81
25 32
2366 78
2077 98
2904 28
800 37
2137 80
527 60
1101 34
527 80
1589 40
724 2
979 69
2946 19
5056 75
5377 98
2413 59
2076 57
2518 60
2137 89
1752 100
5377 61
1040 12
5672 60
6105 91
2077 59
4212 5
2518 80
742 23
1589 35
2619 79
3375 84
2661 81
2889 99
309 87
1 72
361 90
3645 25
309 88
887 11
3332 26
1 72
25 50
1040 86
530 93
2137 98
2020 50
4277 55
3123 74
1 14
638 14
3241 75
1 60
991 77
3375 89
361 88
4216 30
2137 25
617 100
527 30
1101 48
527 36
3645 74
2518 46
3375 49
2762 69
4444 30
4006 21
2801 67
3241 58
1 52
2020 75
2077 50
3375 77
2020 43
4212 86
361 9
6105 7
742 40
2762 81
2518 43
2498 96
3130 9
2518 45
6105 81
3977 53
530 52
1 8
3185 44
1040 65
4216 48
1040 91
6575 34
7547 98
2518 85
1040 39
2946 83
4910 96
6105 50
5377 11
2889 36
1404 81
530 15
4277 93
2946 42
1 4
617 18
5056 90
527 80
25 79
742 16
4212 36
724 36
1 22
2946 44
1101 78
2020 33
2801 7
4444 57
2619 81
1752 92
6112 37
309 10
3241 92
4212 84
1280 72
361 44
5672 32
309 83
1101 99
309 85
2020 86
3645 78
6105 26
5672 76
1589 19
2498 60
617 20
309 35
1389 38
3185 7
530 61
1280 84
309 62
3126 69
3583 96
309 78
2762 41
1642 97
638 2
2518 87
2619 95
361 11
3332 48
5377 44
2076 87
617 48
1 22
1325 90
1459 85
6445 57
2518 92
3185 74
4277 32
5056 45
2518 82
25 19
1101 15
2904 37
2077 76
1256 64
2137 13
2413 83
2382 57
527 48
3241 24
2020 85
4212 3
5672 75
1 45
4212 19
617 35
1040 86
1040 88
617 84
1 72
1459 38
2137 82
617 77
1009 60
309 67
1642 7
742 18
6105 29
361 69
742 36
3241 61
2020 14
7033 62
1 88
1389 25
979 31
1280 23
3044 83
3645 69
1 31
2946 93
309 39
2946 23
3645 19
2946 23
2801 7
4051 3
1040 50
2269 35
271 93
2413 47
3185 83
1 85
1040 31
3583 80
1404 51
2904 97
361 39
617 55
742 15
1152 56
1589 90
3044 27
1 83
25 94
2762 36
2661 39
887 77
2077 80
5377 21
6112 30
1642 50
3645 67
4584 56
4216 87
3375 81
4444 46
724 87
2077 50
5056 73
617 2
3332 82
3488 95
361 79
3645 15
3044 35
2518 85
361 17
2077 65
3488 40
617 56
1589 69
2269 71
3736 38
4212 54
1256 14
2518 3
2020 13
1280 70
530 3
742 36
724 98
6105 38
1280 79
3044 71
25 6
1 15
1389 91
3241 73
4212 10
2498 77
5161 77
1459 93
309 69
2619 87
527 60
6105 74
3375 66
3940 52
2889 47
1589 92
2445 94
979 69
25 40
638 95
1280 36
2137 76
2137 69
527 80
1040 78
5377 70
1040 38
1101 81
361 92
2498 45
3736 15
3130 6
724 84
2946 41
3185 48
4216 66
361 21
2077 39
2366 66
6575 22
3854 89
309 30
3185 19
530 24
309 46
4910 34
4193 80
638 29
617 51
2762 87
3123 81
2366 18
742 23
887 67
4444 30
3123 37
1 62
1752 90
361 54
2366 44
1 6
2762 6
724 100
3044 20
2137 62
2020 73
2889 18
1642 18
1280 63
4910 71
1404 14
1109 30
638 100
3645 46
1389 40
1589 78
309 93
2498 69
2413 82
4212 34
1752 16
617 3
1040 65
1589 76
527 6
2077 32
979 42
2077 3
3185 51
25 39
1256 16
2076 34
617 50
2077 16
1040 51
638 19
4910 40
617 85
25 22
991 66
1459 39
309 2
1 38
2077 45
2498 21
271 53
4212 22
530 68
3185 65
887 89
2518 30
530 99
1009 54
1101 55
4820 81
1 89
4277 58
530 33
1 17
2366 12
4216 55
1101 15
2413 23
6105 82
4444 7
1459 52
1404 83
2832 40
2518 58
3332 10
1280 62
309 56
2832 40
2445 5
309 97
991 86
3185 26
527 40
3375 94
2946 56
4444 11
742 92
361 48
2445 80
2619 95
617 73
1101 5
991 44
1 28
1 72
742 87
2619 81
271 66
361 66
4910 62
3241 61
1389 65
742 10
1 83
530 44
7033 3
309 73
3185 58
361 1
1589 6
1109 22
724 81
1109 65
1325 9
1 10
1 75
3645 64
2889 70
3185 42
2889 58
6105 17
5161 87
1 76
361 27
1642 68
742 70
1589 22
2137 6
2762 38
1009 36
2904 61
1752 74
361 39
2020 70
361 96
1389 12
1 21
742 47
2498 48
2077 75
2518 35
309 1
617 4
25 8
309 74
1642 11
361 44
742 86
1389 9
1589 50
361 23
1642 92
530 94
4444 56
724 58
1009 66
1389 53
4277 90
3432 36
2137 78
1280 1
530 71
4277 57
2946 2
638 74
2366 20
3583 53
4212 92
3241 36
5672 84
5369 58
5056 98
309 50
2619 71
309 67
6575 64
2366 72
2020 34
1280 88
4078 94
2498 48
2269 78
2946 23
309 79
2366 2
991 49
2413 89
1009 22
3332 90
2801 28
2445 65
527 50
1389 56
25 41
2077 54
617 75
309 20
3126 45
2619 37
4006 87
1 74
2498 11
1 92
309 70
1040 63
887 89
361 63
1 56
4277 2
2661 87
1 10
309 65
1752 30
527 83
1 98
5377 32
3332 33
2774 37
3241 69
1589 68
4216 12
2518 66
4051 79
4193 62
1280 1
617 55
4910 96
617 93
4216 44
1 83
4395 50
2889 16
3185 45
2366 28
5824 87
4212 83
2445 10
2413 78
1589 47
742 13
4910 67
1101 66
2137 78
1404 80
2518 54
527 1
6105 52
2498 91
1 54
6105 61
2077 32
3241 78
1642 15
361 21
3375 59
617 79
887 89
2498 84
1752 55
2946 51
5672 53
5161 10
4277 91
979 39
2020 86
1404 14
2445 9
527 82
2445 61
991 92
2077 88
4078 67
4212 93
6112 43
742 97
887 60
1 31
2832 13
527 97
5056 36
309 89
2518 93
361 25
4910 98
309 33
1101 40
5056 49
638 50
742 28
6105 91
2076 37
617 69
2498 49
1752 63
5377 57
2020 12
309 93
742 56
1 35
2889 42
1256 15
800 47
991 4
638 77
1589 61
3375 52
1589 10
3241 17
6105 88
5672 69
2077 95
4212 9
4212 1
800 47
530 95
5161 25
3375 29
2498 55
1459 4
2518 56
979 52
1 78
742 56
309 32
724 70
1009 28
1 15
1009 77
361 68
2020 75
1459 39
1040 74
361 32
2661 14
1752 50
800 50
2445 67
1256 10
25 47
3185 66
309 86
2518 3
1642 24
4212 2
742 35
5377 17
1256 72
1040 30
887 48
5377 78
1 27
1589 46
724 17
5056 91
25 51
1 67
979 17
530 16
6112 92
2020 64
979 58
1752 60
1752 47
2137 51
6112 85
527 54
2762 56
5377 60
2889 77
2946 5
742 13
1280 83
3488 20
2889 47
2445 18
361 19
25 13
742 72
530 29
1589 31
6105 7
742 31
1009 52
6112 36
309 76
2413 71
2382 87
1589 44
2137 9
991 21
3854 47
617 44
2445 71
2946 78
1109 13
2889 11
1642 78
1 21
5672 51
1 94
3375 57
3736 5
1642 68
2077 17
530 2
617 90
4216 49
617 45
3130 47
2762 89
4910 47
2619 33
3332 23
1589 22
5161 17
617 82
1256 87
3429 71
2946 77
5824 64
742 4
1040 40
1642 71
361 66
2020 3
1 94
309 53
4216 5
3241 74
1 10
742 59
25 77
638 19
1009 52
2020 45
1642 99
6575 3
3241 58
1642 7
2801 49
3375 72
1109 74
3375 88
309 88
4051 96
2366 27
2518 14
3645 45
2020 37
742 70
25 8
2366 6
4910 4
2020 75
4216 32
4006 30
4216 14
1630 35
6105 97
724 78
530 83
6575 27
1589 81
309 67
1 38
3583 37
2445 63
1109 18
527 12
7547 3
2020 38
4277 88
617 80
5377 52
1404 40
638 95
2946 87
309 85
1459 34
3241 70
742 61
4910 72
309 56
617 20
2445 86
530 86
724 52
2077 95
1009 51
2946 70
2413 77
527 7
2269 33
5627 91
1280 97
2946 38
3375 4
742 3
3645 6
1589 76
638 67
527 64
1 7
5056 26
3824 20
1752 81
2137 55
1040 27
4277 34
4212 61
4584 26
1404 41
617 78
6575 91
530 5
4910 53
2889 72
4910 66
742 76
2946 9
1589 34
4212 77
2619 42
2518 67
1589 41
1589 64
3185 23
742 23
530 16
1101 11
5672 32
361 96
2889 16
1040 2
1459 30
2077 68
1752 100
530 33
4910 45
3126 68
1 15
1642 11
2413 50
1752 55
2269 70
1752 51
6105 51
3241 44
1589 45
2889 27
617 56
1459 12
742 71
1 28
271 99
1280 74
2077 71
2518 8
6112 61
2498 96
1642 76
2619 80
3241 7
3332 70
4006 24
4078 96
1459 7
4051 54
2889 25
2445 60
527 82
4212 1
4006 32
2518 23
6112 29
2619 19
6621 97
25 15
1 66
2020 94
530 28
3130 77
6105 98
638 19
1 63
3375 83
1752 50
4212 88
724 2
4216 4
1 92
6105 37
1101 75
2946 8
2801 9
527 50
2020 81
1 5
361 79
527 29
1 13
5377 13
4444 33
309 53
5672 99
5824 46
309 13
527 100
5377 21
1389 43
5056 57
3185 96
1642 84
2366 69
979 23
3583 56
3375 53
309 17
309 30
4212 98
1642 28
1009 7
742 27
530 12
3375 68
638 56
1404 77
800 63
895 66
1389 68
742 98
4910 68
361 41
1 2
2946 51
1752 91
3429 67
4212 90
1 59
4212 48
3375 49
309 68
617 4
2889 88
2366 89
2020 80
1752 18
2366 58
1642 64
1 66
1109 17
617 39
617 42
4212 6
4212 40
742 13
25 82
1101 25
361 54
4444 36
4444 89
3645 59
2366 17
1389 7
1459 26
2801 76
361 53
2619 69
5056 67
2801 4
2518 79
617 94
3185 63
309 46
527 26
3185 44
742 79
4212 100
3583 16
1389 39
638 85
4216 20
6105 84
2445 20
638 85
5672 69
4910 34
617 12
5672 31
309 94
2518 90
361 5
2076 99
1040 38
4910 82
3375 54
2832 80
4277 64
4910 76
3375 84
5672 41
1280 76
3241 82
4216 26
2020 49
3375 79
2946 61
2518 21
742 11
1040 49
5056 71
309 64
1101 47
3375 57
2020 12
4444 48
527 87
1101 60
4910 32
5056 32
3241 5
1101 42
1752 45
2661 18
1589 46
2366 61
2762 18
800 46
527 10
991 37
2801 9
2801 68
2518 91
1040 57
800 95
1642 1
1 10
2801 29
6112 80
2020 25
1280 63
361 66
3044 47
1 54
2137 43
2445 76
2889 1
2904 56
1642 48
2077 13
2946 82
2077 6
4212 32
2518 51
742 81
979 19
2498 25
2445 17
724 40
742 4
1 44
1 21
25 54
2946 81
742 12
5672 92
1589 22
4212 11
2946 39
271 87
4212 29
5056 81
271 56
979 99
742 69
5672 56
6112 86
617 59
309 35
2366 57
4216 42
2498 22
1 55
6112 20
2077 67
2413 80
530 29
1752 86
4277 73
309 28
1589 6
3130 51
5672 87
4193 14
2137 65
309 3
2445 67
1040 30
2801 2
5672 25
2661 34
2619 9
3241 35
742 10
5369 41
3241 92
4277 71
3185 15
1642 29
530 53
1404 91
742 40
5672 17
742 80
1642 48
3375 87
3375 28
2413 51
5056 42
309 24
2137 72
4051 97
1752 96
2020 55
638 92
742 19
1 89
1 68
5672 86
617 96
2445 21
309 96
1280 33
1101 62
2661 48
5056 79
742 99
1040 29
1589 85
5056 42
1642 9
1040 24
1 28
530 88
2518 36
2801 71
638 29
2445 40
991 7
3375 19
5672 51
1009 26
2518 93
527 47
530 41
3429 72
991 6
2946 86
1752 28
530 69
1752 5
5056 8
3375 74
3645 86
530 59
1752 40
2382 60
361 16
2077 89
4444 11
2518 79
5056 97
3241 92
2445 88
4212 76
2445 42
361 57
617 49
1 13
2619 51
2518 85
6312 13
3332 64
638 32
2889 61
895 49
1 11
1 8
1040 77
2518 93
5627 77
3645 36
1589 27
2619 27
1404 20
2077 66
5824 8
3332 53
638 68
530 41
638 34
2889 25
1 62
527 37
2413 36
800 88
3241 36
2889 34
2445 84
4212 100
530 78
1752 60
1040 4
1101 23
2518 4
3488 54
527 23
3241 25
4910 68
2518 27
2445 100
3375 11
1642 98
3645 89
1389 62
309 83
1280 23
1 37
2137 30
3241 68
4277 45
5377 94
3375 44
3126 3
25 13
1040 8
1 27
2445 55
530 79
2889 32
4216 65
2445 54
5672 64
6112 93
979 68
2946 92
4395 70
3185 26
724 83
1040 60
527 85
1040 8
3429 87
1009 25
1642 57
5672 44
617 70
4078 12
2518 3
3375 72
1752 42
5377 3
742 51
361 81
309 45
6105 57
309 78
1642 29
530 72
1040 83
5056 44
742 71
3645 71
5056 53
2269 63
1642 18
4006 59
3044 58
1 40
5377 40
742 65
4910 3
6112 61
1642 26
1589 25
991 10
1280 30
309 100
1 37
4193 89
527 29
3332 1
530 7
1589 98
2076 54
6621 23
3185 10
1752 95
724 2
2020 60
5672 97
638 10
3736 20
1 45
5056 95
1752 78
2137 17
2832 66
530 85
638 14
2077 92
1325 37
2518 50
1 44
527 96
1280 30
1459 7
1642 57
4193 31
361 65
1 52
1404 15
724 10
2413 45
530 64
361 25
742 50
979 49
2832 20
1040 11
4277 87
1752 91
3241 36
6575 42
2445 1
1459 11
2077 2
5672 89
800 39
309 86
5056 45
2518 58
1752 9
2137 100
309 74
1642 25
3375 34
3126 57
271 1
2445 97
361 61
991 45
309 63
2889 79
4212 35
617 96
1040 88
2889 59
617 58
361 8
2445 67
309 74
309 71
3488 44
2946 84
617 43
2518 36
361 11
742 57
1459 16
1 21
1256 69
1 69
979 28
309 47
2518 99
3645 63
617 17
3123 73
2946 79
4910 83
3583 93
309 11
638 93
5672 71
2269 79
4216 63
530 12
3375 30
1404 80
5056 67
530 59
1642 29
3736 51
530 17
724 9
1 75
530 50
6105 95
979 14
5824 27
1642 2
25 12
724 76
4006 22
742 96
530 1
3429 47
2619 53
991 87
3488 32
2801 70
5672 92
1589 62
1 71
2413 38
2946 97
5672 6
2762 81
2518 3
887 51
1589 40
2801 31
887 2
1101 7
2904 10
617 24
979 22
2413 7
2366 23
3854 85
638 67
2946 27
638 71
2518 26
4212 18
2020 42
617 99
6575 86
4006 55
1404 98
3130 93
2946 61
530 47
724 10
3375 22
3429 70
3241 52
2020 24
638 15
638 35
25 80
2518 91
2077 100
3736 8
361 26
1589 14
1752 45
3332 91
1040 10
3241 78
1642 78
1040 77
2801 53
527 24
1040 19
1752 9
6105 82
1 36
742 9
2946 7
617 27
2832 61
309 26
1459 63
1 38
6112 72
2445 86
2366 32
1101 33
2889 6
530 86
4395 100
617 42
2518 61
1040 67
3375 85
530 82
361 100
2518 79
361 83
530 89
2832 23
742 65
6105 14
1 45
3185 82
1642 27
2413 67
2445 88
309 47
3583 50
2801 29
2518 43
2762 65
742 14
5056 75
527 22
724 89
979 11
4910 21
1 76
527 60
361 24
3645 63
2498 35
2518 60
530 73
1256 55
1009 55
1280 5
1589 37
5056 90
2762 87
4277 44
3645 22
2076 21
638 71
724 50
309 76
800 36
5672 76
1752 50
617 33
1589 19
2137 26
361 14
638 61
1389 85
309 30
6621 53
2366 80
742 86
617 29
742 85
1589 68
1040 12
991 29
742 43
309 7
1 29
4212 64
1642 96
1 71
1101 71
638 42
2413 53
1589 30
1101 42
25 39
3241 96
2366 98
4395 75
4277 72
2020 74
742 51
527 28
361 18
2076 86
617 11
1589 28
3332 40
1404 79
4212 78
3241 21
2413 40
800 54
742 22
2889 78
4910 10
1589 26
1 58
2518 68
991 52
1280 32
742 27
2077 34
3375 52
4216 64
1389 13
4910 87
2077 32
4216 97
6621 57
742 83
5627 49
1389 56
2366 85
5166 1
800 93
1752 20
309 12
1642 8
638 87
1 78
1 52
2904 96
1040 64
3332 81
1 72
2518 99
2269 34
2077 92
2889 34
2619 17
530 19
1256 71
979 6
5056 23
724 42
3044 23
1642 52
979 12
4212 4
617 79
4212 25
1752 38
742 24
742 69
3488 25
1040 37
6621 71
2269 90
2413 55
5824 55
1040 15
1 91
617 26
1101 36
2946 52
1 99
2946 23
361 60
2020 51
309 32
3123 71
2076 35
530 98
2445 12
887 4
1009 15
2077 69
5377 16
5672 72
638 88
1256 46
638 72
2020 1
2269 10
1589 67
1 49
6575 95
5056 19
309 68
2946 94
527 53
4006 62
800 8
2498 20
3241 82
887 49
2904 68
742 12
1280 89
3645 53
5161 35
1752 53
2904 99
2077 64
2413 65
2413 3
5672 98
4584 66
2518 25
887 46
617 17
617 39
617 79
6112 94
361 88
2762 33
2020 77
1589 13
5377 12
4212 93
1642 49
979 37
1 66
4212 46
1040 45
1389 100
1 57
2946 37
1459 53
3044 91
1109 57
361 83
4910 75
979 79
5056 61
2762 35
2445 54
309 16
1109 86
638 92
1642 27
361 61
530 31
5377 68
617 13
1 9
3332 38
4216 74
309 35
527 26
1101 97
4216 91
309 97
361 84
2076 45
742 28
5056 80
2904 10
309 54
3854 16
1256 87
361 22
1040 4
2445 7
2889 14
887 85
2445 6
361 78
25 68
1101 13
2904 56
361 24
6575 28
1040 50
617 6
2413 60
2619 19
1389 26
991 49
887 78
5672 88
309 73
1389 77
3044 98
1 69
530 84
800 72
5161 15
4006 71
4216 45
4193 58
1280 90
5377 68
742 93
4212 73
1642 25
1152 34
3185 56
1459 18
1389 91
527 88
361 63
1389 93
530 51
1589 92
638 17
617 37
4444 75
2077 51
1752 69
5672 56
4277 97
2946 70
2498 99
1589 32
1280 91
2269 58
3185 52
527 44
6112 56
527 79
1256 24
5377 31
742 67
742 26
5056 31
1040 7
638 39
5377 30
527 3
2020 99
1101 53
25 33
2518 29
1642 45
3044 72
979 79
1040 49
2946 62
530 14
1589 27
527 56
3375 100
2904 78
25 88
4910 64
3185 46
742 93
2889 58
3185 36
5377 82
2946 75
2382 41
2498 10
1404 98
1459 36
5672 100
1752 50
6112 26
4277 56
1752 46
1389 43
527 99
25 50
1 21
1642 59
4395 89
4051 89
25 58
530 7
361 100
4277 16
530 58
527 29
1589 8
2889 28
6621 10
1109 95
4216 30
3488 22
1404 10
617 24
1642 41
1404 1
979 15
617 82
2498 87
4212 81
1 64
3736 15
3736 39
4212 31
617 37
1 56
2946 88
1389 55
2020 18
638 66
2382 87
2518 90
1040 34
2020 70
2137 60
2269 17
4216 19
2518 23
617 58
1 37
979 2
25 83
4216 4
3429 24
4277 18
530 73
4910 94
1 43
1589 5
1280 68
4193 10
527 48
2366 48
1589 95
361 25
1 74
3824 45
724 82
1109 86
527 26
1642 20
1 2
530 12
3241 89
3241 50
3375 53
1589 19
3185 66
1152 16
2445 80
5161 45
1404 61
6112 14
1152 7
530 17
3185 7
2801 55
1 100
1040 90
4444 76
309 77
527 52
2661 51
2946 69
361 54
2269 33
3375 76
2661 83
2413 36
3332 68
617 55
3375 22
1589 66
4212 1
617 17
4444 15
1 94
2020 28
2762 27
2366 62
979 8
2904 65
4212 41
3375 1
3977 52
361 13
638 87
800 32
361 47
617 74
4212 88
3241 64
2269 11
7547 73
4584 76
617 21
1589 39
4395 9
800 63
4193 39
5672 52
2889 62
2498 37
4212 94
5056 35
530 75
1040 28
530 92
1389 90
1 5
638 93
1404 19
3185 95
2518 62
527 71
2619 75
2366 84
530 38
2269 18
1752 72
25 25
309 60
3645 45
2946 41
1152 69
309 8
1 75
2801 64
2413 78
2445 33
361 17
1280 83
638 92
724 31
1280 94
3332 19
1 80
3185 4
5056 36
3375 68
617 100
6112 30
4910 27
1 38
1 20
2020 99
3332 98
361 52
4444 98
5161 58
2619 54
2020 12
309 91
1040 39
2077 44
1040 78
5056 49
1642 30
527 38
5056 97
617 43
2889 42
1752 27
1280 89
2020 59
1 30
309 23
4910 65
1404 13
25 52
530 51
638 12
4212 60
2077 78
25 3
4193 5
271 31
6112 82
3375 59
3583 10
742 44
527 68
2137 40
309 3
2904 95
2137 65
1459 89
1040 63
1752 22
2518 1
1 50
3130 58
1589 22
617 65
361 31
2619 23
1101 25
742 7
3488 87
4910 23
6112 72
3645 84
3375 21
5056 43
3583 79
2413 84
527 14
2076 46
2946 18
2020 84
1101 61
2137 88
617 37
527 95
3185 15
2889 44
4910 94
3185 57
1589 95
361 30
1 62
3130 44
2801 33
1642 51
3185 13
2889 51
1256 91
1 52
2518 45
742 8
1642 11
271 79
979 97
724 35
25 37
361 83
530 56
991 21
4216 75
3332 35
3044 36
1 86
1 77
2832 96
2077 39
3645 18
1 82
25 22
527 96
1752 1
1256 63
617 99
527 54
4910 59
638 68
1459 95
1 89
361 44
1 60
1 33
742 21
361 35
1404 53
2137 23
3241 80
979 12
2762 2
1752 56
530 96
742 100
1404 51
617 35
3583 39
1 43
887 41
4193 21
3185 55
2801 20
887 91
1589 13
309 88
4910 28
1589 85
1040 12
2366 18
2889 23
4006 21
1 100
3185 55
2518 99
4078 62
1009 66
2762 47
309 7
1589 67
5672 7
5672 42
1040 22
2801 54
4395 86
3375 16
2498 48
1040 63
4006 52
1642 9
1101 22
2801 16
2137 45
979 75
1 2
5377 85
638 67
1109 77
2946 46
2946 37
617 20
3583 65
4212 95
1009 9
361 15
2889 9
800 54
4212 19
1642 49
1389 52
3375 92
1642 29
991 55
361 40
530 41
1109 44
5672 68
1 56
309 74
5672 21
5377 9
3044 56
2889 32
2366 31
309 26
742 70
724 100
25 82
638 44
2518 31
5672 32
1280 65
3130 100
1 77
1256 10
1 13
4910 45
1040 9
1040 27
1404 98
1280 23
4910 96
530 97
4910 77
1 31
979 46
1589 67
4216 13
1642 40
2137 72
25 83
2445 81
309 21
7547 87
2801 8
1 9
2832 17
2137 26
1101 22
309 48
2946 88
1642 71
530 15
3332 71
1752 62
1752 3
1459 58
2518 70
6105 49
530 25
2801 42
2889 28
638 28
1589 88
1 36
4193 6
4910 40
1 59
617 73
6112 25
1040 89
1 45
361 29
617 10
309 25
2518 29
1 84
1404 56
1280 24
617 3
1101 98
1280 96
361 66
3583 76
887 48
5056 42
4910 14
3123 73
4910 35
800 54
1 54
1642 75
6105 50
3185 5
1752 76
1389 2
1459 90
3375 25
4193 19
530 96
1389 32
2382 64
2413 87
724 87
1101 69
2619 8
3375 33
4193 79
309 53
617 27
4216 59
1 95
617 33
309 39
3123 88
1 32
1389 8
3185 86
1040 33
6575 88
742 52
271 83
1 3
3645 13
3332 69
1280 46
617 50
3130 17
3583 24
1752 89
2413 13
6105 74
2445 35
361 88
4216 66
2619 89
1752 13
4444 22
617 93
4212 31
1752 14
2382 98
1280 31
5161 47
2269 30
2904 69
1040 99
1 28
5377 40
1389 19
3332 53
4078 97
991 82
3375 9
2801 48
4212 63
25 52
5377 15
2619 16
742 35
617 8
742 99
2413 33
2137 45
4051 21
1 30
309 10
1589 72
527 89
1256 54
3488 1
2020 90
2946 72
361 28
2946 56
4212 87
4006 88
2801 62
800 84
6105 45
4212 11
1459 40
361 75
5672 49
530 72
4006 42
1040 70
991 59
5672 23
309 29
1752 65
5377 85
4212 40
25 14
2077 52
3583 74
2413 12
2498 25
5056 82
1589 77
979 63
2661 40
1642 98
742 11
1101 54
5377 40
2946 1
991 78
1642 82
4277 98
1642 16
2889 52
1 97
2518 72
1589 78
638 90
530 97
309 68
4212 17
5672 62
1389 87
2445 53
527 48
527 10
527 53
2518 80
1389 17
2020 75
361 78
3375 60
4193 48
527 54
1589 17
1459 90
1 79
2077 90
1589 65
2832 5
361 35
5377 92
2137 22
361 92
1589 58
2498 11
1642 26
1642 81
5377 65
1752 73
1752 76
2518 87
887 23
2020 17
7033 23
4910 44
530 36
530 51
4212 74
530 20
1389 64
1589 35
3736 97
1 97
3375 89
617 88
5672 37
742 14
6112 60
1 39
1404 7
979 98
1256 8
4910 5
1040 86
1389 56
1 76
617 76
5824 36
2661 21
530 55
617 12
3645 32
2518 37
6105 42
2020 23
617 23
309 80
2445 93
638 39
1 85
1040 94
2801 56
361 17
2801 76
4910 69
6112 85
309 63
1256 65
1 2
361 66
527 10
1459 84
1404 99
527 7
4212 47
4216 24
3241 63
3332 93
4910 99
2619 1
4277 57
309 27
309 93
1752 45
742 71
4212 94
1 40
1325 40
1752 34
361 12
2020 58
1389 17
271 44
2946 60
1280 88
2445 47
527 71
617 24
527 72
2518 15
530 70
5056 95
724 77
638 13
2413 62
1040 70
527 60
1389 99
2661 79
617 99
2137 62
2518 74
617 65
1642 78
2269 7
4212 24
724 72
1 44
6105 77
1459 6
1642 92
2661 42
1752 26
530 86
3130 82
3854 5
1589 1
3645 41
4212 100
4444 49
1009 2
1389 81
361 79
1642 78
4395 88
25 72
742 49
2077 32
2946 71
4193 93
2889 3
617 59
1642 86
724 1
2889 29
2619 80
1459 26
742 41
991 69
1589 86
1 97
361 94
2077 70
887 54
638 27
1642 26
309 3
1 15
1040 97
617 54
1 34
2137 39
6105 100
742 48
979 8
3332 71
2077 9
1589 22
5056 94
2137 42
4078 64
2801 60
4193 38
2946 38
2889 9
6112 31
2518 85
2366 98
3375 12
1642 45
1 36
2445 80
5672 71
4193 30
5056 12
2889 42
1101 50
2801 86
5672 65
5056 87
2498 58
1256 58
4212 83
2077 78
2498 96
2518 38
309 32
4212 82
4910 14
361 20
530 90
2020 91
6112 30
2413 97
2904 81
2904 37
5161 100
309 2
1101 92
617 30
724 12
4910 25
3375 48
527 99
1 12
3854 93
2020 87
2619 44
1009 1
617 23
2904 99
4193 36
1 42
742 99
1589 38
361 4
2077 84
2020 65
2413 25
800 32
1 5
1589 82
4216 9
5056 62
25 39
1459 72
2366 48
3241 18
1040 32
742 85
1280 7
527 60
2445 70
3185 88
1459 61
1589 55
2137 58
2137 58
2518 53
6112 40
617 45
6112 18
2445 43
3488 65
1152 29
4212 30
527 66
361 77
979 75
361 37
2801 94
2020 1
2498 41
5056 26
3375 12
1752 43
1 90
3130 51
361 92
1404 48
5056 5
617 19
1009 99
309 66
2445 60
361 88
4078 60
2518 31
742 60
1 49
3332 91
617 80
530 84
361 98
6575 86
1040 28
4051 6
1752 85
1101 44
2762 54
800 7
3332 93
7547 68
2889 73
1009 80
309 53
1009 38
2619 21
2801 4
1040 81
4277 48
6312 65
4212 46
742 95
800 76
1752 48
4216 51
2020 96
3241 61
800 10
2946 38
638 88
1040 87
617 22
742 90
4444 72
1589 51
4910 34
4910 55
6105 7
1109 93
3488 73
1 39
2269 11
5377 60
4078 17
638 35
2382 51
2020 38
3375 50
4212 15
4216 85
5056 24
25 76
1589 37
530 32
3645 10
2946 21
530 65
271 49
638 84
3375 5
5627 5
1040 64
1 13
1642 35
742 7
2946 78
800 85
2077 32
979 75
742 8
361 55
2020 55
1752 21
1752 12
25 46
2518 8
617 49
3241 6
3241 80
5161 33
887 7
4216 71
361 2
1642 88
617 7
1 22
309 5
1404 20
1589 16
2020 75
742 6
2904 61
4006 7
742 5
617 41
1325 21
4216 22
2518 81
2946 28
2832 38
1642 22
25 32
2889 76
4216 24
2137 86
6312 11
2518 59
1 26
3429 20
2518 68
1589 56
2518 92
5056 96
1 21
2077 54
2946 2
1 41
2445 25
271 25
1280 8
4212 100
3645 6
2832 38
309 55
1256 8
530 39
991 20
638 73
742 77
1 59
2518 61
530 100
2518 11
1642 70
1280 99
1 35
638 42
617 25
887 61
1642 22
25 23
1589 23
1040 14
2904 90
979 73
4277 20
742 80
991 94
4193 89
2518 39
3241 3
527 81
1101 77
1 34
1752 58
2498 3
638 61
527 55
617 57
1389 43
2619 28
361 67
3429 65
1404 80
1 33
2020 22
1589 82
2889 5
1 67
1256 78
2619 62
6105 42
2518 92
638 74
1 29
25 82
742 99
2832 65
2518 21
530 6
4216 12
1389 41
1752 73
4212 85
4216 65
800 20
361 51
1101 23
2946 86
2801 2
638 64
2020 47
638 75
4444 59
2020 31
1152 23
2445 58
1040 15
2762 4
3645 90
4277 50
309 98
25 75
309 19
1752 61
309 77
4193 100
638 81
5377 31
309 76
4212 20
3185 75
1459 33
1040 16
6112 58
617 77
3185 44
1404 8
3645 43
1256 88
742 90
309 66
2498 13
3488 5
1 5
530 39
617 32
724 91
2366 33
1752 9
724 61
4910 42
1256 46
4212 50
1009 73
2366 75
2518 38
991 60
800 21
1109 5
742 85
1 82
6112 72
1280 37
2518 44
2801 49
2366 82
2382 34
1459 15
638 20
742 84
2801 48
530 30
2077 90
895 87
5377 23
2269 40
1589 68
2077 3
1 71
742 38
638 12
1 39
1589 11
2077 81
6112 70
1389 4
742 24
309 85
887 16
1101 16
1 22
2518 67
2413 74
1109 33
7033 85
4193 32
742 55
309 39
2020 46
5377 47
1752 73
1589 28
1 88
2366 96
4277 37
1 34
309 26
25 84
800 59
2946 73
2801 64
527 46
1280 55
742 55
361 24
1642 35
2077 92
1752 17
638 48
617 52
2020 91
1 38
361 12
638 86
4216 44
2077 71
2020 49
1752 86
2518 16
742 89
2946 50
527 73
1101 89
1642 84
1589 3
4216 84
530 62
3130 12
2889 19
742 41
2077 7
1280 75
2077 95
2366 21
1040 59
887 34
361 31
1752 41
1 86
3123 60
1 66
3126 99
2518 44
309 65
5369 50
5377 44
309 69
1589 24
887 96
1 100
4212 76
2020 78
5672 73
3488 59
5672 62
2020 40
2020 30
3130 39
1101 84
742 83
2366 25
742 19
1752 39
1 80
2518 14
309 46
2366 15
1280 97
530 86
1589 71
617 6
527 13
2077 90
2498 30
2619 47
3130 48
4910 72
4216 91
2498 77
2498 28
530 93
1 99
5377 23
2889 90
617 9
5672 41
1152 27
309 50
1040 98
3130 54
2832 5
4910 74
309 79
2413 64
1642 7
1 21
5056 9
3044 79
3123 33
3123 56
1040 18
309 76
2366 94
309 10
638 4
25 75
4216 70
3332 62
1 40
4277 84
361 23
1 100
2904 14
4277 91
638 21
5672 64
1589 7
2518 82
1642 89
1630 74
1752 42
5161 50
3488 23
1040 86
1 8
617 89
530 7
1642 66
6105 47
2762 32
309 80
309 5
3375 37
1040 15
2946 4
3645 6
3241 47
1009 50
25 74
530 64
2445 50
1 6
3375 84
1 97
742 34
2889 17
6105 9
2366 19
3375 78
4193 76
1 36
2946 50
25 68
1752 12
1589 71
1404 49
6112 38
638 45
361 82
3332 52
1 86
2137 65
2518 43
2498 58
530 76
2518 52
5377 91
6105 96
1389 11
1752 14
361 20
1040 78
1589 93
1 2
1 51
2518 23
3241 38
527 4
4910 92
1589 78
4584 38
25 11
25 42
617 50
2762 50
1404 12
5377 38
2020 12
2889 30
1 26
2020 51
1 41
1280 14
6112 7
1404 82
309 14
1389 4
800 97
1256 88
1589 36
1 6
361 20
527 55
5377 5
2518 21
1040 55
4216 29
2366 81
617 17
887 78
309 91
25 95
2366 2
361 51
2518 93
742 31
617 27
4910 66
7033 60
527 42
742 34
4277 89
5377 48
4910 76
361 79
1389 90
2518 74
2889 83
6112 69
2445 66
527 11
309 13
309 38
2366 93
1589 34
2077 85
1280 50
361 8
979 91
2076 65
1009 9
5056 15
1 77
3854 99
6575 29
1280 14
309 84
4193 66
4212 25
5161 73
527 2
309 95
25 42
5672 44
309 22
4212 60
5161 93
2832 48
4193 7
1589 90
3185 63
1642 87
1589 80
2498 21
4910 60
2366 76
2366 7
5056 2
3241 19
2946 97
724 4
271 100
1642 1
309 33
4277 96
2077 22
1280 71
1101 31
617 67
3332 61
1101 79
2137 28
617 54
1109 97
1642 54
742 97
2077 85
4444 64
3854 28
979 36
5377 77
1009 14
3645 37
4193 21
1 91
1404 5
2269 43
5377 7
638 55
1009 53
991 100
2413 47
4277 99
4910 54
1280 50
1589 30
979 19
742 83
3645 56
4216 57
3645 93
1389 43
800 90
2889 36
3583 29
1389 22
3044 11
309 81
2518 46
2269 85
5161 30
5056 65
6575 100
638 74
1589 61
361 99
5056 43
2619 35
1109 35
361 48
2366 78
1 73
5377 31
6105 2
1101 92
2020 49
1389 8
1 83
3126 13
2382 52
1642 58
530 73
1280 41
3736 2
1040 44
1101 47
1 82
800 10
2762 63
2762 87
2137 66
2020 34
638 2
617 23
309 21
2801 57
3241 81
2518 83
2445 49
2946 66
800 81
3241 70
4820 59
1 30
361 85
309 18
2801 30
1009 76
3645 44
527 92
742 77
4216 4
4395 44
527 39
2889 92
2904 48
979 4
1101 41
6112 73
309 62
1280 47
800 92
4078 32
1 71
742 27
2077 73
2269 17
2904 38
1752 18
1 11
5377 81
638 56
1101 7
5377 47
3429 50
4910 56
530 82
991 9
1589 8
6112 79
724 61
527 83
4216 95
2946 45
1 19
3185 64
1 76
530 10
2762 5
1 91
2498 25
3123 57
4277 79
4444 73
1009 9
309 15
3044 14
2077 22
527 29
617 100
530 53
1389 12
800 85
1040 81
1152 94
638 26
638 84
1 48
2020 30
1589 87
617 48
4212 26
530 3
4216 25
309 36
2077 6
638 50
1040 45
530 98
1152 67
25 42
5377 48
361 92
3375 54
1040 4
2889 52
4051 12
2020 48
2137 82
5056 90
527 29
1256 46
2269 5
991 94
1040 41
742 43
1752 75
5672 70
3488 29
25 80
2889 13
2445 24
4910 90
638 16
361 26
6105 56
1101 15
3130 51
271 62
2889 44
638 16
800 67
309 97
530 1
4193 80
309 90
2020 33
6575 74
2946 10
1389 24
1589 4
2413 82
638 52
530 70
2518 80
2366 74
5672 44
271 14
1 3
1280 95
3429 64
1589 75
2498 3
3044 86
361 95
724 54
271 72
1109 11
530 28
4193 82
309 66
2020 49
1101 96
2445 8
1 33
979 52
25 4
2518 27
1642 90
1589 57
25 49
1040 71
3645 6
3736 9
617 45
5056 49
638 47
1 77
1325 57
617 41
724 72
1589 65
2518 93
6312 59
3130 52
6621 19
2366 61
724 2
2832 3
1589 92
2366 50
309 94
5056 21
979 82
1589 31
3429 1
3044 95
5056 68
309 100
1256 26
4051 4
2801 86
2889 41
1589 28
2020 55
2889 67
1 15
1642 95
2077 85
527 43
1 8
6112 56
638 95
2366 73
1642 48
309 23
2269 66
4216 88
2137 94
530 35
4078 54
1642 51
2269 72
1 85
1 76
3375 23
1642 77
2946 32
1589 61
3645 61
1459 7
1589 6
1642 95
1109 63
4277 40
361 30
2832 99
1280 12
3241 17
1589 97
3241 94
742 20
1589 78
1101 65
1256 5
3977 94
1101 58
309 10
25 89
1642 41
1459 47
5056 66
2904 46
1101 60
638 43
2904 23
530 74
2020 20
1 44
2077 59
527 73
2801 45
4216 31
2518 79
6312 51
724 37
1389 16
1 90
1 69
887 71
5056 42
2801 29
25 51
530 37
617 3
1752 54
617 82
1642 46
3185 7
1589 2
309 26
4584 22
3940 11
5056 86
2366 7
2366 68
1642 42
2518 50
2889 16
724 35
309 62
4212 72
1101 11
361 8
1325 94
617 71
4212 75
991 23
361 54
309 90
1589 1
4078 27
2801 50
742 24
2774 34
1404 85
1389 80
527 51
617 44
309 65
1256 20
3583 30
742 71
638 1
5377 63
4395 10
25 61
1 62
2946 10
2076 77
2269 92
2382 22
4212 37
1 47
1589 64
2366 29
1040 67
25 49
617 49
4212 24
1101 65
4910 70
1 67
1752 57
5377 64
4910 72
2801 66
1642 29
2946 11
1642 55
1 77
4910 50
25 53
2020 6
4444 60
4910 81
5672 75
1 6
527 36
3375 25
2946 99
3488 52
1752 53
5056 39
4216 8
309 72
2366 14
5672 100
527 27
4216 47
2077 82
2518 98
2077 15
1280 48
3332 57
2518 2
1040 58
4078 89
1 75
1 27
4584 99
4078 18
2137 87
2366 5
527 81
309 23
527 63
2889 28
4193 22
1589 34
2269 39
1101 87
2077 78
742 16
5056 92
2445 8
1 93
361 6
2020 52
3044 57
2518 67
6105 64
527 96
1009 25
617 3
2076 34
1389 72
638 25
6112 81
887 16
4216 7
4395 56
527 30
4216 65
1280 19
2661 75
309 52
4212 16
4216 95
6621 10
1589 94
3940 89
1389 78
4216 41
6112 95
4078 31
1 59
2518 69
309 69
638 11
4910 55
4193 69
2077 18
800 95
1256 79
5056 73
1 58
3375 10
6575 1
1101 14
6112 14
3185 57
1152 52
3375 76
2137 96
1280 80
1 4
361 69
530 41
2020 15
6575 4
2269 51
4910 47
2661 17
3375 55
309 58
530 4
2518 5
5672 79
742 44
1280 60
1280 35
1009 89
1 90
1 34
4277 49
742 9
2137 22
1404 98
1 89
2832 4
6105 13
1256 68
638 77
4193 62
742 71
742 35
5377 57
5377 58
3488 26
2801 26
3375 66
638 44
3375 58
1 72
2020 97
1642 86
530 93
1389 76
4051 64
742 48
1280 41
638 28
361 97
309 39
724 89
3332 97
800 71
742 83
4212 82
6621 57
6575 15
2445 65
1101 29
5377 33
5672 88
1389 18
2077 3
2946 53
530 29
617 52
2801 3
1280 95
4910 75
527 96
2801 34
2762 84
2269 33
1 72
309 80
361 69
309 90
2518 35
1642 79
309 71
979 100
979 55
2020 84
1040 58
4910 59
1 71
4212 100
4078 12
800 23
361 14
2619 16
2366 69
1 42
25 37
979 8
309 82
617 15
361 57
3488 8
309 41
742 52
1389 78
4212 2
6105 5
1109 14
2518 55
527 50
800 88
2077 4
361 75
1752 77
1589 3
1040 13
2498 89
5672 89
5824 71
1642 9
6105 52
4910 62
1589 62
25 65
991 86
271 97
638 87
3375 96
2413 80
2832 72
530 85
1040 80
1 12
979 21
530 62
2904 12
527 24
2518 52
3332 63
1152 61
361 99
2801 13
3429 9
25 10
3375 96
2137 69
527 94
2020 59
1109 51
5166 92
1 92
800 4
4212 91
2366 60
2762 81
4910 89
5672 30
1101 44
3123 24
2077 53
527 50
1589 51
2518 87
309 69
527 65
1 40
4193 57
638 40
1 87
638 17
5672 38
1752 2
1389 71
527 3
2020 61
527 90
1389 57
1404 60
361 5
2020 94
3241 14
361 13
2269 42
1040 91
2518 24
6575 68
1589 64
361 93
2518 46
1 52
4193 62
3583 26
1589 46
2445 62
3185 41
309 48
742 26
617 85
2269 58
617 89
887 40
991 54
271 28
887 87
527 31
2366 75
5377 4
742 27
887 7
2946 47
1389 88
3824 1
1152 93
3130 58
4212 38
271 57
4277 34
5377 31
2946 40
3375 60
1152 88
1101 91
4277 88
527 30
309 78
5377 19
1 56
5056 64
2904 25
638 2
25 31
2762 54
1 74
2762 22
1040 83
1 41
309 68
887 69
530 22
527 37
2269 56
4193 23
3375 37
5672 38
887 36
617 20
1101 47
1459 49
3429 60
5672 21
2832 37
2889 1
4444 3
1 29
1642 62
2946 27
1589 93
1404 20
4212 67
2946 14
5056 60
2801 89
617 4
1009 78
2619 36
2518 61
2445 96
2020 5
4584 60
1 36
527 20
1 16
617 2
2518 10
2076 81
724 52
2518 93
1040 46
527 16
2518 62
887 4
2946 79
530 38
1280 89
3583 59
1101 10
6105 68
1009 29
2518 60
3375 31
3583 3
2020 88
361 26
2382 21
1009 97
979 47
2832 31
742 43
2946 35
1101 24
1 43
4216 65
2832 51
3583 8
4910 91
1040 86
1 96
2137 12
1404 32
3375 71
742 92
3583 1
4051 24
2445 100
1589 19
3185 89
887 69
1101 28
1642 92
638 26
3241 58
2518 92
742 19
2413 65
1642 97
5672 16
2946 20
1 40
7033 18
1256 39
6112 32
638 86
5672 69
617 33
1 83
3645 15
800 62
3375 75
1 13
530 59
309 32
361 78
1642 93
361 6
2801 14
2269 37
2619 67
1109 71
1 78
1 30
1101 52
4212 55
4006 81
25 49
1404 23
5672 51
3583 48
527 85
1642 3
2518 17
2518 71
991 92
361 16
2801 64
25 16
2619 58
1256 54
1589 68
1752 75
4212 87
527 68
1 95
1642 3
530 27
742 28
5672 69
2832 37
2801 50
1 80
2445 54
2518 51
2077 73
2801 26
4216 91
2762 68
5369 78
3332 23
6112 3
309 54
724 78
617 96
5824 25
361 58
991 60
1 96
2498 79
527 24
2077 80
2366 69
3645 9
361 44
6112 39
2801 38
1752 47
309 91
4006 50
2020 92
530 5
3645 90
530 31
530 29
5369 86
4444 74
25 67
742 58
527 64
1 12
361 26
4193 12
1642 72
2832 38
1040 55
2077 98
4910 24
25 94
5672 1
638 29
309 49
5377 92
2076 30
1101 68
4910 4
2946 25
2366 72
3241 40
742 71
2518 65
4444 9
2020 64
6105 67
5056 1
2020 93
1 82
1 93
2762 40
2366 85
4444 90
887 19
530 49
4078 41
2518 68
2518 69
1642 46
4212 99
895 100
2946 46
3332 85
1389 47
3429 31
527 81
887 26
991 86
2077 12
724 83
309 19
742 11
25 82
2077 96
2946 60
4216 91
3332 55
4277 100
2518 23
361 4
2889 37
1 61
4216 12
2832 27
638 28
3429 12
1589 70
530 74
6112 92
1389 18
6105 6
5824 54
361 7
2020 51
1040 30
2020 32
5377 31
5056 10
2366 50
638 66
3130 40
2889 38
527 23
309 75
1256 43
2518 33
4395 40
1 66
1 12
2077 50
1459 37
2946 5
1040 19
617 89
2946 91
1389 56
3645 95
638 77
895 79
638 41
1101 31
3375 8
2413 75
2137 88
3429 49
3977 86
638 36
2946 24
2382 16
527 9
979 74
1389 97
887 68
4395 57
1280 94
2020 22
617 21
3130 85
1040 76
1 9
4212 33
1404 38
2774 27
991 70
1152 9
4212 85
724 2
3488 58
361 83
638 2
2020 59
4212 82
5377 28
2413 25
742 60
530 81
4212 26
1 29
1 65
1642 50
617 44
617 24
2413 82
2366 37
3583 49
742 60
5672 42
2498 17
4910 19
1 77
4212 93
1101 57
4910 54
530 9
617 96
4910 71
617 74
638 50
1 64
5377 95
3375 96
1280 28
2137 70
1589 100
1642 99
617 22
527 7
617 25
1 10
991 21
1040 12
3332 26
1752 88
7547 30
979 93
2801 21
3375 78
1101 53
617 62
3645 80
5161 26
742 1
2020 57
1389 52
309 42
1101 25
4216 23
4910 6
4212 79
742 52
271 73
6112 37
309 22
3241 47
1389 65
638 72
530 92
1589 83
5377 23
527 67
1404 41
527 54
361 81
1642 65
530 30
1 72
2889 13
724 81
2269 29
2077 66
1589 28
1109 88
271 97
1009 64
6112 36
991 11
1280 13
1642 15
1280 24
25 18
2946 99
991 41
309 84
1280 44
1256 73
25 34
1 50
742 13
1040 9
361 60
309 85
5798 75
4212 32
1009 92
2077 16
1280 37
527 25
5627 94
2413 78
3488 55
361 41
309 64
2269 15
6105 90
2020 52
5672 40
4910 66
2518 92
800 38
5377 23
1 16
5161 20
1 22
1 59
4212 73
617 36
742 34
4006 64
1 43
4212 78
3044 82
5161 91
1040 78
2946 78
638 36
309 62
2077 96
1 64
3123 9
4193 10
5056 73
1 37
2832 69
1 80
3185 11
1256 64
1 31
3375 73
2366 37
2518 10
2077 65
25 70
527 44
1752 8
1589 73
2020 11
1 4
6112 91
309 35
1 78
1280 98
1 79
1389 9
309 19
527 36
4277 99
1 16
2366 87
1101 23
271 88
2366 89
2946 48
1459 7
1 29
3332 98
3375 76
4212 74
1101 26
1752 4
3645 92
4212 4
1040 52
742 56
1280 7
724 70
4216 64
2077 99
361 32
2518 4
1459 98
361 91
1459 85
638 6
530 14
3332 80
3645 90
742 44
5056 59
3332 19
4193 48
1752 35
638 68
1389 97
1 30
527 93
5056 37
5377 35
2518 14
2020 49
3044 45
309 92
5672 98
887 62
2619 91
979 43
1101 88
1389 41
2137 99
1389 99
4212 38
1589 19
1642 83
4216 63
1642 16
1040 9
361 23
2661 45
1589 74
1 67
6105 44
1 99
5369 19
1642 23
2077 7
2946 5
1 57
3185 51
4212 22
2366 86
1101 88
1280 76
742 41
25 80
2366 54
527 53
638 23
617 1
1589 29
1 7
1389 33
2889 47
361 69
2413 79
3185 41
1040 73
361 83
309 47
3241 56
991 87
2445 8
2137 12
309 99
2020 33
530 42
25 79
3332 53
4212 20
1642 84
742 64
800 99
3241 74
4212 70
530 73
979 16
3824 50
1 81
1642 30
1389 49
638 16
2518 36
3185 93
527 87
1 84
979 12
1 63
1589 12
3645 42
617 51
2946 90
617 1
25 92
2946 26
3645 1
4212 2
1 21
1 36
742 52
3375 40
617 35
979 97
1389 79
2020 3
2076 90
1389 60
1325 81
1752 54
742 59
4212 77
1642 57
361 61
3130 80
1752 4
1101 21
6621 68
1101 52
1101 91
742 44
2020 56
3126 77
530 48
5056 70
1752 89
527 28
617 91
530 79
1 16
2762 86
1642 43
2137 80
530 79
1389 88
2366 37
979 80
1 2
6112 67
3241 6
1109 74
271 29
309 4
2445 50
2889 31
2020 76
1752 90
309 95
1752 6
1389 79
1 3
1589 23
1101 46
1589 49
530 30
3429 60
2366 78
1280 12
3736 52
724 82
2020 64
527 39
979 47
3429 22
1642 91
527 41
1 66
1589 40
742 17
1101 67
1404 43
1 72
1 81
617 25
1040 2
1 46
887 80
2518 98
6105 41
2498 68
361 9
1 17
1040 16
617 51
3044 22
1 7
2801 68
1642 30
309 57
5798 52
1280 96
6112 4
1404 15
1389 26
887 10
2518 6
3488 58
800 27
2445 8
2137 65
1752 64
2445 100
3241 95
4212 29
2137 28
2445 44
2946 71
5056 92
3130 5
361 50
1389 95
361 51
3332 87
2137 66
742 44
3332 89
1256 11
4006 78
2366 19
5161 43
3044 100
4395 87
527 7
5377 26
1642 17
742 42
638 5
617 17
4212 4
638 26
3130 46
2518 29
742 26
742 34
2269 82
2801 49
2413 78
2889 43
1752 83
742 56
309 62
2889 95
617 6
7547 85
3854 96
3241 36
4216 91
5369 77
2413 71
2077 44
3854 89
530 6
4006 33
1642 78
2889 17
3332 15
3185 65
1040 75
309 59
2366 75
530 48
6112 25
991 85
1009 5
1642 19
2445 60
887 75
742 41
6112 53
530 45
1589 68
361 39
4910 1
5377 10
2445 52
361 69
2498 100
1101 37
1009 55
742 81
25 54
2518 18
3185 78
3044 14
2020 56
887 20
2020 71
979 21
2762 50
2889 66
309 93
361 29
5672 2
4216 45
4216 14
1101 80
1 49
1389 47
3044 68
2801 63
1101 29
361 85
530 71
3241 37
1752 46
1 97
617 13
2498 94
530 24
979 61
887 33
6621 49
6105 74
1 89
2137 7
5824 85
2413 92
1752 52
1404 84
5672 89
2946 34
25 9
3332 48
2801 99
3185 59
3044 93
3375 29
5056 15
2137 100
2269 1
4212 30
5369 17
6112 49
25 44
1589 92
6112 85
5056 23
1642 19
1589 18
361 90
1040 47
4212 74
2946 19
2904 6
638 23
25 82
3375 13
527 13
617 29
638 99
5056 60
527 45
3375 14
2445 19
25 6
5672 36
3488 50
2076 80
2801 89
3645 80
1589 1
2518 86
742 98
724 89
3185 4
2077 32
5056 59
527 58
309 100
4910 2
3375 1
1642 47
3375 67
991 73
1009 24
638 45
6112 65
887 2
1040 67
527 88
979 16
2413 10
4216 13
309 91
2619 14
2946 88
3488 100
2946 2
1 70
25 44
1256 57
2661 8
4910 82
530 29
742 37
527 9
5161 77
638 2
527 37
6112 90
2020 58
3645 92
2445 91
1040 21
617 54
800 18
3977 5
4910 78
530 44
2413 63
742 80
1589 6
309 54
6112 36
3375 42
1589 86
361 6
309 3
2445 80
2801 4
4910 21
2020 35
4216 10
361 75
979 59
4216 53
1040 63
1589 69
3736 23
1752 10
4277 23
2889 16
1389 84
1389 64
1404 28
2801 31
2366 89
1 58
2413 17
4444 7
1101 96
309 11
2619 10
309 45
7547 57
2020 35
1 16
742 6
4910 6
527 48
3375 35
2889 87
1389 42
2774 7
742 59
4193 8
2518 4
309 64
1109 4
2832 99
