100 100 100
1 97
1 61
1 30
1 32
1 12
1 3
1 90
1 63
1 58
1 42
1 79
1 67
1 65
1 90
1 52
1 95
1 55
1 39
1 60
1 56
1 16
1 90
1 53
1 41
1 18
1 77
1 1
1 31
1 76
1 9
1 22
1 59
1 51
1 98
1 14
1 6
1 30
1 44
1 83
1 20
1 20
1 43
1 71
1 48
1 61
1 12
1 24
1 4
1 55
1 3
1 83
1 82
1 86
1 89
1 74
1 93
1 2
1 3
1 43
1 66
1 39
1 100
1 51
1 30
1 20
1 36
1 92
1 17
1 67
1 50
1 100
1 4
1 5
1 34
1 87
1 20
1 27
1 12
1 12
1 40
1 61
1 26
1 65
1 46
1 11
1 99
1 95
1 62
1 51
1 48
1 45
1 11
1 48
1 10
1 70
1 22
1 12
1 68
1 54
1 4
