100
218997 827904 851778 91781 585152 323948 835186 781348 932838 362377 815915 817835 142897 443600 269926 378773 215844 921212 495879 229872 215071 402984 243822 380278 241175 307739 647141 372504 565184 76397 707331 456712 986460 329999 686241 90562 300705 283213 777773 804946 155371 809466 411503 286120 721546 45010 323385 461556 786238 115448 1000000 1000000 1000000 1000000 1000000 1000000 1000000 1000000 1000000 1000000 1000000 1000000 1000000 1000000 1000000 1000000 1000000 1000000 1000000 1000000 1000000 1000000 1000000 1000000 1000000 1000000 1000000 1000000 1000000 1000000 1000000 1000000 1000000 1000000 1000000 1000000 1000000 1000000 1000000 1000000 0 91 0 93 0 95 0 97 0 1
100
1 1
1 100
100 100
49 73
13 92
1 61
2 62
3 63
4 64
5 65
6 66
7 67
8 68
9 69
10 70
11 71
12 72
13 73
14 74
15 75
16 76
17 77
18 78
19 79
20 80
21 81
22 82
23 83
24 84
25 85
26 86
27 87
28 88
29 89
30 90
31 91
32 92
33 93
34 94
35 95
36 96
37 97
38 98
39 99
40 100
91 91
91 92
91 93
91 94
91 95
91 96
91 97
91 98
91 99
92 92
92 93
92 94
92 95
92 96
92 97
92 98
92 99
93 93
93 94
93 95
93 96
93 97
93 98
93 99
94 94
94 95
94 96
94 97
94 98
94 99
95 95
95 96
95 97
95 98
95 99
96 96
96 97
96 98
96 99
97 97
97 98
97 99
98 98
98 99
99 99
22 39
14 96
3 62
19 48
2 13
6 15
1 67
18 72
43 74
55 86
